280	11	0	11	5
342	11	2	11	5
197	11	17	11	1
393	11	13	11	3
778	11	18	11	5
378	11	18	11	3
119	11	19	11	5
246	11	6	11	4
747	11	7	11	5
301	11	1	11	4
640	11	0	11	4
64	11	4	11	4
927	11	7	11	5
538	11	18	11	4
622	11	2	11	4
671	11	11	11	4
896	11	16	11	2
201	11	1	11	4
334	11	14	11	4
867	11	7	11	3
99	11	19	11	5
543	11	3	11	3
455	11	15	11	3
414	11	14	11	5
893	11	13	11	4
933	11	13	11	4
629	11	9	11	2
291	11	11	11	4
184	11	4	11	3
593	11	13	11	4
94	11	14	11	5
145	11	5	11	5
429	11	9	11	4
268	11	8	11	4
521	11	1	11	4
343	11	3	11	5
223	11	3	11	3
425	11	5	11	3
495	11	15	11	5
92	11	12	11	4
56	11	16	11	4
249	11	9	11	5
177	11	17	11	4
805	11	5	11	2
286	11	6	11	5
222	11	2	11	5
600	11	0	11	5
864	11	4	11	5
329	11	9	11	3
892	11	12	11	3
450	11	10	11	5
405	11	5	11	4
630	11	10	11	5
619	11	19	11	2
11	11	11	11	2
121	11	1	11	2
498	11	18	11	3
421	11	1	11	2
527	11	7	11	4
554	11	14	11	4
175	11	15	11	5
323	11	3	11	5
130	11	10	11	5
709	11	9	11	5
577	11	17	11	2
376	11	16	11	4
897	11	17	11	2
763	11	3	11	4
603	11	3	11	5
293	11	13	11	3
117	11	17	11	5
158	11	18	11	4
207	11	7	11	3
188	11	8	11	5
401	11	1	11	2
514	11	14	11	4
399	11	19	11	4
436	11	16	11	5
339	11	19	11	4
330	11	10	11	4
248	11	8	11	5
124	11	4	11	5
368	11	8	11	4
110	11	10	11	4
693	11	13	11	4
392	11	12	11	4
57	11	17	11	3
224	11	4	11	3
90	11	10	11	4
416	11	16	11	4
20	11	0	11	2
59	11	19	11	5
303	11	3	11	4
851	11	11	11	5
214	11	14	11	5
216	11	16	11	5
493	11	13	11	3
826	11	6	11	4
327	11	7	11	4
499	11	19	11	3
643	11	3	11	4
391	11	11	11	3
472	11	12	11	5
115	11	15	11	4
560	11	0	11	4
773	11	13	11	2
387	11	7	11	3
295	11	15	11	4
751	11	11	11	1
478	11	18	11	4
883	11	3	11	2
749	11	9	11	5
645	11	5	11	4
314	11	14	11	5
846	11	6	11	5
505	11	5	11	4
903	11	3	11	2
162	11	2	11	4
804	11	4	11	4
297	11	17	11	4
271	11	11	11	4
37	11	17	11	4
943	11	3	11	4
347	11	7	11	5
454	11	14	11	1
551	11	11	11	5
654	11	14	11	4
16	11	16	11	5
532	11	12	11	5
632	11	12	11	4
160	11	0	11	4
331	11	11	11	2
287	11	7	11	5
666	11	6	11	4
618	11	18	11	4
537	11	17	11	3
328	11	8	11	3
542	11	2	11	2
8	11	8	11	3
82	11	2	11	4
256	11	16	11	5
345	11	5	11	4
608	11	8	11	5
716	11	16	11	4
880	11	0	11	4
522	11	2	11	4
269	11	9	11	3
561	11	1	11	4
871	11	11	11	3
496	11	16	11	4
437	11	17	11	1
663	11	3	11	5
682	11	2	11	4
296	11	16	11	5
512	11	12	11	5
230	11	10	11	4
487	11	7	11	5
919	11	19	11	4
497	11	17	11	3
655	11	15	11	2
363	11	3	11	5
213	11	13	11	4
234	11	14	11	2
737	11	17	11	3
13	11	13	11	1
727	11	7	11	3
58	11	18	11	5
889	11	9	11	5
24	11	4	11	5
610	11	10	11	4
272	11	12	11	4
586	11	6	11	3
308	11	8	11	5
881	11	1	11	4
462	11	2	11	5
862	11	2	11	4
488	11	8	11	1
305	11	5	11	1
757	11	17	11	4
764	11	4	11	4
1	11	1	11	2
116	11	16	11	5
466	11	6	11	3
847	11	7	11	3
374	11	14	11	4
200	11	0	11	5
174	11	14	11	5
109	11	9	11	4
870	11	10	11	4
854	11	14	11	5
840	11	0	11	3
913	11	13	11	4
788	11	8	11	2
758	11	18	11	3
922	11	2	11	5
453	11	13	11	5
10	11	10	11	4
566	11	6	11	3
886	11	6	11	5
28	11	8	11	4
435	11	15	11	5
592	11	12	11	5
833	11	13	11	5
198	11	18	11	4
102	11	2	11	3
627	11	7	11	4
217	11	17	11	4
442	11	2	11	4
882	11	2	11	4
417	11	17	11	5
49	11	9	11	3
320	11	0	11	4
178	11	18	11	5
606	11	6	11	5
653	11	13	11	2
292	11	12	11	5
715	11	15	11	4
4	11	4	11	4
7	11	7	11	3
122	11	2	11	1
215	11	15	11	2
344	11	4	11	3
686	11	6	11	4
44	11	4	11	3
447	11	7	11	4
262	11	2	11	4
43	11	3	11	5
346	11	6	11	4
406	11	6	11	4
276	11	16	11	5
916	11	16	11	4
535	11	15	11	4
457	11	17	11	4
332	11	12	11	5
474	11	14	11	5
156	11	16	11	2
330	31	10	11	5
301	31	1	11	3
144	31	4	11	3
7	31	7	11	4
880	31	0	11	4
313	31	13	11	4
95	31	15	11	4
373	31	13	11	3
256	31	16	11	5
234	31	14	11	4
447	31	7	11	4
919	31	19	11	3
378	31	18	11	4
391	31	11	11	2
387	31	7	11	3
566	31	6	11	3
715	31	15	11	4
864	31	4	11	4
545	31	5	11	4
749	31	9	11	5
474	31	14	11	4
536	31	16	11	3
804	31	4	11	4
94	31	14	11	4
435	31	15	11	5
293	31	13	11	2
374	31	14	11	5
528	31	8	11	5
716	31	16	11	3
174	31	14	11	4
92	31	12	11	4
916	31	16	11	3
1	31	1	11	3
774	31	14	11	1
77	31	17	11	3
44	31	4	11	4
151	31	11	11	3
694	31	14	11	4
796	31	16	11	4
370	31	10	11	3
764	31	4	11	4
500	31	0	11	4
524	31	4	11	4
867	31	7	11	5
279	31	19	11	3
521	31	1	11	3
622	31	2	11	3
870	31	10	11	4
757	31	17	11	4
175	31	15	11	4
83	31	3	11	5
110	31	10	11	3
877	31	17	11	4
244	31	4	11	4
84	31	4	11	4
222	31	2	11	5
554	31	14	11	4
398	31	18	11	3
213	31	13	11	4
741	31	1	11	3
488	31	8	11	4
889	31	9	11	3
851	31	11	11	4
630	31	10	11	2
198	31	18	11	3
393	31	13	11	4
263	31	3	11	4
64	31	4	11	4
658	31	18	11	3
201	31	1	11	1
747	31	7	11	4
606	31	6	11	4
347	31	7	11	5
455	31	15	11	4
119	31	19	11	5
233	31	13	11	3
332	31	12	11	4
682	31	2	11	3
671	31	11	11	2
666	31	6	11	3
442	31	2	11	3
90	31	10	11	4
899	31	19	11	3
664	31	4	11	4
331	31	11	11	2
315	31	15	11	3
831	31	11	11	4
538	31	18	11	3
758	31	18	11	3
815	31	15	11	4
588	31	8	11	3
661	31	1	11	3
271	31	11	11	4
405	31	5	11	1
429	31	9	11	3
268	31	8	11	4
308	31	8	11	3
487	31	7	11	5
506	31	6	11	4
267	31	7	11	4
561	31	1	11	2
303	31	3	11	3
514	31	14	11	4
311	31	11	11	4
249	31	9	11	4
178	31	18	11	4
892	31	12	11	4
41	31	1	11	3
548	31	8	11	5
577	31	17	11	4
327	31	7	11	2
394	31	14	11	3
497	31	17	11	3
280	31	0	11	4
586	31	6	11	4
942	31	2	11	5
943	31	3	11	4
346	31	6	11	4
189	31	9	11	3
194	31	14	11	3
663	31	3	11	4
91	31	11	11	5
533	31	13	11	3
186	31	6	11	4
896	31	16	11	3
468	31	8	11	3
297	31	17	11	3
145	31	5	11	5
56	31	16	11	4
479	31	19	11	4
130	31	10	11	4
665	31	5	11	3
290	31	10	11	4
929	31	9	11	2
881	31	1	11	5
655	31	15	11	3
276	31	16	11	4
823	31	3	11	5
291	31	11	11	4
457	31	17	11	4
371	31	11	11	5
399	31	19	11	3
328	31	8	11	4
16	31	16	11	5
380	31	0	11	1
924	31	4	11	3
416	31	16	11	5
551	31	11	11	4
846	31	6	11	4
28	31	8	11	4
900	31	0	11	2
109	31	9	11	4
618	31	18	11	4
505	31	5	11	4
13	51	13	11	3
320	51	0	11	5
561	51	1	11	3
328	51	8	11	3
293	51	13	11	3
43	51	3	11	1
899	51	19	11	1
198	51	18	11	3
457	51	17	11	5
72	51	12	11	4
468	51	8	11	3
712	51	12	11	3
244	51	4	11	2
16	51	16	11	4
378	51	18	11	3
639	51	19	11	2
301	51	1	11	4
92	51	12	11	4
236	51	16	11	5
271	51	11	11	4
405	51	5	11	1
454	51	14	11	2
417	51	17	11	3
916	51	16	11	2
721	51	1	11	4
393	51	13	11	4
690	51	10	11	3
878	51	18	11	4
276	51	16	11	3
437	51	17	11	1
627	51	7	11	5
642	51	2	11	5
1	51	1	11	4
224	51	4	11	4
586	51	6	11	4
201	51	1	11	2
632	51	12	11	4
711	51	11	11	4
846	51	6	11	4
94	51	14	11	3
85	51	5	11	2
256	51	16	11	4
484	51	4	11	4
788	51	8	11	4
416	51	16	11	5
152	51	12	11	4
7	51	7	11	2
222	51	2	11	3
551	51	11	11	5
178	51	18	11	4
345	51	5	11	5
56	51	16	11	3
194	51	14	11	4
532	51	12	11	5
269	51	9	11	2
881	51	1	11	5
588	51	8	11	4
184	51	4	11	4
137	51	17	11	1
593	51	13	11	3
790	51	10	11	3
330	51	10	11	5
472	51	12	11	5
867	51	7	11	3
151	51	11	11	4
268	51	8	11	3
943	51	3	11	1
95	51	15	11	4
504	51	4	11	4
230	51	10	11	4
922	51	2	11	4
11	51	11	11	4
59	51	19	11	5
311	51	11	11	4
610	51	10	11	5
145	51	5	11	3
450	51	10	11	4
682	51	2	11	5
896	51	16	11	2
870	51	10	11	2
655	51	15	11	2
95	71	15	11	5
796	71	16	11	4
650	71	10	11	3
488	71	8	11	3
130	71	10	11	5
719	71	19	11	3
506	71	6	11	5
892	71	12	11	3
471	71	11	11	3
175	71	15	11	4
406	71	6	11	3
535	71	15	11	4
838	71	18	11	3
660	71	0	11	2
878	71	18	11	4
715	71	15	11	3
533	71	13	11	4
468	71	8	11	5
401	71	1	11	2
606	71	6	11	5
186	71	6	11	5
924	71	4	11	5
44	71	4	11	3
262	71	2	11	4
738	71	18	11	3
851	71	11	11	4
648	71	8	11	3
399	71	19	11	3
223	71	3	11	5
577	71	17	11	5
416	71	16	11	4
1	71	1	11	3
389	71	9	11	4
621	71	1	11	3
13	71	13	11	4
630	71	10	11	3
524	71	4	11	3
234	71	14	11	3
85	71	5	11	4
865	71	5	11	1
647	71	7	11	4
316	71	16	11	1
505	71	5	11	4
279	71	19	11	3
760	71	0	11	4
830	71	10	11	4
60	71	0	11	3
437	71	17	11	3
42	71	2	11	4
56	71	16	11	4
504	71	4	11	5
554	71	14	11	4
283	71	3	11	4
478	71	18	11	3
301	71	1	11	4
314	71	14	11	5
593	71	13	11	4
378	71	18	11	4
275	71	15	11	3
293	71	13	11	4
848	71	8	11	5
846	71	6	11	4
844	71	4	11	3
756	71	16	11	3
682	71	2	11	5
551	71	11	11	4
405	71	5	11	1
391	71	11	11	3
493	71	13	11	5
487	71	7	11	3
847	71	7	11	4
456	71	16	11	3
152	71	12	11	5
484	71	4	11	2
62	71	2	11	4
295	71	15	11	5
899	71	19	11	4
618	71	18	11	4
472	71	12	11	2
536	71	16	11	5
64	71	4	11	3
887	71	7	11	5
59	71	19	11	3
276	71	16	11	4
290	71	10	11	5
588	71	8	11	4
92	71	12	11	5
328	71	8	11	4
749	71	9	11	4
727	71	7	11	3
334	71	14	11	3
313	71	13	11	4
542	71	2	11	3
921	71	1	11	4
821	71	1	11	5
345	71	5	11	3
303	71	3	11	3
16	71	16	11	5
82	71	2	11	4
654	71	14	11	3
664	71	4	11	4
610	71	10	11	4
896	71	16	11	5
194	71	14	11	4
340	71	0	11	5
886	71	6	11	4
305	71	5	11	3
786	71	6	11	5
474	71	14	11	5
601	71	1	11	1
788	71	8	11	3
942	71	2	11	5
798	71	18	11	3
398	71	18	11	5
632	71	12	11	4
815	71	15	11	5
694	71	14	11	4
435	71	15	11	3
843	71	3	11	2
665	71	5	11	4
757	71	17	11	4
24	71	4	11	5
840	71	0	11	3
330	71	10	11	5
363	71	3	11	3
308	71	8	11	4
881	71	1	11	4
311	71	11	11	4
826	71	6	11	5
771	71	11	11	5
6	71	6	11	4
200	71	0	11	4
479	71	19	11	1
48	71	8	11	3
38	71	18	11	5
592	71	12	11	4
885	71	5	11	4
454	71	14	11	3
452	71	12	11	3
49	71	9	11	3
566	71	6	11	2
393	71	13	11	3
219	71	19	11	1
805	71	5	11	3
148	71	8	11	5
250	71	10	11	5
344	71	4	11	3
320	71	0	11	3
407	71	7	11	3
705	71	5	11	5
184	71	4	11	4
850	71	10	11	5
927	71	7	11	5
497	71	17	11	4
7	71	7	11	5
429	71	9	11	3
307	71	7	11	5
661	71	1	11	4
747	71	7	11	5
325	71	5	11	3
455	71	15	11	3
916	71	16	11	3
198	71	18	11	3
201	71	1	11	3
712	71	12	11	5
280	71	0	11	4
897	71	17	11	5
822	71	2	11	4
764	71	4	11	5
807	71	7	11	5
18	71	18	11	4
94	71	14	11	4
901	71	1	11	4
823	71	3	11	3
543	71	3	11	4
495	71	15	11	5
222	71	2	11	4
907	71	7	11	5
291	71	11	11	4
268	71	8	11	3
128	71	8	11	4
312	71	12	11	4
274	71	14	11	4
109	71	9	11	4
450	71	10	11	3
922	71	2	11	4
70	71	10	11	3
298	71	18	11	5
889	71	9	11	3
244	71	4	11	4
864	71	4	11	3
43	71	3	11	4
380	71	0	11	4
230	71	10	11	5
804	71	4	11	4
387	71	7	11	2
561	71	1	11	2
620	71	0	11	5
373	71	13	11	5
233	71	13	11	5
633	71	13	11	3
711	71	11	11	3
748	71	8	11	3
875	71	15	11	2
766	71	6	11	3
541	71	1	11	5
83	71	3	11	3
12	71	12	11	4
374	71	14	11	5
882	71	2	11	5
178	71	18	11	4
880	71	0	11	4
779	71	19	11	4
254	71	14	11	3
545	71	5	11	5
642	71	2	11	5
236	71	16	11	3
23	71	3	11	3
753	71	13	11	5
299	71	19	11	3
234	91	14	11	5
142	91	2	11	5
774	91	14	11	1
457	91	17	11	4
927	91	7	11	4
49	91	9	11	5
405	91	5	11	2
447	91	7	11	4
299	91	19	11	4
109	91	9	11	4
222	91	2	11	2
840	91	0	11	5
889	91	9	11	4
537	91	17	11	2
70	91	10	11	3
864	91	4	11	5
823	91	3	11	3
346	91	6	11	1
59	91	19	11	4
347	91	7	11	1
184	91	4	11	3
417	91	17	11	2
312	91	12	11	3
758	91	18	11	4
435	91	15	11	4
642	91	2	11	4
711	91	11	11	4
308	91	8	11	4
165	91	5	11	4
747	91	7	11	5
757	91	17	11	4
790	91	10	11	3
880	91	0	11	3
795	91	15	11	5
151	91	11	11	2
200	91	0	11	4
334	91	14	11	4
311	91	11	11	3
716	91	16	11	5
233	91	13	11	3
13	91	13	11	2
815	91	15	11	3
727	91	7	11	4
843	91	3	11	3
868	91	8	11	3
508	91	8	11	4
771	91	11	11	4
650	91	10	11	4
216	91	16	11	4
239	91	19	11	4
618	91	18	11	4
862	91	2	11	5
345	91	5	11	4
194	91	14	11	3
903	91	3	11	5
102	91	2	11	3
189	91	9	11	3
468	91	8	11	5
43	91	3	11	3
363	91	3	11	4
232	91	12	11	5
407	91	7	11	4
456	91	16	11	2
437	91	17	11	3
620	91	0	11	2
666	91	6	11	3
339	91	19	11	5
606	91	6	11	5
62	91	2	11	4
286	91	6	11	4
865	91	5	11	3
561	91	1	11	4
77	91	17	11	3
916	91	16	11	4
645	91	5	11	3
295	91	15	11	5
483	91	3	11	3
660	91	0	11	4
144	91	4	11	2
846	91	6	11	4
399	91	19	11	4
298	91	18	11	2
625	91	5	11	4
92	91	12	11	3
677	91	17	11	5
307	91	7	11	4
472	91	12	11	5
378	91	18	11	3
493	91	13	11	3
533	91	13	11	2
95	91	15	11	5
632	91	12	11	3
773	91	13	11	4
44	91	4	11	2
887	91	7	11	5
756	91	16	11	3
738	91	18	11	4
766	91	6	11	5
290	91	10	11	2
305	91	5	11	2
541	91	1	11	5
262	91	2	11	3
64	91	4	11	4
96	91	16	11	5
293	91	13	11	2
303	91	3	11	5
429	91	9	11	3
588	91	8	11	5
330	91	10	11	4
283	91	3	11	5
527	91	7	11	2
394	91	14	11	4
896	91	16	11	2
885	91	5	11	3
807	91	7	11	5
901	91	1	11	1
301	91	1	11	3
56	91	16	11	4
796	91	16	11	2
805	91	5	11	5
18	91	18	11	3
94	91	14	11	5
387	91	7	11	4
495	91	15	11	2
497	91	17	11	2
751	91	11	11	4
776	91	16	11	4
822	91	2	11	3
23	91	3	11	4
450	91	10	11	4
276	91	16	11	5
7	91	7	11	3
1	91	1	11	5
922	91	2	11	4
640	91	0	11	4
621	91	1	11	3
804	91	4	11	4
551	91	11	11	1
268	91	8	11	3
250	91	10	11	5
601	91	1	11	5
826	91	6	11	4
230	91	10	11	3
14	111	14	11	3
94	111	14	11	4
174	111	14	11	5
234	111	14	11	3
274	111	14	11	4
294	111	14	11	4
314	111	14	11	4
334	111	14	11	3
374	111	14	11	2
434	111	14	11	5
454	111	14	11	1
474	111	14	11	4
514	111	14	11	5
554	111	14	11	4
634	111	14	11	4
654	111	14	11	4
674	111	14	11	5
714	111	14	11	3
734	111	14	11	3
854	111	14	11	3
874	111	14	11	3
894	111	14	11	3
914	111	14	11	1
87	111	7	11	4
207	111	7	11	3
247	111	7	11	5
287	111	7	11	3
327	111	7	11	4
447	111	7	11	3
487	111	7	11	3
707	111	7	11	4
727	111	7	11	3
747	111	7	11	4
887	111	7	11	5
907	111	7	11	5
927	111	7	11	4
13	111	13	11	5
193	111	13	11	1
293	111	13	11	2
393	111	13	11	3
533	111	13	11	4
553	111	13	11	4
593	111	13	11	5
653	111	13	11	2
833	111	13	11	2
18	111	18	11	3
58	111	18	11	4
138	111	18	11	4
158	111	18	11	4
178	111	18	11	4
238	111	18	11	4
378	111	18	11	3
398	111	18	11	3
478	111	18	11	3
618	111	18	11	3
678	111	18	11	4
718	111	18	11	4
798	111	18	11	1
838	111	18	11	4
878	111	18	11	4
938	111	18	11	5
68	111	8	11	3
128	111	8	11	3
348	111	8	11	5
388	111	8	11	3
468	111	8	11	4
488	111	8	11	4
588	111	8	11	1
608	111	8	11	1
648	111	8	11	5
708	111	8	11	4
768	111	8	11	3
888	111	8	11	4
908	111	8	11	3
2	111	2	11	4
42	111	2	11	1
62	111	2	11	3
82	111	2	11	4
182	111	2	11	4
222	111	2	11	3
242	111	2	11	4
262	111	2	11	4
342	111	2	11	3
402	111	2	11	4
622	111	2	11	4
682	111	2	11	3
722	111	2	11	3
762	111	2	11	2
822	111	2	11	4
862	111	2	11	5
15	111	15	11	4
75	111	15	11	4
95	111	15	11	4
175	111	15	11	4
435	111	15	11	3
555	111	15	11	4
575	111	15	11	1
595	111	15	11	4
655	111	15	11	2
715	111	15	11	3
32	111	12	11	3
52	111	12	11	4
92	111	12	11	3
152	111	12	11	5
192	111	12	11	2
292	111	12	11	4
432	111	12	11	4
452	111	12	11	3
552	111	12	11	3
792	111	12	11	3
872	111	12	11	4
49	111	9	11	2
89	111	9	11	4
109	111	9	11	4
269	111	9	11	1
389	111	9	11	3
429	111	9	11	2
569	111	9	11	3
629	111	9	11	5
669	111	9	11	4
689	111	9	11	3
749	111	9	11	3
769	111	9	11	5
789	111	9	11	3
56	111	16	11	2
176	111	16	11	4
196	111	16	11	4
236	111	16	11	4
296	111	16	11	3
336	111	16	11	3
376	111	16	11	4
416	111	16	11	4
436	111	16	11	4
456	111	16	11	3
716	111	16	11	4
756	111	16	11	4
796	111	16	11	4
916	111	16	11	4
936	111	16	11	4
45	111	5	11	4
65	111	5	11	4
125	111	5	11	3
145	111	5	11	3
185	111	5	11	4
265	111	5	11	2
345	111	5	11	4
385	111	5	11	2
525	111	5	11	4
605	111	5	11	3
665	111	5	11	4
705	111	5	11	4
725	111	5	11	3
805	111	5	11	3
825	111	5	11	3
865	111	5	11	1
885	111	5	11	4
6	111	6	11	2
26	111	6	11	3
246	111	6	11	3
286	111	6	11	5
306	111	6	11	4
486	111	6	11	4
606	111	6	11	4
666	111	6	11	3
786	111	6	11	5
806	111	6	11	3
130	111	10	11	5
250	111	10	11	4
450	111	10	11	4
590	111	10	11	3
630	111	10	11	5
770	111	10	11	5
790	111	10	11	3
870	111	10	11	3
59	111	19	11	4
99	111	19	11	1
119	111	19	11	5
159	111	19	11	4
199	111	19	11	3
299	111	19	11	3
459	111	19	11	3
479	111	19	11	4
579	111	19	11	4
599	111	19	11	5
639	111	19	11	2
679	111	19	11	3
699	111	19	11	3
779	111	19	11	4
839	111	19	11	4
859	111	19	11	4
879	111	19	11	4
899	111	19	11	4
919	111	19	11	4
64	111	4	11	4
84	111	4	11	4
104	111	4	11	1
244	111	4	11	4
304	111	4	11	3
344	111	4	11	4
484	111	4	11	4
524	111	4	11	5
624	111	4	11	3
684	111	4	11	4
764	111	4	11	4
864	111	4	11	3
904	111	4	11	4
11	111	11	11	4
151	111	11	11	4
251	111	11	11	3
271	111	11	11	4
551	111	11	11	5
711	111	11	11	2
751	111	11	11	3
771	111	11	11	4
851	111	11	11	3
891	111	11	11	3
931	111	11	11	3
180	111	0	11	5
280	111	0	11	4
500	111	0	11	4
540	111	0	11	4
560	111	0	11	3
760	111	0	11	4
880	111	0	11	4
43	111	3	11	4
63	111	3	11	3
83	111	3	11	3
223	111	3	11	4
243	111	3	11	4
303	111	3	11	3
403	111	3	11	4
463	111	3	11	2
543	111	3	11	4
643	111	3	11	4
663	111	3	11	3
763	111	3	11	2
823	111	3	11	4
903	111	3	11	3
943	111	3	11	4
1	111	1	11	5
81	111	1	11	3
101	111	1	11	2
181	111	1	11	3
301	111	1	11	1
361	111	1	11	3
401	111	1	11	4
501	111	1	11	3
541	111	1	11	1
721	111	1	11	4
821	111	1	11	4
901	111	1	11	3
921	111	1	11	4
17	111	17	11	3
57	111	17	11	4
157	111	17	11	3
277	111	17	11	4
297	111	17	11	3
357	111	17	11	5
417	111	17	11	3
437	111	17	11	3
457	111	17	11	3
477	111	17	11	5
497	111	17	11	4
517	111	17	11	3
537	111	17	11	3
577	111	17	11	4
597	111	17	11	3
637	111	17	11	3
657	111	17	11	5
717	111	17	11	4
837	111	17	11	4
877	111	17	11	3
751	131	11	11	5
91	131	11	11	2
25	131	5	11	4
151	131	11	11	5
806	131	6	11	4
389	131	9	11	3
6	131	6	11	5
342	131	2	11	5
305	131	5	11	3
271	131	11	11	4
537	131	17	11	4
262	131	2	11	5
553	131	13	11	5
892	131	12	11	4
417	131	17	11	4
391	131	11	11	2
766	131	6	11	3
479	131	19	11	3
913	131	13	11	5
450	131	10	11	4
539	131	19	11	4
18	131	18	11	4
667	131	7	11	5
312	131	12	11	5
474	131	14	11	4
339	131	19	11	5
932	131	12	11	4
632	131	12	11	4
321	131	1	11	4
870	131	10	11	4
659	131	19	11	4
178	131	18	11	4
790	131	10	11	2
198	131	18	11	3
326	131	6	11	2
43	131	3	11	3
385	131	5	11	4
875	131	15	11	4
1	131	1	11	1
835	131	15	11	5
23	131	3	11	4
815	131	15	11	2
407	131	7	11	3
561	131	1	11	4
655	131	15	11	2
109	131	9	11	1
618	131	18	11	4
311	131	11	11	3
601	131	1	11	4
698	131	18	11	4
454	131	14	11	3
650	131	10	11	3
234	131	14	11	3
535	131	15	11	4
517	131	17	11	3
373	131	13	11	4
327	131	7	11	4
727	131	7	11	2
758	131	18	11	3
693	131	13	11	3
345	131	5	11	4
214	131	14	11	3
334	131	14	11	4
279	131	19	11	1
437	131	17	11	5
661	131	1	11	3
189	131	9	11	4
918	131	18	11	3
90	131	10	11	5
694	131	14	11	5
128	131	8	11	5
207	131	7	11	3
313	131	13	11	4
741	131	1	11	4
42	131	2	11	2
524	131	4	11	5
942	131	2	11	5
308	131	8	11	4
704	131	4	11	5
492	131	12	11	3
882	131	2	11	4
7	131	7	11	5
716	131	16	11	5
60	131	0	11	4
269	131	9	11	5
59	131	19	11	4
934	131	14	11	4
846	131	6	11	3
354	131	14	11	3
642	131	2	11	3
406	131	6	11	2
588	131	8	11	5
379	131	19	11	5
593	131	13	11	4
608	131	8	11	4
406	151	6	11	2
592	151	12	11	4
339	151	19	11	4
483	151	3	11	2
653	151	13	11	3
789	151	9	11	2
245	151	5	11	3
749	151	9	11	5
892	151	12	11	4
497	151	17	11	3
299	151	19	11	4
897	151	17	11	5
807	151	7	11	4
674	151	14	11	2
792	151	12	11	3
553	151	13	11	5
279	151	19	11	4
181	151	1	11	2
852	151	12	11	4
872	151	12	11	2
847	151	7	11	4
1	151	1	11	4
834	151	14	11	4
93	151	13	11	1
868	151	8	11	5
714	151	14	11	3
389	151	9	11	4
848	151	8	11	4
923	151	3	11	4
890	151	10	11	5
251	151	11	11	5
231	151	11	11	1
117	151	17	11	4
854	151	14	11	4
382	151	2	11	4
765	151	5	11	4
402	151	2	11	5
486	151	6	11	2
94	151	14	11	5
654	151	14	11	4
788	151	8	11	1
745	151	5	11	2
768	151	8	11	2
151	151	11	11	5
6	151	6	11	3
422	151	2	11	4
82	151	2	11	2
5	151	5	11	3
708	151	8	11	4
394	151	14	11	5
711	151	11	11	4
705	151	5	11	3
53	151	13	11	4
71	151	11	11	1
648	151	8	11	2
790	151	10	11	4
582	151	2	11	4
25	151	5	11	4
830	151	10	11	3
57	151	17	11	3
26	151	6	11	3
588	151	8	11	4
837	151	17	11	5
289	151	9	11	2
642	151	2	11	3
17	151	17	11	4
930	151	10	11	2
934	151	14	11	3
864	151	4	11	5
921	151	1	11	3
665	151	5	11	3
548	151	8	11	1
796	151	16	11	5
682	151	2	11	5
45	151	5	11	2
901	151	1	11	3
429	151	9	11	5
508	151	8	11	5
297	151	17	11	3
911	151	11	11	5
844	151	4	11	4
46	151	6	11	4
722	151	2	11	5
59	151	19	11	5
20	151	0	11	3
883	151	3	11	5
756	151	16	11	4
804	151	4	11	3
269	151	9	11	5
60	151	0	11	5
606	151	6	11	5
716	151	16	11	5
862	151	2	11	5
293	151	13	11	4
7	151	7	11	4
348	151	8	11	3
764	151	4	11	4
67	151	7	11	4
160	151	0	11	4
81	151	1	11	2
881	151	1	11	2
882	151	2	11	5
174	151	14	11	3
770	151	10	11	5
308	151	8	11	4
457	151	17	11	5
922	151	2	11	5
684	151	4	11	3
757	151	17	11	4
625	151	5	11	3
337	151	17	11	5
664	151	4	11	4
200	151	0	11	3
821	151	1	11	4
345	151	5	11	5
75	151	15	11	5
536	151	16	11	3
95	151	15	11	4
101	151	1	11	3
761	151	1	11	2
268	151	8	11	3
524	151	4	11	1
188	151	8	11	3
943	151	3	11	4
357	151	17	11	5
843	151	3	11	2
496	151	16	11	3
741	151	1	11	3
168	151	8	11	5
215	151	15	11	5
148	151	8	11	4
128	151	8	11	3
549	151	9	11	3
380	151	0	11	4
313	151	13	11	1
434	151	14	11	5
504	151	4	11	4
730	151	10	11	4
545	151	5	11	4
569	151	9	11	5
484	151	4	11	4
295	151	15	11	4
70	151	10	11	3
42	151	2	11	4
162	151	2	11	3
247	151	7	11	4
938	151	18	11	4
460	151	0	11	3
424	151	4	11	2
395	151	15	11	3
918	151	18	11	2
189	151	9	11	5
500	151	0	11	3
878	151	18	11	1
214	151	14	11	5
677	151	17	11	4
90	151	10	11	2
344	151	4	11	5
246	151	6	11	5
525	151	5	11	5
435	151	15	11	3
798	151	18	11	3
560	151	0	11	3
657	151	17	11	4
505	151	5	11	3
416	151	16	11	3
580	151	0	11	2
554	151	14	11	4
257	151	17	11	4
621	151	1	11	5
620	151	0	11	4
758	151	18	11	5
244	151	4	11	5
637	151	17	11	5
495	151	15	11	5
640	151	0	11	4
374	151	14	11	3
535	151	15	11	4
327	151	7	11	4
465	151	5	11	3
738	151	18	11	4
666	151	6	11	2
660	151	0	11	5
595	151	15	11	5
534	151	14	11	4
286	151	6	11	5
601	151	1	11	3
680	151	0	11	5
347	151	7	11	3
658	151	18	11	5
396	151	16	11	3
109	151	9	11	5
885	151	5	11	4
618	151	18	11	3
14	151	14	11	5
141	151	1	11	2
336	151	16	11	1
445	151	5	11	4
561	151	1	11	2
150	151	10	11	4
365	151	5	11	4
597	151	17	11	4
373	151	13	11	4
387	151	7	11	3
518	151	18	11	3
407	151	7	11	4
305	151	5	11	4
498	151	18	11	4
296	151	16	11	2
823	151	3	11	4
541	151	1	11	3
478	151	18	11	5
84	151	4	11	4
222	151	2	11	3
521	151	1	11	3
916	151	16	11	3
880	151	0	11	4
64	151	4	11	3
907	151	7	11	4
234	151	14	11	3
940	151	0	11	3
44	151	4	11	4
250	151	10	11	4
795	151	15	11	3
447	151	7	11	3
89	151	9	11	5
24	151	4	11	5
577	151	17	11	4
815	151	15	11	4
69	151	9	11	5
378	151	18	11	3
23	151	3	11	3
437	151	17	11	5
501	151	1	11	4
254	151	14	11	2
919	151	19	11	4
43	151	3	11	4
276	151	16	11	5
895	151	15	11	5
54	151	14	11	2
669	151	9	11	5
385	151	5	11	2
290	151	10	11	2
899	151	19	11	2
32	151	12	11	3
763	151	3	11	4
417	151	17	11	5
256	151	16	11	5
52	151	12	11	5
879	151	19	11	3
298	151	18	11	3
859	151	19	11	2
537	151	17	11	2
236	151	16	11	2
238	151	18	11	2
83	151	3	11	3
689	151	9	11	3
471	151	11	11	2
401	151	1	11	1
198	151	18	11	4
216	151	16	11	3
277	151	17	11	3
381	151	1	11	5
330	151	10	11	4
49	151	9	11	5
132	151	12	11	3
203	151	3	11	4
699	151	19	11	3
152	151	12	11	4
176	151	16	11	4
294	151	14	11	5
243	151	3	11	3
887	151	7	11	5
453	151	13	11	3
430	151	10	11	4
292	151	12	11	5
138	151	18	11	4
283	151	3	11	4
354	151	14	11	3
312	151	12	11	2
56	151	16	11	4
301	151	1	11	2
932	151	12	11	3
58	151	18	11	3
303	151	3	11	5
291	151	11	11	5
663	151	3	11	3
18	151	18	11	3
62	151	2	11	5
650	151	10	11	3
213	151	13	11	5
707	151	7	11	4
432	151	12	11	4
933	151	13	11	4
323	151	3	11	4
346	151	6	11	4
314	151	14	11	4
16	151	16	11	5
479	151	19	11	4
913	151	13	11	4
893	151	13	11	4
472	151	12	11	3
450	151	10	11	5
805	151	5	11	5
221	151	1	11	1
399	151	19	11	2
833	151	13	11	4
532	151	12	11	5
908	151	8	11	3
285	151	5	11	5
363	151	3	11	4
493	151	13	11	3
793	151	13	11	5
889	151	9	11	3
490	151	10	11	1
552	151	12	11	3
403	151	3	11	4
265	151	5	11	2
733	151	13	11	4
334	151	14	11	4
379	151	19	11	4
533	151	13	11	3
869	151	9	11	5
463	151	3	11	4
829	151	9	11	4
474	151	14	11	3
440	171	0	11	5
286	171	6	11	4
397	171	17	11	5
474	171	14	11	4
73	171	13	11	5
385	171	5	11	3
409	171	9	11	4
493	171	13	11	5
449	171	9	11	4
913	171	13	11	3
930	171	10	11	1
207	171	7	11	3
214	171	14	11	4
276	171	16	11	4
828	171	8	11	3
363	171	3	11	5
201	171	1	11	3
62	171	2	11	4
537	171	17	11	3
305	171	5	11	5
23	171	3	11	5
7	171	7	11	3
382	171	2	11	3
875	171	15	11	5
894	171	14	11	3
452	171	12	11	4
565	171	5	11	5
303	171	3	11	4
658	171	18	11	4
854	171	14	11	4
118	171	18	11	5
269	171	9	11	5
58	171	18	11	5
758	171	18	11	5
308	171	8	11	4
855	171	15	11	3
151	171	11	11	5
244	171	4	11	5
334	171	14	11	4
886	171	6	11	4
425	171	5	11	3
870	171	10	11	4
49	171	9	11	4
561	171	1	11	5
756	171	16	11	4
1	171	1	11	5
763	171	3	11	3
405	171	5	11	1
354	171	14	11	4
889	171	9	11	4
585	171	5	11	3
655	171	15	11	2
299	171	19	11	4
916	171	16	11	4
435	171	15	11	5
417	171	17	11	3
90	171	10	11	2
773	171	13	11	5
940	171	0	11	2
92	171	12	11	4
498	171	18	11	3
114	171	14	11	4
239	171	19	11	5
737	171	17	11	4
535	171	15	11	3
592	191	12	11	5
601	191	1	11	4
393	191	13	11	3
838	191	18	11	5
527	191	7	11	5
222	191	2	11	2
83	191	3	11	4
409	191	9	11	5
660	191	0	11	4
892	191	12	11	5
661	191	1	11	4
62	191	2	11	5
154	191	14	11	4
72	191	12	11	5
214	191	14	11	4
566	191	6	11	4
182	191	2	11	4
296	191	16	11	5
723	191	3	11	3
290	191	10	11	3
655	191	15	11	4
52	191	12	11	5
645	191	5	11	5
416	191	16	11	5
798	191	18	11	4
763	191	3	11	4
455	191	15	11	5
318	191	18	11	5
204	191	4	11	4
505	191	5	11	3
498	191	18	11	4
493	191	13	11	4
468	191	8	11	4
870	191	10	11	3
833	191	13	11	4
12	191	12	11	5
495	191	15	11	3
43	191	3	11	5
373	191	13	11	4
533	191	13	11	4
481	191	1	11	5
279	191	19	11	3
712	191	12	11	3
202	191	2	11	2
846	191	6	11	5
653	191	13	11	5
577	191	17	11	4
6	191	6	11	4
327	191	7	11	4
669	191	9	11	3
758	191	18	11	5
487	191	7	11	4
244	191	4	11	5
835	191	15	11	4
919	191	19	11	5
345	191	5	11	5
749	191	9	11	4
630	191	10	11	3
18	191	18	11	4
23	191	3	11	3
419	191	19	11	4
823	191	3	11	5
867	191	7	11	5
201	191	1	11	4
378	191	18	11	5
670	191	10	11	4
161	191	1	11	2
804	191	4	11	4
764	191	4	11	3
184	191	4	11	4
286	191	6	11	4
11	191	11	11	4
562	191	2	11	5
392	191	12	11	5
618	191	18	11	4
889	191	9	11	4
391	191	11	11	3
705	191	5	11	1
561	191	1	11	3
106	191	6	11	5
114	191	14	11	3
542	191	2	11	5
864	191	4	11	4
499	191	19	11	5
125	191	5	11	5
237	191	17	11	4
465	191	5	11	4
398	191	18	11	4
58	191	18	11	5
881	191	1	11	5
886	191	6	11	5
77	191	17	11	3
59	191	19	11	4
716	191	16	11	5
299	191	19	11	4
233	191	13	11	4
698	191	18	11	2
568	191	8	11	4
940	191	0	11	4
882	191	2	11	5
711	191	11	11	5
704	191	4	11	3
874	191	14	11	4
303	191	3	11	5
902	191	2	11	5
795	191	15	11	4
180	191	0	11	4
311	191	11	11	4
94	191	14	11	5
97	191	17	11	5
85	191	5	11	4
932	191	12	11	4
625	191	5	11	3
151	191	11	11	3
666	191	6	11	4
7	191	7	11	5
903	191	3	11	5
934	191	14	11	5
41	191	1	11	4
854	191	14	11	4
922	191	2	11	3
514	191	14	11	5
389	191	9	11	5
64	191	4	11	4
200	191	0	11	5
1	191	1	11	5
615	191	15	11	5
450	191	10	11	5
458	191	18	11	5
506	191	6	11	4
543	191	3	11	4
308	191	8	11	4
530	191	10	11	5
249	191	9	11	4
472	191	12	11	5
786	191	6	11	4
629	191	9	11	3
648	191	8	11	5
776	191	16	11	5
301	191	1	11	3
234	191	14	11	4
342	191	2	11	5
664	191	4	11	3
686	191	6	11	5
10	191	10	11	5
591	191	11	11	5
605	191	5	11	5
682	191	2	11	3
532	191	12	11	5
559	191	19	11	5
571	191	11	11	4
305	191	5	11	3
508	191	8	11	5
781	191	1	11	4
474	191	14	11	5
848	191	8	11	5
796	191	16	11	4
95	191	15	11	5
790	191	10	11	3
13	191	13	11	3
457	191	17	11	5
896	191	16	11	4
665	191	5	11	3
536	191	16	11	4
268	191	8	11	4
187	191	7	11	5
24	191	4	11	5
262	191	2	11	4
297	191	17	11	3
805	191	5	11	4
868	191	8	11	3
14	191	14	11	4
271	191	11	11	5
44	191	4	11	4
516	191	16	11	4
429	191	9	11	5
639	191	19	11	3
194	191	14	11	4
553	191	13	11	4
312	191	12	11	5
847	191	7	11	4
524	191	4	11	4
207	191	7	11	4
843	191	3	11	3
840	191	0	11	4
285	191	5	11	4
911	191	11	11	5
321	191	1	11	3
188	191	8	11	3
496	191	16	11	5
385	191	5	11	2
650	191	10	11	4
82	191	2	11	4
316	191	16	11	5
313	191	13	11	5
360	191	0	11	4
627	191	7	11	4
632	191	12	11	5
148	191	8	11	1
659	191	19	11	5
215	191	15	11	4
116	191	16	11	4
354	191	14	11	4
606	191	6	11	5
235	191	15	11	4
387	191	7	11	4
189	191	9	11	5
128	191	8	11	4
538	191	18	11	5
232	191	12	11	4
275	191	15	11	4
243	191	3	11	5
379	191	19	11	5
212	191	12	11	3
512	191	12	11	4
567	191	7	11	3
334	191	14	11	4
721	191	1	11	3
250	191	10	11	5
16	191	16	11	5
48	191	8	11	5
269	191	9	11	5
56	191	16	11	4
343	191	3	11	5
70	191	10	11	3
452	191	12	11	5
152	191	12	11	5
381	191	1	11	5
699	191	19	11	3
521	191	1	11	4
295	191	15	11	5
406	191	6	11	5
727	191	7	11	4
815	191	15	11	5
488	191	8	11	3
426	191	6	11	4
773	191	13	11	4
339	191	19	11	5
694	191	14	11	5
928	191	8	11	5
537	191	17	11	4
480	191	0	11	4
693	191	13	11	2
456	191	16	11	3
642	191	2	11	4
734	191	14	11	4
738	191	18	11	4
407	191	7	11	5
913	191	13	11	5
888	191	8	11	5
554	191	14	11	5
417	191	17	11	5
707	191	7	11	5
325	191	5	11	3
226	191	6	11	4
144	191	4	11	4
236	191	16	11	4
90	191	10	11	5
425	191	5	11	3
435	191	15	11	4
454	191	14	11	4
401	191	1	11	4
224	191	4	11	4
344	191	4	11	5
878	191	18	11	4
766	191	6	11	4
65	191	5	11	4
198	191	18	11	4
109	191	9	11	4
405	191	5	11	4
880	191	0	11	5
122	191	2	11	5
437	191	17	11	4
494	191	14	11	4
799	191	19	11	3
92	191	12	11	4
208	211	8	11	5
924	211	4	11	3
503	211	3	11	5
65	211	5	11	4
903	211	3	11	5
14	211	14	11	4
738	211	18	11	3
188	211	8	11	4
862	211	2	11	5
283	211	3	11	4
543	211	3	11	4
883	211	3	11	5
279	211	19	11	4
560	211	0	11	4
90	211	10	11	5
727	211	7	11	4
479	211	19	11	4
274	211	14	11	5
716	211	16	11	5
350	211	10	11	2
321	211	1	11	4
125	211	5	11	3
379	211	19	11	5
91	211	11	11	2
59	211	19	11	5
698	211	18	11	2
94	211	14	11	5
328	211	8	11	4
660	211	0	11	4
524	211	4	11	5
346	211	6	11	4
860	211	0	11	3
514	211	14	11	3
151	211	11	11	5
693	211	13	11	2
85	211	5	11	5
412	211	12	11	4
269	211	9	11	4
452	211	12	11	2
435	211	15	11	4
535	211	15	11	4
109	211	9	11	5
201	211	1	11	3
160	211	0	11	4
833	211	13	11	3
918	211	18	11	2
882	211	2	11	4
447	211	7	11	4
237	211	17	11	4
299	211	19	11	4
846	211	6	11	2
106	211	6	11	4
340	211	0	11	3
753	211	13	11	4
19	211	19	11	4
934	211	14	11	4
87	211	7	11	5
704	211	4	11	5
450	211	10	11	5
138	211	18	11	4
6	211	6	11	5
437	211	17	11	4
246	211	6	11	4
484	211	4	11	4
500	211	0	11	3
23	211	3	11	4
42	211	2	11	4
406	211	6	11	5
648	211	8	11	4
398	211	18	11	4
867	211	7	11	3
297	211	17	11	4
830	211	10	11	4
638	211	18	11	4
615	211	15	11	5
495	211	15	11	5
758	211	18	11	4
308	211	8	11	4
682	211	2	11	4
272	211	12	11	5
311	211	11	11	3
82	211	2	11	4
293	211	13	11	4
103	211	3	11	3
389	211	9	11	4
215	211	15	11	4
64	211	4	11	4
690	211	10	11	3
804	211	4	11	4
933	211	13	11	4
385	211	5	11	3
426	211	6	11	4
429	211	9	11	5
254	211	14	11	3
796	211	16	11	3
607	211	7	11	5
488	211	8	11	4
875	211	15	11	5
417	211	17	11	4
694	211	14	11	5
932	211	12	11	5
774	211	14	11	3
230	211	10	11	5
313	211	13	11	5
593	211	13	11	4
659	211	19	11	3
766	211	6	11	4
290	211	10	11	3
70	211	10	11	3
338	211	18	11	4
207	211	7	11	5
38	211	18	11	1
454	211	14	11	2
890	211	10	11	2
788	211	8	11	4
43	211	3	11	4
235	211	15	11	5
476	211	16	11	5
645	211	5	11	4
326	211	6	11	4
401	211	1	11	4
655	211	15	11	3
606	211	6	11	5
653	211	13	11	1
508	211	8	11	3
407	211	7	11	4
296	211	16	11	4
538	211	18	11	4
387	211	7	11	4
60	211	0	11	4
527	211	7	11	4
533	211	13	11	4
312	211	12	11	4
288	211	8	11	5
327	211	7	11	3
416	211	16	11	5
591	211	11	11	4
823	211	3	11	5
481	211	1	11	5
504	211	4	11	4
916	211	16	11	4
325	211	5	11	3
210	211	10	11	5
318	211	18	11	5
298	211	18	11	5
623	211	3	11	3
790	211	10	11	4
749	211	9	11	5
264	211	4	11	5
405	211	5	11	1
901	211	1	11	4
707	211	7	11	3
5	211	5	11	4
1	211	1	11	3
807	211	7	11	4
380	211	0	11	3
13	211	13	11	4
268	211	8	11	4
843	211	3	11	2
194	211	14	11	4
561	211	1	11	4
18	211	18	11	5
234	211	14	11	3
692	211	12	11	4
896	211	16	11	4
315	211	15	11	4
10	211	10	11	5
102	211	2	11	3
666	211	6	11	4
643	211	3	11	4
523	211	3	11	4
897	211	17	11	5
747	211	7	11	5
537	211	17	11	4
169	211	9	11	5
373	211	13	11	4
551	211	11	11	5
156	211	16	11	4
154	211	14	11	4
7	211	7	11	5
44	211	4	11	4
506	211	6	11	4
271	211	11	11	5
868	211	8	11	3
650	211	10	11	4
456	211	16	11	4
786	211	6	11	4
11	211	11	11	3
95	211	15	11	3
22	211	2	11	3
889	211	9	11	4
870	211	10	11	3
911	211	11	11	3
699	211	19	11	1
98	211	18	11	4
579	211	19	11	3
339	211	19	11	5
409	211	9	11	4
474	211	14	11	5
343	211	3	11	5
236	211	16	11	3
573	211	13	11	5
286	211	6	11	4
545	211	5	11	3
847	211	7	11	4
354	211	14	11	2
506	231	6	11	3
795	231	15	11	4
830	231	10	11	2
286	231	6	11	3
566	231	6	11	1
774	231	14	11	1
109	231	9	11	3
363	231	3	11	1
399	231	19	11	3
64	231	4	11	3
398	231	18	11	2
823	231	3	11	3
222	231	2	11	2
387	231	7	11	3
217	231	17	11	5
447	231	7	11	2
727	231	7	11	3
521	231	1	11	2
715	231	15	11	3
425	231	5	11	3
373	231	13	11	3
197	231	17	11	3
561	231	1	11	2
450	231	10	11	3
102	231	2	11	2
766	231	6	11	2
880	231	0	11	2
407	231	7	11	3
796	231	16	11	3
478	231	18	11	1
790	231	10	11	4
705	231	5	11	3
846	231	6	11	2
764	231	4	11	3
543	231	3	11	3
747	231	7	11	3
7	231	7	11	3
562	231	2	11	1
497	231	17	11	3
826	231	6	11	3
648	231	8	11	2
806	231	6	11	3
56	231	16	11	3
328	231	8	11	2
668	231	8	11	2
303	231	3	11	4
151	231	11	11	1
82	231	2	11	2
442	231	2	11	3
466	231	6	11	1
886	231	6	11	2
619	231	19	11	4
643	231	3	11	2
671	231	11	11	3
417	231	17	11	4
864	231	4	11	3
308	231	8	11	3
301	231	1	11	2
1	231	1	11	1
200	231	0	11	4
37	231	17	11	2
87	231	7	11	3
851	231	11	11	4
786	231	6	11	2
788	231	8	11	3
279	231	19	11	2
588	231	8	11	4
268	231	8	11	4
647	231	7	11	4
537	231	17	11	3
280	231	0	11	3
896	231	16	11	1
682	231	2	11	1
805	231	5	11	3
807	231	7	11	4
320	231	0	11	2
30	231	10	11	2
933	231	13	11	1
334	231	14	11	2
22	231	2	11	2
313	231	13	11	2
158	231	18	11	2
385	231	5	11	2
709	231	9	11	3
642	231	2	11	3
85	231	5	11	2
456	231	16	11	2
70	231	10	11	3
453	231	13	11	2
746	231	6	11	2
269	231	9	11	1
484	231	4	11	2
49	231	9	11	3
267	231	7	11	4
330	231	10	11	5
297	231	17	11	3
374	231	14	11	2
92	231	12	11	3
395	231	15	11	4
545	231	5	11	4
216	231	16	11	2
246	231	6	11	1
339	231	19	11	2
773	231	13	11	2
457	231	17	11	4
291	231	11	11	3
201	231	1	11	2
757	231	17	11	2
343	231	3	11	5
650	231	10	11	2
804	231	4	11	4
798	231	18	11	2
5	231	5	11	2
621	231	1	11	4
405	231	5	11	3
899	231	19	11	1
943	231	3	11	2
600	231	0	11	3
416	231	16	11	3
43	231	3	11	4
495	231	15	11	3
429	231	9	11	2
487	231	7	11	1
110	231	10	11	1
311	231	11	11	4
276	231	16	11	3
13	231	13	11	3
586	231	6	11	3
640	231	0	11	5
622	231	2	11	4
758	231	18	11	3
749	231	9	11	4
472	231	12	11	5
738	231	18	11	3
221	231	1	11	4
130	231	10	11	3
44	231	4	11	2
378	231	18	11	3
889	231	9	11	3
660	231	0	11	2
254	231	14	11	3
184	231	4	11	3
707	251	7	11	5
310	251	10	11	5
468	251	8	11	4
444	251	4	11	5
247	251	7	11	4
532	251	12	11	4
79	251	19	11	5
196	251	16	11	3
132	251	12	11	4
773	251	13	11	3
420	251	0	11	5
360	251	0	11	5
844	251	4	11	4
379	251	19	11	5
354	251	14	11	5
209	251	9	11	5
293	251	13	11	4
299	251	19	11	5
2	251	2	11	5
342	251	2	11	5
15	251	15	11	2
416	251	16	11	5
655	251	15	11	3
449	251	9	11	3
385	251	5	11	2
883	251	3	11	5
936	251	16	11	4
286	251	6	11	5
782	251	2	11	3
499	251	19	11	5
305	251	5	11	5
303	251	3	11	4
131	251	11	11	5
181	251	1	11	1
756	251	16	11	4
345	251	5	11	5
498	251	18	11	3
270	251	10	11	5
63	251	3	11	4
296	251	16	11	5
771	251	11	11	5
144	251	4	11	4
486	251	6	11	5
344	251	4	11	5
1	251	1	11	4
592	251	12	11	5
820	271	0	11	2
259	271	19	11	3
197	271	17	11	2
682	271	2	11	4
33	271	13	11	4
548	271	8	11	3
526	271	6	11	3
871	271	11	11	5
846	271	6	11	5
883	271	3	11	2
702	271	2	11	1
61	271	1	11	1
782	271	2	11	2
40	271	0	11	2
392	271	12	11	1
448	271	8	11	4
428	271	8	11	2
408	271	8	11	3
1	271	1	11	2
784	271	4	11	3
328	271	8	11	3
100	271	0	11	3
13	271	13	11	1
752	271	12	11	5
499	271	19	11	3
862	271	2	11	5
724	271	4	11	2
511	271	11	11	5
299	271	19	11	3
902	271	2	11	2
317	271	17	11	3
676	271	16	11	3
922	271	2	11	3
750	271	10	11	4
841	271	1	11	4
757	271	17	11	3
509	271	9	11	4
177	271	17	11	2
863	271	3	11	4
146	271	6	11	3
624	271	4	11	3
529	271	9	11	4
75	271	15	11	5
107	271	7	11	2
127	271	7	11	5
801	271	1	11	5
249	271	9	11	4
102	271	2	11	2
379	271	19	11	3
717	271	17	11	2
544	271	4	11	3
536	271	16	11	3
865	271	5	11	1
62	271	2	11	1
807	271	7	11	3
443	271	3	11	4
195	271	15	11	4
209	271	9	11	2
463	271	3	11	1
493	271	13	11	1
215	271	15	11	4
479	271	19	11	3
360	271	0	11	2
255	271	15	11	4
710	271	10	11	3
697	271	17	11	4
28	271	8	11	4
440	271	0	11	5
506	271	6	11	4
301	271	1	11	4
247	271	7	11	2
315	271	15	11	3
444	271	4	11	3
335	271	15	11	4
355	271	15	11	3
545	271	5	11	3
929	271	9	11	2
898	271	18	11	3
384	271	4	11	4
435	271	15	11	4
377	271	17	11	4
353	271	13	11	2
459	271	19	11	4
838	271	18	11	4
843	271	3	11	5
281	271	1	11	5
818	271	18	11	4
589	271	9	11	3
560	271	0	11	4
749	271	9	11	5
304	271	4	11	4
580	271	0	11	5
650	271	10	11	3
505	271	5	11	4
621	271	1	11	5
119	271	19	11	4
327	271	7	11	3
515	271	15	11	4
853	271	13	11	3
472	271	12	11	5
758	271	18	11	4
555	271	15	11	3
738	271	18	11	3
660	271	0	11	3
615	271	15	11	2
105	271	5	11	2
610	271	10	11	1
347	271	7	11	1
740	271	0	11	2
396	271	16	11	4
363	271	3	11	4
130	271	10	11	5
445	271	5	11	1
655	271	15	11	3
144	271	4	11	2
365	271	5	11	4
907	271	7	11	5
629	271	9	11	4
727	271	7	11	4
498	271	18	11	2
104	271	4	11	1
787	271	7	11	1
803	271	3	11	2
833	271	13	11	5
521	271	1	11	3
916	271	16	11	3
64	271	4	11	3
783	271	3	11	5
755	271	15	11	1
250	271	10	11	4
133	271	13	11	5
940	271	0	11	2
425	271	5	11	5
276	271	16	11	4
889	271	9	11	3
393	271	13	11	3
3	271	3	11	3
4	271	4	11	4
813	271	13	11	4
919	271	19	11	4
43	271	3	11	3
179	271	19	11	1
592	271	12	11	4
145	271	5	11	4
557	271	17	11	4
32	271	12	11	3
334	271	14	11	3
669	271	9	11	2
72	271	12	11	1
507	271	7	11	5
290	271	10	11	3
413	271	13	11	4
294	271	14	11	5
537	271	17	11	2
890	271	10	11	3
92	271	12	11	2
143	271	3	11	4
201	271	1	11	4
483	271	3	11	3
203	271	3	11	3
683	271	3	11	3
178	271	18	11	4
699	271	19	11	3
350	271	10	11	3
567	271	7	11	4
587	271	7	11	4
570	271	10	11	4
116	271	16	11	4
158	271	18	11	4
263	271	3	11	1
627	271	7	11	5
603	271	3	11	2
805	271	5	11	3
282	271	2	11	3
302	271	2	11	4
854	271	14	11	4
828	271	8	11	2
546	271	6	11	5
772	271	12	11	4
896	271	16	11	1
808	271	8	11	3
117	271	17	11	4
788	271	8	11	3
550	271	10	11	5
325	271	5	11	3
297	271	17	11	2
422	271	2	11	3
369	271	9	11	5
222	271	2	11	4
73	271	13	11	2
748	271	8	11	3
708	271	8	11	1
462	271	2	11	1
502	271	2	11	5
303	271	3	11	2
668	271	8	11	4
806	271	6	11	3
877	271	17	11	4
816	271	16	11	4
796	271	16	11	5
894	271	14	11	2
582	271	2	11	4
489	271	9	11	4
57	271	17	11	3
31	271	11	11	4
826	271	6	11	4
831	271	11	11	2
26	271	6	11	3
851	271	11	11	5
332	271	12	11	4
665	271	5	11	2
761	291	1	11	3
521	291	1	11	1
407	291	7	11	4
896	291	16	11	3
497	291	17	11	3
256	291	16	11	5
92	291	12	11	4
85	291	5	11	3
649	291	9	11	5
435	291	15	11	4
181	291	1	11	3
693	291	13	11	3
717	291	17	11	4
644	291	4	11	4
328	291	8	11	4
344	291	4	11	3
198	291	18	11	2
345	291	5	11	3
303	291	3	11	3
682	291	2	11	1
159	291	19	11	4
332	291	12	11	4
168	291	8	11	4
923	291	3	11	4
548	291	8	11	5
54	291	14	11	1
796	291	16	11	4
320	291	0	11	4
348	291	8	11	4
569	291	9	11	4
287	291	7	11	5
121	291	1	11	3
525	291	5	11	2
533	291	13	11	3
647	291	7	11	3
75	291	15	11	1
892	291	12	11	4
788	291	8	11	4
200	291	0	11	3
347	291	7	11	5
21	291	1	11	3
186	291	6	11	4
697	291	17	11	5
130	291	10	11	4
804	291	4	11	4
714	291	14	11	3
733	291	13	11	2
357	291	17	11	4
592	291	12	11	3
164	291	4	11	5
416	291	16	11	4
666	291	6	11	3
445	291	5	11	2
242	291	2	11	3
141	291	1	11	5
751	291	11	11	3
293	291	13	11	2
207	291	7	11	3
537	291	17	11	2
429	291	9	11	4
595	291	15	11	3
26	291	6	11	3
833	291	13	11	3
492	291	12	11	4
758	291	18	11	4
374	291	14	11	3
11	291	11	11	4
244	291	4	11	2
623	291	3	11	3
487	291	7	11	3
552	291	12	11	2
854	291	14	11	2
449	291	9	11	2
43	291	3	11	3
393	291	13	11	4
474	291	14	11	4
655	291	15	11	3
727	291	7	11	4
504	291	4	11	4
109	291	9	11	3
396	291	16	11	4
279	291	19	11	3
391	291	11	11	3
551	291	11	11	4
637	291	17	11	4
291	291	11	11	5
459	291	19	11	4
679	291	19	11	4
349	291	9	11	3
754	291	14	11	4
403	291	3	11	4
150	291	10	11	4
230	291	10	11	4
825	291	5	11	5
882	291	2	11	4
15	291	15	11	3
190	291	10	11	3
654	291	14	11	4
234	291	14	11	3
910	291	10	11	1
722	291	2	11	4
534	291	14	11	4
648	291	8	11	3
294	291	14	11	2
881	291	1	11	3
653	291	13	11	4
399	291	19	11	3
899	291	19	11	4
283	291	3	11	2
851	291	11	11	4
2	291	2	11	3
524	291	4	11	4
84	291	4	11	3
518	291	18	11	3
699	291	19	11	3
907	291	7	11	5
276	291	16	11	3
470	291	10	11	2
938	291	18	11	4
749	291	9	11	4
719	291	19	11	3
662	291	2	11	2
792	291	12	11	2
455	291	15	11	3
308	291	8	11	3
346	291	6	11	5
889	291	9	11	3
299	311	19	11	4
548	311	8	11	3
673	311	13	11	4
271	311	11	11	3
354	311	14	11	5
2	311	2	11	5
146	311	6	11	4
485	311	5	11	3
197	311	17	11	4
655	311	15	11	3
883	311	3	11	4
327	311	7	11	3
758	311	18	11	4
845	311	5	11	4
463	311	3	11	4
803	311	3	11	5
532	311	12	11	2
64	311	4	11	2
787	311	7	11	4
129	311	9	11	3
149	311	9	11	3
860	311	0	11	4
695	311	15	11	4
675	311	15	11	3
90	311	10	11	4
298	311	18	11	3
104	311	4	11	1
707	311	7	11	4
743	311	3	11	5
920	311	0	11	3
278	311	18	11	4
838	311	18	11	4
520	311	0	11	3
258	311	18	11	4
517	311	17	11	3
416	311	16	11	3
13	311	13	11	3
345	311	5	11	5
344	311	4	11	4
446	311	6	11	2
668	311	8	11	4
111	311	11	11	4
683	311	3	11	3
894	311	14	11	4
531	311	11	11	4
547	311	7	11	2
701	311	1	11	5
724	311	4	11	1
460	311	0	11	5
482	311	2	11	4
874	311	14	11	4
537	311	17	11	3
713	311	13	11	3
696	311	16	11	5
334	311	14	11	4
58	311	18	11	4
126	311	6	11	4
88	311	8	11	5
559	311	19	11	3
116	311	16	11	3
79	311	19	11	4
752	311	12	11	3
305	311	5	11	5
607	311	7	11	4
410	311	10	11	3
574	311	14	11	4
755	311	15	11	4
639	311	19	11	3
351	311	11	11	4
720	311	0	11	5
450	311	10	11	4
273	311	13	11	4
611	311	11	11	4
524	311	4	11	4
229	311	9	11	5
404	331	4	11	3
104	331	4	11	3
173	331	13	11	4
616	331	16	11	4
788	331	8	11	4
666	331	6	11	4
183	331	3	11	3
526	331	6	11	3
421	331	1	11	2
294	331	14	11	4
309	331	9	11	5
3	331	3	11	4
379	331	19	11	4
145	331	5	11	3
99	331	19	11	3
466	331	6	11	5
129	331	9	11	2
724	331	4	11	3
894	331	14	11	4
629	331	9	11	3
416	331	16	11	4
112	331	12	11	4
544	331	4	11	3
775	331	15	11	4
15	331	15	11	3
697	331	17	11	3
831	331	11	11	4
634	331	14	11	4
317	331	17	11	4
574	331	14	11	1
635	331	15	11	4
489	331	9	11	5
74	331	14	11	4
809	331	9	11	2
772	331	12	11	5
427	331	7	11	4
683	331	3	11	2
486	331	6	11	2
735	331	15	11	3
420	331	0	11	3
178	331	18	11	4
179	331	19	11	2
130	331	10	11	3
201	331	1	11	4
242	331	2	11	5
329	331	9	11	3
805	331	5	11	4
534	331	14	11	4
758	331	18	11	4
863	331	3	11	4
799	331	19	11	4
116	331	16	11	3
155	331	15	11	3
853	331	13	11	2
851	331	11	11	3
592	331	12	11	3
919	331	19	11	4
390	331	10	11	2
706	331	6	11	5
164	331	4	11	5
451	331	11	11	5
250	331	10	11	3
610	331	10	11	3
721	331	1	11	3
587	331	7	11	3
752	331	12	11	4
367	331	7	11	4
920	331	0	11	3
750	331	10	11	4
783	331	3	11	3
313	331	13	11	3
191	331	11	11	4
418	331	18	11	3
529	331	9	11	4
755	331	15	11	3
551	331	11	11	5
828	331	8	11	4
827	331	7	11	3
619	331	19	11	4
292	331	12	11	5
356	331	16	11	3
13	331	13	11	3
858	331	18	11	3
435	331	15	11	5
871	331	11	11	3
816	331	16	11	5
91	331	11	11	5
548	331	8	11	4
281	331	1	11	3
276	331	16	11	4
181	331	1	11	1
324	331	4	11	4
146	331	6	11	5
717	331	17	11	3
787	331	7	11	3
61	331	1	11	2
428	331	8	11	4
579	331	19	11	3
328	331	8	11	4
802	331	2	11	4
883	331	3	11	3
782	331	2	11	3
810	331	10	11	4
770	331	10	11	3
353	331	13	11	4
784	331	4	11	4
841	331	1	11	5
791	331	11	11	1
253	331	13	11	3
143	331	3	11	5
532	331	12	11	4
169	331	9	11	5
186	331	6	11	3
3	351	3	11	3
405	351	5	11	1
363	351	3	11	2
435	351	15	11	2
752	351	12	11	3
787	351	7	11	3
519	351	19	11	5
13	351	13	11	1
551	351	11	11	3
317	351	17	11	3
724	351	4	11	1
782	351	2	11	3
663	351	3	11	2
682	351	2	11	4
489	351	9	11	5
91	351	11	11	4
74	351	14	11	3
587	351	7	11	2
677	351	17	11	2
209	351	9	11	2
543	371	3	11	5
234	371	14	11	3
184	371	4	11	5
5	371	5	11	1
653	371	13	11	1
796	371	16	11	5
347	371	7	11	1
897	371	17	11	2
835	371	15	11	5
727	371	7	11	2
334	371	14	11	2
43	371	3	11	4
271	371	11	11	5
650	371	10	11	2
83	371	3	11	3
401	371	1	11	3
878	371	18	11	3
405	371	5	11	1
500	371	0	11	4
293	371	13	11	2
593	371	13	11	3
389	371	9	11	4
805	371	5	11	1
450	371	10	11	3
152	371	12	11	4
295	371	15	11	4
457	371	17	11	4
194	371	14	11	3
128	371	8	11	1
311	371	11	11	5
9	371	9	11	5
504	371	4	11	3
343	371	3	11	2
639	371	19	11	1
42	371	2	11	4
454	371	14	11	3
208	371	8	11	5
533	371	13	11	3
10	371	10	11	4
452	371	12	11	3
13	371	13	11	3
95	371	15	11	2
59	371	19	11	4
605	371	5	11	5
337	371	17	11	4
537	371	17	11	3
896	371	16	11	2
788	371	8	11	3
914	371	14	11	4
174	371	14	11	5
308	371	8	11	3
922	371	2	11	3
269	371	9	11	5
151	371	11	11	4
684	371	4	11	2
233	371	13	11	5
429	371	9	11	2
328	371	8	11	4
707	371	7	11	3
886	371	6	11	1
764	371	4	11	3
407	371	7	11	2
877	371	17	11	5
561	371	1	11	1
618	371	18	11	3
230	371	10	11	4
655	371	15	11	3
660	391	0	11	2
393	391	13	11	3
933	391	13	11	1
346	391	6	11	2
102	391	2	11	2
922	391	2	11	3
405	391	5	11	1
650	391	10	11	2
13	391	13	11	3
648	391	8	11	3
749	391	9	11	3
846	391	6	11	3
790	391	10	11	2
417	391	17	11	2
363	391	3	11	2
379	391	19	11	4
655	391	15	11	2
826	391	6	11	4
758	391	18	11	3
543	391	3	11	3
7	391	7	11	3
798	391	18	11	3
642	391	2	11	4
268	391	8	11	3
326	391	6	11	4
619	391	19	11	3
774	391	14	11	1
788	391	8	11	2
222	391	2	11	3
109	391	9	11	2
94	391	14	11	3
313	391	13	11	3
95	391	15	11	2
5	391	5	11	4
200	391	0	11	4
545	391	5	11	2
943	391	3	11	2
506	391	6	11	2
267	391	7	11	3
276	391	16	11	2
291	391	11	11	1
600	391	0	11	3
497	391	17	11	3
472	391	12	11	2
621	391	1	11	3
221	391	1	11	3
394	391	14	11	4
815	391	15	11	2
901	391	1	11	5
796	391	16	11	4
56	391	16	11	3
864	391	4	11	4
622	391	2	11	2
495	391	15	11	3
83	391	3	11	2
279	391	19	11	5
303	391	3	11	1
217	391	17	11	4
640	391	0	11	3
614	411	14	11	3
854	411	14	11	2
389	411	9	11	4
271	411	11	11	1
303	411	3	11	4
200	411	0	11	3
137	411	17	11	5
551	411	11	11	1
117	411	17	11	3
825	411	5	11	3
279	411	19	11	3
207	411	7	11	3
13	411	13	11	2
493	411	13	11	1
15	411	15	11	2
308	411	8	11	4
320	411	0	11	3
533	411	13	11	2
474	411	14	11	2
245	411	5	11	3
82	411	2	11	3
532	411	12	11	3
168	411	8	11	1
94	411	14	11	3
87	411	7	11	4
933	411	13	11	2
394	411	14	11	4
549	411	9	11	3
38	411	18	11	3
552	411	12	11	3
684	411	4	11	3
42	411	2	11	4
653	411	13	11	2
504	411	4	11	4
432	411	12	11	3
447	411	7	11	2
934	411	14	11	3
102	411	2	11	2
922	411	2	11	1
68	411	8	11	1
293	411	13	11	2
774	411	14	11	1
648	411	8	11	2
152	411	12	11	4
429	411	9	11	3
151	411	11	11	4
374	411	14	11	3
457	411	17	11	3
70	411	10	11	3
227	411	7	11	4
45	411	5	11	3
223	411	3	11	1
882	411	2	11	3
349	411	9	11	4
869	411	9	11	4
847	411	7	11	1
196	411	16	11	4
434	411	14	11	5
938	411	18	11	3
294	411	14	11	3
357	411	17	11	3
634	411	14	11	4
921	411	1	11	2
769	411	9	11	3
436	411	16	11	4
500	411	0	11	2
159	411	19	11	3
267	411	7	11	3
406	411	6	11	4
804	411	4	11	3
121	411	1	11	1
881	411	1	11	3
198	411	18	11	1
542	411	2	11	4
332	411	12	11	4
779	411	19	11	3
435	411	15	11	3
236	411	16	11	1
764	411	4	11	3
525	411	5	11	3
57	411	17	11	4
595	411	15	11	3
92	411	12	11	4
81	411	1	11	2
83	411	3	11	2
130	411	10	11	5
314	411	14	11	4
181	411	1	11	3
269	411	9	11	1
348	411	8	11	4
145	411	5	11	2
60	411	0	11	3
887	411	7	11	4
582	411	2	11	1
893	411	13	11	3
663	411	3	11	3
246	411	6	11	3
324	411	4	11	5
274	411	14	11	3
560	411	0	11	3
291	411	11	11	4
104	411	4	11	1
927	411	7	11	4
790	411	10	11	3
347	411	7	11	5
554	411	14	11	3
655	411	15	11	3
468	411	8	11	3
184	411	4	11	3
630	411	10	11	4
393	411	13	11	2
210	411	10	11	3
417	411	17	11	2
43	411	3	11	3
327	411	7	11	3
84	411	4	11	2
125	411	5	11	3
472	411	12	11	4
758	411	18	11	4
459	411	19	11	2
487	411	7	11	3
144	411	4	11	4
592	411	12	11	2
339	411	19	11	2
54	411	14	11	5
244	411	4	11	4
865	411	5	11	1
378	411	18	11	3
164	411	4	11	2
501	411	1	11	4
586	411	6	11	2
286	411	6	11	2
109	411	9	11	4
692	411	12	11	4
276	411	16	11	4
805	411	5	11	2
416	411	16	11	3
889	411	9	11	2
939	411	19	11	4
566	411	6	11	4
727	411	7	11	3
880	411	0	11	4
222	411	2	11	3
22	411	2	11	1
280	411	0	11	3
624	411	4	11	4
637	411	17	11	1
896	411	16	11	2
923	411	3	11	4
601	411	1	11	2
665	411	5	11	4
930	411	10	11	1
78	411	18	11	4
75	411	15	11	5
249	411	9	11	3
101	411	1	11	2
897	411	17	11	5
642	411	2	11	5
301	411	1	11	1
5	411	5	11	1
18	411	18	11	3
851	411	11	11	3
262	411	2	11	2
790	431	10	11	3
830	431	10	11	3
429	431	9	11	5
394	431	14	11	5
916	431	16	11	3
197	431	17	11	3
805	431	5	11	1
222	431	2	11	4
746	431	6	11	5
22	431	2	11	4
5	431	5	11	3
766	431	6	11	3
551	431	11	11	4
848	431	8	11	5
896	431	16	11	3
788	431	8	11	2
854	431	14	11	3
671	431	11	11	2
94	431	14	11	4
97	431	17	11	3
77	431	17	11	5
648	431	8	11	5
622	431	2	11	5
751	431	11	11	4
11	431	11	11	2
796	431	16	11	4
826	431	6	11	5
654	431	14	11	4
548	431	8	11	5
682	431	2	11	4
846	431	6	11	5
776	431	16	11	4
844	431	4	11	4
911	431	11	11	4
7	431	7	11	4
757	431	17	11	4
804	431	4	11	4
328	431	8	11	2
862	431	2	11	5
180	431	0	11	4
200	431	0	11	5
922	431	2	11	4
664	431	4	11	2
280	431	0	11	4
95	431	15	11	3
584	431	4	11	3
536	431	16	11	5
516	431	16	11	3
115	431	15	11	4
135	431	15	11	2
320	431	0	11	5
195	431	15	11	3
70	431	10	11	3
235	431	15	11	2
275	431	15	11	3
545	431	5	11	3
194	431	14	11	4
484	431	4	11	4
8	431	8	11	2
456	431	16	11	4
295	431	15	11	5
315	431	15	11	2
267	431	7	11	4
344	431	4	11	3
307	431	7	11	4
435	431	15	11	3
600	431	0	11	3
246	431	6	11	3
495	431	15	11	5
758	431	18	11	3
327	431	7	11	3
660	431	0	11	4
698	431	18	11	1
416	431	16	11	4
234	431	14	11	3
586	431	6	11	3
601	431	1	11	4
638	431	18	11	4
387	431	7	11	3
561	431	1	11	2
514	431	14	11	4
230	431	10	11	3
521	431	1	11	4
286	431	6	11	5
64	431	4	11	4
62	431	2	11	2
276	431	16	11	3
795	431	15	11	4
487	431	7	11	3
899	431	19	11	1
527	431	7	11	3
92	431	12	11	4
218	431	18	11	3
198	431	18	11	3
417	431	17	11	4
371	431	11	11	5
183	431	3	11	2
178	431	18	11	4
537	431	17	11	4
659	431	19	11	4
158	431	18	11	5
627	431	7	11	4
450	431	10	11	5
346	431	6	11	5
332	431	12	11	5
352	431	12	11	2
311	431	11	11	4
145	431	5	11	5
412	431	12	11	4
774	431	14	11	4
479	431	19	11	4
301	431	1	11	4
929	431	9	11	1
472	431	12	11	5
727	431	7	11	4
399	431	19	11	2
833	431	13	11	2
532	431	12	11	5
363	431	3	11	2
889	431	9	11	4
773	431	13	11	1
405	431	5	11	3
201	431	1	11	1
474	431	14	11	4
592	431	12	11	2
653	431	13	11	4
749	431	9	11	5
339	431	19	11	4
454	431	14	11	3
497	431	17	11	4
712	431	12	11	3
807	431	7	11	4
892	431	12	11	4
279	431	19	11	4
493	431	13	11	5
932	431	12	11	3
709	431	9	11	5
650	431	10	11	3
867	431	7	11	4
887	431	7	11	3
393	431	13	11	2
406	431	6	11	3
690	431	10	11	2
109	431	9	11	3
373	431	13	11	5
843	431	3	11	3
102	431	2	11	3
249	431	9	11	5
59	431	19	11	4
13	431	13	11	1
305	431	5	11	4
943	431	3	11	4
870	431	10	11	3
503	451	3	11	4
653	451	13	11	2
632	451	12	11	4
889	451	9	11	3
533	451	13	11	2
379	451	19	11	4
437	451	17	11	5
399	451	19	11	3
643	451	3	11	2
885	451	5	11	2
532	451	12	11	4
406	451	6	11	2
363	451	3	11	2
833	451	13	11	1
727	451	7	11	5
933	451	13	11	1
709	451	9	11	1
301	451	1	11	4
56	451	16	11	3
18	451	18	11	3
450	451	10	11	4
405	451	5	11	5
332	451	12	11	5
303	451	3	11	5
38	451	18	11	5
639	451	19	11	4
453	451	13	11	2
411	451	11	11	4
659	451	19	11	5
326	451	6	11	2
361	451	1	11	3
152	451	12	11	5
330	451	10	11	5
401	451	1	11	2
92	451	12	11	3
42	451	2	11	2
256	451	16	11	4
318	451	18	11	4
276	451	16	11	3
815	451	15	11	3
497	451	17	11	2
378	451	18	11	4
254	451	14	11	2
23	451	3	11	2
89	451	9	11	3
64	451	4	11	2
159	451	19	11	5
393	451	13	11	3
478	451	18	11	5
286	451	6	11	5
230	451	10	11	4
125	451	5	11	4
774	451	14	11	1
880	451	0	11	2
655	451	15	11	3
210	451	10	11	3
690	451	10	11	4
417	451	17	11	4
561	451	1	11	2
109	451	9	11	5
336	451	16	11	2
916	451	16	11	3
586	451	6	11	4
760	451	0	11	5
184	451	4	11	4
327	451	7	11	4
13	451	13	11	1
244	451	4	11	4
495	451	15	11	4
119	451	19	11	5
778	451	18	11	1
110	451	10	11	4
416	451	16	11	5
264	451	4	11	4
234	451	14	11	3
477	451	17	11	5
621	451	1	11	1
373	451	13	11	5
798	451	18	11	2
830	451	10	11	4
246	451	6	11	2
344	451	4	11	4
435	451	15	11	4
457	451	17	11	4
878	451	18	11	2
545	451	5	11	3
305	451	5	11	3
484	451	4	11	4
606	451	6	11	3
295	451	15	11	4
275	451	15	11	3
311	451	11	11	3
85	451	5	11	4
504	451	4	11	1
70	451	10	11	4
476	451	16	11	3
128	451	8	11	4
215	451	15	11	3
195	451	15	11	5
741	451	1	11	3
194	451	14	11	2
524	451	4	11	3
95	451	15	11	3
280	451	0	11	5
59	451	19	11	5
200	451	0	11	4
62	451	2	11	3
87	451	7	11	4
922	451	2	11	4
886	451	6	11	3
293	451	13	11	3
328	451	8	11	4
174	451	14	11	5
694	451	14	11	4
716	451	16	11	4
7	451	7	11	5
881	451	1	11	1
804	451	4	11	2
790	451	10	11	3
901	451	1	11	4
269	451	9	11	1
508	451	8	11	3
911	451	11	11	2
934	451	14	11	4
846	451	6	11	4
682	451	2	11	3
864	451	4	11	4
642	451	2	11	5
914	451	14	11	2
904	451	4	11	4
588	451	8	11	5
11	451	11	11	2
622	451	2	11	4
345	451	5	11	5
877	451	17	11	4
796	451	16	11	5
542	451	2	11	3
711	451	11	11	5
151	451	11	11	5
748	451	8	11	1
671	451	11	11	4
897	451	17	11	4
786	451	6	11	2
788	451	8	11	4
5	451	5	11	1
94	451	14	11	4
686	451	6	11	4
591	451	11	11	3
271	451	11	11	3
848	451	8	11	4
551	451	11	11	1
262	451	2	11	4
890	451	10	11	2
805	451	5	11	5
868	451	8	11	2
389	451	9	11	2
766	451	6	11	2
222	451	2	11	3
22	451	2	11	4
354	451	14	11	3
623	451	3	11	4
279	451	19	11	1
650	451	10	11	2
807	451	7	11	5
454	451	14	11	4
593	451	13	11	3
385	451	5	11	1
712	451	12	11	5
523	451	3	11	5
339	451	19	11	3
823	471	3	11	3
666	471	6	11	4
119	471	19	11	4
905	471	5	11	4
345	471	5	11	3
505	471	5	11	4
758	471	18	11	3
265	471	5	11	4
788	471	8	11	3
891	471	11	11	5
682	471	2	11	3
486	471	6	11	5
374	471	14	11	4
943	471	3	11	5
864	471	4	11	5
54	471	14	11	4
927	471	7	11	4
457	471	17	11	4
580	471	0	11	3
455	471	15	11	4
416	471	16	11	5
548	471	8	11	5
324	471	4	11	5
540	471	0	11	4
141	471	1	11	4
665	471	5	11	3
921	471	1	11	2
344	471	4	11	3
305	471	5	11	4
661	471	1	11	4
231	471	11	11	5
90	471	10	11	4
569	471	9	11	3
677	471	17	11	4
357	471	17	11	5
26	471	6	11	2
99	471	19	11	4
17	471	17	11	2
251	471	11	11	3
500	471	0	11	4
938	471	18	11	3
289	471	9	11	4
792	471	12	11	4
721	471	1	11	5
213	471	13	11	3
484	471	4	11	4
68	471	8	11	3
588	471	8	11	5
924	471	4	11	4
313	471	13	11	4
108	471	8	11	2
128	471	8	11	4
271	471	11	11	3
653	471	13	11	2
533	471	13	11	4
807	471	7	11	4
693	471	13	11	3
592	471	12	11	4
57	471	17	11	4
423	471	3	11	3
733	471	13	11	3
277	471	17	11	3
613	471	13	11	3
403	471	3	11	5
552	471	12	11	3
399	471	19	11	3
360	471	0	11	4
207	471	7	11	3
201	471	1	11	2
524	471	4	11	4
889	471	9	11	3
291	471	11	11	4
537	471	17	11	3
470	471	10	11	5
474	471	14	11	3
870	471	10	11	4
894	471	14	11	4
727	471	7	11	3
832	471	12	11	4
551	471	11	11	5
194	471	14	11	3
94	471	14	11	4
648	471	8	11	4
459	471	19	11	3
893	471	13	11	4
343	471	3	11	4
479	471	19	11	4
16	471	16	11	3
115	471	15	11	2
717	471	17	11	4
432	471	12	11	3
933	471	13	11	3
663	471	3	11	3
761	471	1	11	3
605	471	5	11	3
280	471	0	11	3
95	471	15	11	5
391	471	11	11	2
705	471	5	11	5
332	471	12	11	4
434	471	14	11	2
599	471	19	11	4
624	471	4	11	4
706	471	6	11	4
450	471	10	11	4
453	471	13	11	4
145	471	5	11	4
639	471	19	11	2
249	471	9	11	4
101	471	1	11	3
42	471	2	11	4
182	471	2	11	4
337	471	17	11	5
576	471	16	11	4
627	471	7	11	3
158	471	18	11	4
311	471	11	11	4
906	471	6	11	3
232	471	12	11	3
15	471	15	11	4
630	471	10	11	4
203	471	3	11	4
178	471	18	11	4
699	471	19	11	3
294	471	14	11	4
821	471	1	11	4
401	471	1	11	4
349	471	9	11	3
181	471	1	11	2
103	471	3	11	4
759	471	19	11	4
779	471	19	11	4
81	471	1	11	3
238	471	18	11	4
413	471	13	11	4
634	471	14	11	4
703	471	3	11	4
92	471	12	11	4
689	471	9	11	4
389	471	9	11	4
298	471	18	11	4
83	471	3	11	3
72	471	12	11	4
917	471	17	11	4
52	471	12	11	4
887	471	7	11	3
274	471	14	11	4
256	471	16	11	5
487	471	7	11	3
714	471	14	11	4
12	471	12	11	5
899	471	19	11	4
935	471	15	11	4
708	471	8	11	4
676	471	16	11	3
919	471	19	11	3
270	471	10	11	5
43	471	3	11	3
922	471	2	11	3
939	471	19	11	5
728	471	8	11	4
308	471	8	11	3
716	471	16	11	2
543	471	3	11	3
447	471	7	11	4
378	471	18	11	3
159	471	19	11	4
577	471	17	11	3
815	471	15	11	2
940	471	0	11	4
882	471	2	11	4
276	471	16	11	4
900	471	0	11	2
649	471	9	11	5
896	471	16	11	3
328	471	8	11	3
234	471	14	11	3
438	471	18	11	4
606	471	6	11	4
880	471	0	11	4
715	471	15	11	4
393	471	13	11	4
593	471	13	11	3
222	471	2	11	3
454	471	14	11	3
174	471	14	11	5
655	471	15	11	3
757	471	17	11	4
104	471	4	11	3
6	471	6	11	2
66	471	6	11	5
768	471	8	11	3
7	471	7	11	4
786	471	6	11	4
518	471	18	11	3
144	471	4	11	4
65	471	5	11	4
190	471	10	11	5
373	471	13	11	3
854	471	14	11	2
13	471	13	11	1
907	471	7	11	5
618	471	18	11	3
468	471	8	11	3
130	471	10	11	2
164	471	4	11	5
931	471	11	11	3
534	471	14	11	5
297	471	17	11	3
396	471	16	11	4
658	471	18	11	4
722	471	2	11	4
718	471	18	11	5
347	471	7	11	4
637	471	17	11	2
402	471	2	11	4
865	471	5	11	1
535	471	15	11	4
244	471	4	11	1
844	471	4	11	3
293	471	13	11	3
694	491	14	11	3
311	491	11	11	4
391	491	11	11	3
42	491	2	11	3
331	491	11	11	3
262	491	2	11	3
6	491	6	11	4
211	491	11	11	3
151	491	11	11	4
568	491	8	11	2
488	491	8	11	4
60	491	0	11	4
862	491	2	11	3
704	491	4	11	5
95	491	15	11	4
545	491	5	11	3
194	491	14	11	3
798	491	18	11	4
505	491	5	11	3
495	491	15	11	5
698	491	18	11	2
660	491	0	11	4
780	491	0	11	4
234	491	14	11	4
398	491	18	11	5
425	491	5	11	2
43	491	3	11	4
178	491	18	11	4
326	491	6	11	4
537	491	17	11	4
292	491	12	11	4
312	491	12	11	5
58	491	18	11	4
303	491	3	11	4
392	491	12	11	5
452	491	12	11	4
532	491	12	11	5
279	491	19	11	5
932	491	12	11	5
239	491	19	11	5
406	491	6	11	4
426	491	6	11	4
59	491	19	11	4
293	491	13	11	4
389	491	9	11	5
409	491	9	11	2
429	491	9	11	3
13	491	13	11	4
887	491	7	11	2
650	491	10	11	3
807	491	7	11	5
727	491	7	11	4
450	491	10	11	3
825	491	5	11	4
474	491	14	11	4
321	491	1	11	3
567	491	7	11	3
230	491	10	11	3
407	491	7	11	4
416	491	16	11	4
606	491	6	11	4
90	491	10	11	4
87	491	7	11	5
716	491	16	11	4
846	491	6	11	3
7	491	7	11	5
796	491	16	11	4
409	511	9	11	5
213	511	13	11	4
233	511	13	11	5
305	511	5	11	4
469	511	9	11	5
13	511	13	11	5
883	511	3	11	4
59	511	19	11	5
313	511	13	11	4
189	511	9	11	4
843	511	3	11	3
426	511	6	11	4
119	511	19	11	5
670	511	10	11	4
669	511	9	11	5
683	511	3	11	5
650	511	10	11	5
239	511	19	11	5
867	511	7	11	5
454	511	14	11	3
932	511	12	11	5
437	511	17	11	5
533	511	13	11	4
892	511	12	11	5
553	511	13	11	5
385	511	5	11	4
807	511	7	11	5
299	511	19	11	4
197	511	17	11	5
354	511	14	11	4
406	511	6	11	5
653	511	13	11	4
339	511	19	11	5
201	511	1	11	3
749	511	9	11	4
747	511	7	11	5
379	511	19	11	4
399	511	19	11	3
537	511	17	11	5
391	511	11	11	5
492	511	12	11	5
833	511	13	11	4
727	511	7	11	4
889	511	9	11	4
122	511	2	11	5
363	511	3	11	4
474	511	14	11	5
479	511	19	11	5
499	511	19	11	5
450	511	10	11	5
392	511	12	11	5
559	511	19	11	2
301	511	1	11	4
58	511	18	11	5
312	511	12	11	5
627	511	7	11	4
639	511	19	11	4
118	511	18	11	5
292	511	12	11	5
158	511	18	11	5
321	511	1	11	4
263	511	3	11	5
116	511	16	11	4
102	511	2	11	3
607	511	7	11	5
243	511	3	11	5
212	511	12	11	4
370	511	10	11	4
178	511	18	11	5
567	511	7	11	2
527	511	7	11	5
198	511	18	11	4
566	511	6	11	4
123	511	3	11	5
401	511	1	11	2
298	511	18	11	4
326	511	6	11	4
405	511	5	11	2
875	511	15	11	5
338	511	18	11	4
358	511	18	11	2
23	511	3	11	5
64	511	4	11	4
62	511	2	11	4
541	511	1	11	4
230	511	10	11	2
514	511	14	11	3
561	511	1	11	4
655	511	15	11	3
125	511	5	11	5
840	511	0	11	4
780	511	0	11	5
387	511	7	11	3
638	511	18	11	3
658	511	18	11	4
184	511	4	11	4
698	511	18	11	2
465	511	5	11	4
82	511	2	11	3
234	511	14	11	5
738	511	18	11	4
535	511	15	11	3
600	511	0	11	5
495	511	15	11	4
455	511	15	11	5
916	511	16	11	5
641	511	1	11	5
307	511	7	11	5
90	511	10	11	5
878	511	18	11	4
344	511	4	11	4
480	511	0	11	4
194	511	14	11	4
295	511	15	11	5
8	511	8	11	5
85	511	5	11	4
48	511	8	11	5
235	511	15	11	5
70	511	10	11	5
360	511	0	11	5
188	511	8	11	2
115	511	15	11	5
524	511	4	11	5
536	511	16	11	5
95	511	15	11	4
10	511	10	11	4
288	511	8	11	4
308	511	8	11	5
942	511	2	11	4
716	511	16	11	5
694	511	14	11	5
328	511	8	11	4
846	511	6	11	5
60	511	0	11	4
7	511	7	11	5
804	511	4	11	4
881	511	1	11	5
488	511	8	11	4
65	511	5	11	4
776	511	16	11	5
844	511	4	11	3
508	511	8	11	4
864	511	4	11	4
871	511	11	11	2
796	511	16	11	4
924	511	4	11	5
826	511	6	11	3
622	511	2	11	4
562	511	2	11	2
6	511	6	11	5
91	511	11	11	5
876	511	16	11	5
894	511	14	11	4
806	511	6	11	5
77	511	17	11	2
671	511	11	11	3
666	511	6	11	4
402	511	2	11	5
788	511	8	11	5
382	511	2	11	4
591	511	11	11	3
896	511	16	11	5
854	511	14	11	4
848	511	8	11	4
271	511	11	11	5
774	511	14	11	3
22	511	2	11	4
331	511	11	11	5
311	511	11	11	4
325	511	5	11	4
429	511	9	11	5
830	511	10	11	5
870	511	10	11	3
343	531	3	11	5
313	531	13	11	3
363	531	3	11	4
299	531	19	11	3
492	531	12	11	4
454	531	14	11	2
360	531	0	11	4
30	531	10	11	5
130	531	10	11	5
655	531	15	11	4
747	531	7	11	4
387	531	7	11	3
823	531	3	11	4
109	531	9	11	4
618	531	18	11	4
700	531	0	11	4
10	531	10	11	5
316	531	16	11	5
144	531	4	11	5
840	531	0	11	5
85	531	5	11	4
788	531	8	11	4
382	531	2	11	4
498	531	18	11	3
605	531	5	11	4
664	531	4	11	2
334	531	14	11	5
617	531	17	11	2
675	531	15	11	5
606	531	6	11	5
575	531	15	11	1
128	531	8	11	4
276	531	16	11	4
342	531	2	11	3
745	531	5	11	3
592	531	12	11	5
234	531	14	11	3
551	531	11	11	5
861	531	1	11	4
458	531	18	11	5
308	531	8	11	4
554	531	14	11	4
64	531	4	11	3
577	531	17	11	4
207	531	7	11	4
160	531	0	11	5
378	531	18	11	4
257	531	17	11	5
916	531	16	11	4
315	531	15	11	5
328	531	8	11	4
65	531	5	11	4
764	531	4	11	5
855	531	15	11	3
669	531	9	11	3
919	531	19	11	3
80	531	0	11	4
318	531	18	11	4
500	531	0	11	3
270	531	10	11	4
43	531	3	11	4
52	531	12	11	5
749	531	9	11	5
758	531	18	11	5
201	531	1	11	2
514	531	14	11	3
527	531	7	11	3
415	531	15	11	5
92	531	12	11	4
468	531	8	11	4
123	531	3	11	3
216	531	16	11	4
198	531	18	11	5
653	531	13	11	5
891	531	11	11	4
178	531	18	11	4
6	531	6	11	4
679	531	19	11	4
523	531	3	11	5
151	531	11	11	3
455	531	15	11	3
851	531	11	11	3
361	531	1	11	5
90	531	10	11	4
878	531	18	11	2
214	531	14	11	4
243	531	3	11	4
828	531	8	11	4
389	531	9	11	4
457	531	17	11	5
354	531	14	11	4
232	531	12	11	4
116	531	16	11	2
661	531	1	11	4
416	531	16	11	5
429	531	9	11	5
239	531	19	11	5
876	531	16	11	4
864	531	4	11	5
321	531	1	11	4
76	531	16	11	4
894	531	14	11	3
836	531	16	11	4
312	531	12	11	5
49	531	9	11	3
542	531	2	11	4
293	531	13	11	4
773	531	13	11	5
707	531	7	11	5
383	531	3	11	3
539	531	19	11	4
303	531	3	11	4
399	531	19	11	3
13	531	13	11	3
588	531	8	11	3
184	531	4	11	4
16	531	16	11	5
452	531	12	11	4
561	531	1	11	1
269	531	9	11	5
877	531	17	11	5
543	531	3	11	4
532	531	12	11	5
913	531	13	11	2
406	531	6	11	3
189	531	9	11	3
883	531	3	11	3
909	531	9	11	4
893	531	13	11	4
367	551	7	11	3
586	551	6	11	2
255	551	15	11	1
545	551	5	11	4
399	551	19	11	1
843	551	3	11	3
13	551	13	11	1
303	551	3	11	2
650	551	10	11	3
21	551	1	11	3
118	551	18	11	5
201	551	1	11	1
405	551	5	11	1
682	551	2	11	2
7	551	7	11	1
776	551	16	11	3
92	551	12	11	2
291	551	11	11	2
368	551	8	11	4
270	551	10	11	4
422	551	2	11	2
276	551	16	11	3
417	551	17	11	3
387	551	7	11	2
405	571	5	11	5
758	571	18	11	4
393	571	13	11	3
880	571	0	11	2
653	571	13	11	1
7	571	7	11	3
279	571	19	11	4
435	571	15	11	2
222	571	2	11	2
234	571	14	11	2
174	571	14	11	1
346	571	6	11	3
749	571	9	11	3
798	571	18	11	3
293	571	13	11	2
291	571	11	11	2
642	571	2	11	3
416	571	16	11	3
643	571	3	11	3
650	571	10	11	3
450	571	10	11	2
373	571	13	11	1
927	571	7	11	3
336	571	16	11	1
125	571	5	11	3
363	571	3	11	1
280	571	0	11	3
276	571	16	11	2
894	591	14	11	4
486	591	6	11	4
59	591	19	11	4
99	591	19	11	4
532	591	12	11	5
399	591	19	11	3
663	591	3	11	3
16	591	16	11	4
796	591	16	11	3
365	591	5	11	4
265	591	5	11	5
303	591	3	11	4
793	591	13	11	4
450	591	10	11	4
81	591	1	11	5
562	591	2	11	4
593	591	13	11	4
533	591	13	11	4
293	591	13	11	3
526	591	6	11	4
453	591	13	11	3
186	591	6	11	4
391	591	11	11	4
731	591	11	11	1
314	591	14	11	5
119	591	19	11	4
666	591	6	11	2
253	591	13	11	3
552	591	12	11	3
42	591	2	11	4
329	591	9	11	2
21	591	1	11	3
831	591	11	11	4
747	591	7	11	2
917	591	17	11	3
207	591	7	11	3
627	591	7	11	3
389	591	9	11	3
537	591	17	11	3
540	591	0	11	3
662	591	2	11	4
213	591	13	11	4
703	591	3	11	4
188	591	8	11	5
287	591	7	11	5
923	591	3	11	5
423	591	3	11	5
322	591	2	11	3
655	591	15	11	3
429	591	9	11	3
474	591	14	11	3
455	591	15	11	4
851	591	11	11	5
548	591	8	11	3
195	591	15	11	4
223	591	3	11	3
699	591	19	11	2
26	591	6	11	3
682	591	2	11	3
181	591	1	11	4
141	591	1	11	4
891	591	11	11	4
442	591	2	11	3
654	591	14	11	5
178	591	18	11	5
279	591	19	11	2
145	591	5	11	4
342	591	2	11	3
870	591	10	11	2
742	591	2	11	4
401	591	1	11	3
505	591	5	11	4
397	591	17	11	4
416	591	16	11	5
759	591	19	11	3
218	591	18	11	3
236	591	16	11	4
92	591	12	11	4
734	591	14	11	4
234	591	14	11	3
936	591	16	11	4
756	591	16	11	4
864	591	4	11	4
637	591	17	11	3
83	591	3	11	4
671	591	11	11	3
907	591	7	11	5
274	591	14	11	4
606	591	6	11	3
634	591	14	11	4
72	591	12	11	5
854	591	14	11	2
388	591	8	11	4
733	591	13	11	3
63	591	3	11	3
32	591	12	11	3
7	591	7	11	3
256	591	16	11	5
184	591	4	11	3
12	591	12	11	5
487	591	7	11	2
592	591	12	11	4
938	591	18	11	3
640	591	0	11	4
43	591	3	11	5
768	591	8	11	4
788	591	8	11	3
872	591	12	11	3
501	591	1	11	4
919	591	19	11	3
328	591	8	11	3
632	591	12	11	4
764	591	4	11	3
69	591	9	11	3
835	591	15	11	4
939	591	19	11	5
460	591	0	11	2
396	591	16	11	3
447	591	7	11	4
378	591	18	11	4
44	591	4	11	4
159	591	19	11	4
224	591	4	11	3
398	591	18	11	3
610	591	10	11	3
886	591	6	11	3
825	591	5	11	4
277	591	17	11	4
601	591	1	11	3
458	591	18	11	3
64	591	4	11	4
402	591	2	11	4
715	591	15	11	4
84	591	4	11	4
478	591	18	11	3
535	591	15	11	4
905	591	5	11	4
880	591	0	11	4
308	591	8	11	3
586	591	6	11	3
128	591	8	11	4
276	591	16	11	3
498	591	18	11	4
104	591	4	11	4
789	591	9	11	3
718	591	18	11	4
595	591	15	11	4
445	591	5	11	2
222	591	2	11	4
590	591	10	11	3
15	591	15	11	2
908	591	8	11	4
518	591	18	11	3
144	591	4	11	3
190	591	10	11	4
896	591	16	11	3
271	591	11	11	4
95	591	15	11	5
393	591	13	11	5
693	591	13	11	3
624	591	4	11	3
551	591	11	11	5
201	591	1	11	3
463	591	3	11	4
717	591	17	11	4
534	591	14	11	5
336	591	16	11	5
697	591	17	11	4
751	591	11	11	1
406	591	6	11	3
543	591	3	11	4
363	591	3	11	4
374	591	14	11	4
249	591	9	11	5
334	591	14	11	4
439	591	19	11	4
833	591	13	11	2
792	591	12	11	2
59	611	19	11	3
308	611	8	11	4
932	611	12	11	5
469	611	9	11	5
836	611	16	11	5
608	611	8	11	3
664	611	4	11	5
796	611	16	11	4
567	611	7	11	4
31	611	11	11	4
234	611	14	11	5
406	611	6	11	3
312	611	12	11	5
361	611	1	11	4
731	611	11	11	3
617	611	17	11	4
10	611	10	11	5
840	611	0	11	4
474	611	14	11	4
912	611	12	11	3
704	611	4	11	3
450	611	10	11	5
568	611	8	11	3
506	611	6	11	5
655	611	15	11	3
397	611	17	11	5
7	611	7	11	3
670	611	10	11	5
500	611	0	11	5
151	611	11	11	4
321	611	1	11	4
553	611	13	11	5
561	611	1	11	5
693	611	13	11	4
429	611	9	11	4
326	611	6	11	3
716	611	16	11	5
659	611	19	11	4
454	611	14	11	2
90	611	10	11	5
13	631	13	11	3
721	631	1	11	5
593	631	13	11	3
592	631	12	11	3
409	631	9	11	3
318	631	18	11	4
109	631	9	11	3
647	631	7	11	4
312	631	12	11	5
269	631	9	11	4
716	631	16	11	5
301	631	1	11	1
280	631	0	11	5
805	631	5	11	5
303	631	3	11	4
145	631	5	11	4
305	631	5	11	3
568	631	8	11	5
207	631	7	11	2
379	631	19	11	5
321	631	1	11	4
535	631	15	11	5
85	631	5	11	4
760	631	0	11	3
536	631	16	11	2
292	631	12	11	5
627	631	7	11	3
643	631	3	11	3
307	631	7	11	3
94	631	14	11	5
454	631	14	11	2
561	631	1	11	3
90	631	10	11	5
896	631	16	11	2
389	631	9	11	5
334	631	14	11	4
426	631	6	11	3
429	631	9	11	4
435	631	15	11	2
244	631	4	11	4
313	631	13	11	2
378	631	18	11	4
363	631	3	11	1
243	631	3	11	4
823	631	3	11	4
870	631	10	11	2
457	631	17	11	4
370	631	10	11	4
661	631	1	11	3
916	631	16	11	4
295	631	15	11	5
219	631	19	11	5
212	631	12	11	5
751	631	11	11	5
121	631	1	11	4
815	631	15	11	4
553	631	13	11	5
380	631	0	11	4
567	631	7	11	3
498	631	18	11	3
7	631	7	11	4
276	631	16	11	3
385	631	5	11	3
262	631	2	11	4
339	631	19	11	5
381	631	1	11	4
566	631	6	11	4
18	631	18	11	5
886	631	6	11	4
682	631	2	11	3
868	631	8	11	4
704	631	4	11	3
44	631	4	11	1
416	631	16	11	3
210	631	10	11	5
354	631	14	11	4
665	631	5	11	2
452	631	12	11	4
615	631	15	11	4
691	631	11	11	4
95	631	15	11	4
151	631	11	11	3
889	631	9	11	3
655	631	15	11	4
198	631	18	11	3
184	631	4	11	4
707	631	7	11	4
180	631	0	11	5
291	631	11	11	5
92	631	12	11	4
83	631	3	11	2
922	631	2	11	3
514	631	14	11	4
650	631	10	11	3
664	631	4	11	4
458	631	18	11	4
892	631	12	11	4
417	631	17	11	3
327	631	7	11	3
888	631	8	11	4
918	631	18	11	4
617	631	17	11	2
653	631	13	11	2
693	631	13	11	3
406	631	6	11	5
527	631	7	11	4
804	631	4	11	3
450	631	10	11	4
201	631	1	11	2
194	631	14	11	2
840	631	0	11	4
343	631	3	11	4
747	631	7	11	5
337	631	17	11	4
908	631	8	11	4
43	631	3	11	2
495	631	15	11	2
504	631	4	11	4
234	631	14	11	3
406	651	6	11	3
94	651	14	11	5
543	651	3	11	3
197	651	17	11	5
826	651	6	11	4
633	651	13	11	3
437	651	17	11	4
354	651	14	11	3
497	651	17	11	4
632	651	12	11	5
693	651	13	11	3
379	651	19	11	4
747	651	7	11	5
201	651	1	11	4
727	651	7	11	3
405	651	5	11	5
399	651	19	11	3
221	651	1	11	4
165	651	5	11	5
492	651	12	11	3
472	651	12	11	4
889	651	9	11	4
363	651	3	11	3
459	651	19	11	3
479	651	19	11	5
933	651	13	11	3
323	651	3	11	5
301	651	1	11	5
412	651	12	11	4
499	651	19	11	4
303	651	3	11	5
91	651	11	11	5
450	651	10	11	5
667	651	7	11	5
332	651	12	11	5
537	651	17	11	3
619	651	19	11	5
58	651	18	11	4
321	651	1	11	3
627	651	7	11	4
639	651	19	11	4
272	651	12	11	4
711	651	11	11	4
474	651	14	11	5
429	651	9	11	4
158	651	18	11	5
232	651	12	11	3
178	651	18	11	4
156	651	16	11	4
216	651	16	11	5
330	651	10	11	5
92	651	12	11	4
401	651	1	11	4
830	651	10	11	4
198	651	18	11	4
326	651	6	11	4
290	651	10	11	3
298	651	18	11	5
527	651	7	11	5
875	651	15	11	5
566	651	6	11	4
577	651	17	11	5
487	651	7	11	5
378	651	18	11	4
940	651	0	11	4
521	651	1	11	3
64	651	4	11	4
458	651	18	11	3
391	651	11	11	5
234	651	14	11	4
541	651	1	11	5
880	651	0	11	5
417	651	17	11	4
514	651	14	11	4
210	651	10	11	4
387	651	7	11	2
666	651	6	11	5
316	651	16	11	5
586	651	6	11	3
144	651	4	11	4
618	651	18	11	5
788	651	8	11	4
655	651	15	11	4
561	651	1	11	3
184	651	4	11	3
897	651	17	11	3
700	651	0	11	4
465	651	5	11	3
738	651	18	11	4
327	651	7	11	4
244	651	4	11	4
110	651	10	11	4
416	651	16	11	4
606	651	6	11	4
600	651	0	11	4
246	651	6	11	4
311	651	11	11	4
505	651	5	11	3
13	651	13	11	5
315	651	15	11	3
896	651	16	11	4
194	651	14	11	3
271	651	11	11	4
90	651	10	11	5
8	651	8	11	5
484	651	4	11	5
504	651	4	11	4
551	651	11	11	4
128	651	8	11	5
380	651	0	11	3
360	651	0	11	4
741	651	1	11	4
195	651	15	11	5
188	651	8	11	4
496	651	16	11	2
868	651	8	11	5
228	651	8	11	4
10	651	10	11	4
524	651	4	11	4
95	651	15	11	5
187	651	7	11	5
288	651	8	11	4
87	651	7	11	4
686	651	6	11	5
328	651	8	11	5
862	651	2	11	5
757	651	17	11	4
886	651	6	11	5
716	651	16	11	5
65	651	5	11	4
881	651	1	11	5
7	651	7	11	5
154	651	14	11	4
846	651	6	11	3
804	651	4	11	4
488	651	8	11	5
177	651	17	11	3
222	651	2	11	4
871	651	11	11	2
921	651	1	11	3
682	651	2	11	4
864	651	4	11	5
870	651	10	11	3
394	651	14	11	4
903	651	3	11	5
642	651	2	11	4
411	651	11	11	4
329	651	9	11	4
930	651	10	11	3
374	651	14	11	4
345	651	5	11	4
293	651	13	11	3
59	651	19	11	5
466	651	6	11	3
843	651	3	11	2
457	651	17	11	5
313	651	13	11	3
99	651	19	11	5
426	651	6	11	4
629	651	9	11	5
454	651	14	11	4
373	651	13	11	4
823	651	3	11	5
393	651	13	11	4
670	651	10	11	4
62	651	2	11	4
709	651	9	11	4
22	651	2	11	4
453	651	13	11	4
867	651	7	11	5
533	651	13	11	4
650	671	10	11	3
648	671	8	11	3
95	671	15	11	3
264	671	4	11	4
527	671	7	11	5
405	671	5	11	2
422	671	2	11	4
892	671	12	11	5
82	671	2	11	1
312	671	12	11	5
450	671	10	11	3
239	671	19	11	5
311	671	11	11	3
429	671	9	11	3
234	671	14	11	3
7	671	7	11	5
270	671	10	11	4
21	671	1	11	5
406	671	6	11	5
643	671	3	11	4
426	671	6	11	4
561	671	1	11	3
389	671	9	11	5
279	671	19	11	2
60	671	0	11	4
840	671	0	11	3
890	671	10	11	5
13	671	13	11	3
495	671	15	11	2
798	671	18	11	2
326	671	6	11	3
881	671	1	11	3
833	671	13	11	5
308	671	8	11	4
843	671	3	11	3
617	671	17	11	4
385	671	5	11	3
932	671	12	11	3
366	671	6	11	5
815	671	15	11	4
694	671	14	11	3
601	671	1	11	4
102	671	2	11	3
160	671	0	11	5
804	671	4	11	3
474	671	14	11	3
276	691	16	11	4
787	691	7	11	4
587	691	7	11	4
363	691	3	11	3
782	691	2	11	3
894	691	14	11	3
640	691	0	11	4
206	691	6	11	1
507	691	7	11	5
598	691	18	11	2
179	691	19	11	3
13	691	13	11	4
9	691	9	11	5
100	691	0	11	4
863	691	3	11	3
915	691	15	11	4
10	711	10	11	4
94	731	14	11	3
655	731	15	11	3
224	731	4	11	4
798	731	18	11	3
497	731	17	11	3
642	731	2	11	5
234	731	14	11	2
756	731	16	11	3
880	731	0	11	4
280	731	0	11	3
618	731	18	11	2
64	731	4	11	3
11	731	11	11	4
89	731	9	11	3
92	731	12	11	4
889	731	9	11	2
506	731	6	11	4
22	731	2	11	3
387	731	7	11	1
405	731	5	11	3
504	731	4	11	3
796	731	16	11	3
450	731	10	11	3
378	731	18	11	3
846	731	6	11	3
711	731	11	11	4
130	731	10	11	3
178	731	18	11	4
145	731	5	11	3
477	731	17	11	4
158	731	18	11	2
393	731	13	11	3
588	731	8	11	2
389	731	9	11	3
314	731	14	11	4
639	731	19	11	2
749	731	9	11	3
43	731	3	11	4
712	731	12	11	5
191	751	11	11	3
800	751	0	11	4
195	751	15	11	4
820	751	0	11	1
320	751	0	11	4
611	751	11	11	4
30	751	10	11	3
524	751	4	11	4
834	751	14	11	3
787	751	7	11	4
164	751	4	11	4
561	751	1	11	3
280	751	0	11	3
598	751	18	11	3
751	751	11	11	4
166	751	6	11	4
578	751	18	11	3
190	751	10	11	4
147	751	7	11	2
655	751	15	11	3
144	751	4	11	4
234	751	14	11	2
493	751	13	11	5
240	751	0	11	3
210	751	10	11	4
104	751	4	11	4
125	751	5	11	5
841	751	1	11	3
126	751	6	11	4
676	751	16	11	4
33	751	13	11	4
64	751	4	11	2
625	751	5	11	4
757	751	17	11	3
425	751	5	11	2
276	751	16	11	4
179	751	19	11	1
351	751	11	11	4
521	751	1	11	3
940	751	0	11	3
328	751	8	11	3
454	751	14	11	4
724	751	4	11	2
794	751	14	11	3
250	751	10	11	2
851	751	11	11	4
100	751	0	11	4
43	751	3	11	2
842	751	2	11	4
441	751	1	11	4
899	751	19	11	4
822	751	2	11	3
784	751	4	11	4
879	751	19	11	2
610	751	10	11	4
408	751	8	11	4
393	751	13	11	2
60	751	0	11	2
531	751	11	11	4
846	751	6	11	5
507	751	7	11	5
83	751	3	11	3
258	751	18	11	5
428	751	8	11	5
739	751	19	11	3
102	751	2	11	3
782	751	2	11	2
199	751	19	11	3
547	751	7	11	4
488	751	8	11	3
845	751	5	11	2
702	751	2	11	4
297	751	17	11	4
905	751	5	11	3
401	751	1	11	1
319	751	19	11	3
311	751	11	11	3
134	751	14	11	5
294	751	14	11	4
796	751	16	11	5
112	751	12	11	4
178	751	18	11	4
871	751	11	11	4
528	751	8	11	4
548	751	8	11	4
176	751	16	11	1
11	751	11	11	2
894	751	14	11	3
679	751	19	11	5
26	751	6	11	4
646	751	6	11	2
874	751	14	11	3
708	751	8	11	4
546	751	6	11	3
116	751	16	11	3
13	751	13	11	5
502	751	2	11	3
588	751	8	11	3
369	751	9	11	4
41	751	1	11	4
450	751	10	11	5
305	751	5	11	3
807	751	7	11	3
253	751	13	11	3
910	751	10	11	3
489	751	9	11	5
197	751	17	11	3
61	751	1	11	3
519	751	19	11	4
650	751	10	11	2
145	751	5	11	4
734	751	14	11	4
479	751	19	11	4
752	751	12	11	4
293	751	13	11	3
509	751	9	11	3
863	751	3	11	4
526	751	6	11	2
229	751	9	11	3
472	751	12	11	5
772	751	12	11	3
727	751	7	11	3
279	751	19	11	4
603	751	3	11	4
589	751	9	11	4
363	751	3	11	1
189	751	9	11	4
710	751	10	11	3
221	751	1	11	4
813	751	13	11	5
99	751	19	11	4
322	751	2	11	2
133	751	13	11	3
917	751	17	11	2
661	751	1	11	4
818	751	18	11	5
377	751	17	11	3
344	751	4	11	4
284	751	4	11	3
397	751	17	11	3
435	751	15	11	4
674	751	14	11	3
384	751	4	11	4
898	751	18	11	3
758	751	18	11	4
773	751	13	11	3
444	751	4	11	4
701	751	1	11	4
110	751	10	11	3
85	751	5	11	3
640	751	0	11	4
247	751	7	11	3
828	751	8	11	3
119	751	19	11	3
130	751	10	11	5
423	751	3	11	3
551	751	11	11	4
621	751	1	11	4
592	751	12	11	3
440	751	0	11	3
117	751	17	11	5
654	751	14	11	3
738	751	18	11	3
380	751	0	11	3
224	751	4	11	3
830	751	10	11	2
105	751	5	11	2
718	751	18	11	5
463	751	3	11	4
201	751	1	11	3
808	751	8	11	3
896	751	16	11	4
697	751	17	11	5
729	751	9	11	3
545	751	5	11	3
70	751	10	11	4
698	751	18	11	3
396	751	16	11	3
359	751	19	11	4
717	751	17	11	4
653	771	13	11	2
795	771	15	11	3
280	771	0	11	3
450	771	10	11	3
889	771	9	11	2
405	771	5	11	1
394	771	14	11	4
880	771	0	11	3
790	771	10	11	4
145	771	5	11	2
393	771	13	11	3
496	771	16	11	2
269	771	9	11	1
301	771	1	11	2
267	771	7	11	3
934	771	14	11	3
532	771	12	11	3
417	771	17	11	3
893	771	13	11	3
472	771	12	11	4
660	771	0	11	2
497	771	17	11	4
102	771	2	11	2
381	771	1	11	2
92	771	12	11	1
195	771	15	11	2
757	771	17	11	2
826	771	6	11	3
727	771	7	11	3
320	771	0	11	3
600	771	0	11	3
805	771	5	11	5
200	771	0	11	4
804	771	4	11	3
325	771	5	11	1
256	771	16	11	2
130	771	10	11	2
13	771	13	11	3
276	771	16	11	2
286	771	6	11	2
642	771	2	11	3
504	791	4	11	3
880	791	0	11	2
416	791	16	11	2
110	791	10	11	2
22	791	2	11	1
405	791	5	11	1
13	791	13	11	5
95	791	15	11	3
314	791	14	11	4
87	791	7	11	2
854	811	14	11	3
331	811	11	11	4
932	811	12	11	4
567	811	7	11	4
31	811	11	11	4
354	811	14	11	5
707	811	7	11	4
385	811	5	11	4
561	811	1	11	3
299	811	19	11	4
308	811	8	11	4
90	811	10	11	4
934	811	14	11	4
666	811	6	11	4
13	811	13	11	5
327	811	7	11	4
747	811	7	11	3
76	811	16	11	4
102	831	2	11	2
865	831	5	11	1
825	831	5	11	3
26	831	6	11	2
817	831	17	11	1
605	831	5	11	1
717	831	17	11	3
246	831	6	11	1
637	831	17	11	1
445	831	5	11	1
425	831	5	11	3
294	831	14	11	3
346	831	6	11	3
406	831	6	11	2
457	831	17	11	2
486	831	6	11	3
145	831	5	11	1
417	831	17	11	2
357	831	17	11	3
337	831	17	11	1
666	831	6	11	2
774	831	14	11	2
916	831	16	11	1
57	831	17	11	1
37	831	17	11	2
796	831	16	11	2
881	831	1	11	2
167	831	7	11	3
307	831	7	11	1
347	831	7	11	1
276	831	16	11	3
256	831	16	11	4
647	831	7	11	3
301	831	1	11	4
727	831	7	11	3
889	831	9	11	2
769	831	9	11	1
181	831	1	11	1
807	831	7	11	4
141	831	1	11	2
101	831	1	11	3
13	831	13	11	3
943	831	3	11	2
923	831	3	11	4
213	831	13	11	4
910	831	10	11	1
293	831	13	11	3
269	831	9	11	2
313	831	13	11	3
843	831	3	11	4
109	831	9	11	2
119	831	19	11	2
159	831	19	11	2
393	831	13	11	1
279	831	19	11	5
792	831	12	11	2
543	831	3	11	2
359	831	19	11	3
532	831	12	11	2
363	831	3	11	1
833	831	13	11	1
472	831	12	11	5
479	831	19	11	2
805	831	5	11	4
303	831	3	11	4
332	831	12	11	3
699	831	19	11	2
92	831	12	11	2
795	831	15	11	2
880	831	0	11	4
144	831	4	11	3
655	831	15	11	2
718	831	18	11	3
495	831	15	11	1
758	831	18	11	4
435	831	15	11	2
500	831	0	11	3
255	831	15	11	4
195	831	15	11	2
524	831	4	11	3
564	831	4	11	3
268	831	8	11	3
624	831	4	11	3
75	831	15	11	3
200	831	0	11	4
862	831	2	11	3
348	831	8	11	4
804	831	4	11	3
851	831	11	11	5
582	831	2	11	2
648	831	8	11	1
405	851	5	11	1
13	851	13	11	5
385	851	5	11	5
76	851	16	11	4
198	871	18	11	1
174	871	14	11	1
141	871	1	11	3
194	871	14	11	2
388	871	8	11	2
580	871	0	11	4
633	871	13	11	3
900	871	0	11	1
78	871	18	11	3
303	871	3	11	1
83	871	3	11	2
13	871	13	11	2
385	871	5	11	1
728	871	8	11	2
301	871	1	11	4
44	871	4	11	3
642	871	2	11	3
614	871	14	11	2
930	871	10	11	3
714	871	14	11	3
276	871	16	11	2
396	871	16	11	2
26	871	6	11	2
99	871	19	11	2
621	871	1	11	3
887	871	7	11	5
595	871	15	11	2
644	871	4	11	4
87	871	7	11	4
897	871	17	11	3
708	871	8	11	1
293	871	13	11	1
520	871	0	11	1
254	871	14	11	2
905	871	5	11	2
872	871	12	11	3
244	871	4	11	3
279	871	19	11	4
67	871	7	11	3
815	871	15	11	1
168	871	8	11	3
602	871	2	11	3
193	871	13	11	3
417	871	17	11	2
453	871	13	11	1
630	871	10	11	2
786	871	6	11	1
181	871	1	11	2
432	871	12	11	2
54	871	14	11	5
336	871	16	11	2
563	871	3	11	2
442	871	2	11	1
57	871	17	11	3
457	871	17	11	1
56	871	16	11	2
159	871	19	11	4
722	871	2	11	2
774	871	14	11	1
938	871	18	11	2
104	871	4	11	2
542	871	2	11	2
22	871	2	11	3
393	871	13	11	3
152	871	12	11	3
207	871	7	11	5
347	871	7	11	4
332	871	12	11	3
825	871	5	11	3
796	871	16	11	1
445	871	5	11	2
59	871	19	11	2
109	871	9	11	2
533	871	13	11	2
903	871	3	11	3
260	891	0	11	5
206	891	6	11	2
675	891	15	11	2
13	891	13	11	1
112	891	12	11	3
191	891	11	11	3
683	911	3	11	3
655	911	15	11	2
13	911	13	11	2
328	911	8	11	3
59	931	19	11	2
294	931	14	11	3
620	931	0	11	3
92	931	12	11	1
603	931	3	11	2
130	931	10	11	2
109	931	9	11	2
374	931	14	11	3
15	931	15	11	1
119	931	19	11	1
108	931	8	11	2
887	931	7	11	3
168	931	8	11	3
833	931	13	11	4
286	931	6	11	4
332	931	12	11	2
939	931	19	11	2
49	931	9	11	2
200	931	0	11	3
648	931	8	11	2
880	931	0	11	3
62	931	2	11	1
788	931	8	11	2
334	931	14	11	1
825	931	5	11	3
117	931	17	11	3
472	931	12	11	2
795	931	15	11	2
221	931	1	11	3
416	931	16	11	3
532	931	12	11	3
903	931	3	11	2
757	931	17	11	2
592	931	12	11	1
343	931	3	11	3
99	931	19	11	2
642	931	2	11	4
43	931	3	11	1
479	931	19	11	2
21	931	1	11	2
790	931	10	11	2
672	931	12	11	1
293	931	13	11	1
222	931	2	11	1
916	931	16	11	1
262	931	2	11	2
269	931	9	11	1
457	931	17	11	2
637	931	17	11	1
541	931	1	11	3
665	931	5	11	3
276	931	16	11	2
381	931	1	11	4
20	931	0	11	1
524	931	4	11	3
533	931	13	11	2
181	931	1	11	1
642	951	2	11	3
378	951	18	11	3
804	951	4	11	3
450	951	10	11	4
43	951	3	11	3
897	951	17	11	3
505	951	5	11	3
472	951	12	11	1
94	951	14	11	3
276	951	16	11	3
747	951	7	11	2
738	951	18	11	2
393	951	13	11	3
620	951	0	11	3
200	951	0	11	5
311	951	11	11	3
484	951	4	11	1
234	951	14	11	1
606	951	6	11	2
295	951	15	11	5
59	951	19	11	3
194	951	14	11	3
798	951	18	11	3
230	951	10	11	5
864	951	4	11	3
506	951	6	11	3
766	951	6	11	3
749	951	9	11	4
271	951	11	11	2
892	951	12	11	4
497	951	17	11	2
174	951	14	11	1
346	951	6	11	2
298	951	18	11	4
405	951	5	11	1
18	951	18	11	3
343	951	3	11	1
254	951	14	11	4
554	951	14	11	3
877	971	17	11	4
565	971	5	11	5
194	971	14	11	3
440	971	0	11	5
585	971	5	11	3
235	971	15	11	4
474	971	14	11	4
918	971	18	11	4
500	971	0	11	5
95	971	15	11	3
354	971	14	11	3
18	971	18	11	4
279	971	19	11	4
90	971	10	11	4
916	971	16	11	4
405	971	5	11	1
406	971	6	11	3
535	971	15	11	2
848	971	8	11	5
449	971	9	11	4
299	971	19	11	2
883	971	3	11	3
452	971	12	11	4
305	971	5	11	4
828	971	8	11	4
840	971	0	11	4
592	971	12	11	4
537	971	17	11	4
894	971	14	11	3
85	971	5	11	3
765	971	5	11	4
639	971	19	11	4
151	971	11	11	5
561	971	1	11	3
685	991	5	11	1
634	991	14	11	3
695	991	15	11	5
397	991	17	11	1
529	991	9	11	1
782	991	2	11	2
721	991	1	11	3
548	991	8	11	1
194	991	14	11	2
699	991	19	11	3
201	991	1	11	4
682	991	2	11	2
398	991	18	11	2
519	991	19	11	2
181	991	1	11	1
906	991	6	11	3
34	991	14	11	4
824	991	4	11	3
224	991	4	11	1
489	991	9	11	3
551	991	11	11	2
451	991	11	11	2
250	991	10	11	2
21	991	1	11	2
629	991	9	11	1
486	1011	6	11	4
332	1011	12	11	3
472	1011	12	11	4
458	1011	18	11	3
104	1011	4	11	3
655	1011	15	11	3
423	1011	3	11	3
467	1011	7	11	2
474	1011	14	11	4
717	1011	17	11	4
279	1011	19	11	3
365	1011	5	11	3
194	1011	14	11	3
417	1011	17	11	3
751	1011	11	11	4
460	1011	0	11	4
906	1011	6	11	4
715	1011	15	11	4
872	1011	12	11	1
334	1011	14	11	4
57	1011	17	11	3
682	1011	2	11	4
501	1011	1	11	4
551	1011	11	11	5
181	1011	1	11	1
896	1011	16	11	2
916	1011	16	11	4
634	1011	14	11	4
345	1011	5	11	3
162	1011	2	11	4
346	1011	6	11	1
540	1011	0	11	4
637	1011	17	11	1
865	1011	5	11	1
663	1011	3	11	3
449	1011	9	11	4
699	1011	19	11	4
487	1011	7	11	3
26	1011	6	11	3
294	1011	14	11	2
862	1011	2	11	5
374	1011	14	11	4
401	1011	1	11	3
336	1011	16	11	2
666	1011	6	11	4
606	1011	6	11	3
854	1011	14	11	2
548	1011	8	11	2
303	1011	3	11	2
769	1011	9	11	3
445	1011	5	11	1
825	1011	5	11	3
792	1011	12	11	3
52	1011	12	11	4
222	1011	2	11	4
269	1011	9	11	4
429	1011	9	11	4
242	1011	2	11	3
936	1011	16	11	4
525	1011	5	11	3
63	1011	3	11	1
532	1011	12	11	5
178	1011	18	11	3
227	1011	7	11	4
342	1011	2	11	3
677	1011	17	11	3
221	1011	1	11	4
592	1011	12	11	4
293	1011	13	11	3
201	1011	1	11	3
277	1011	17	11	3
276	1011	16	11	3
889	1011	9	11	3
329	1011	9	11	3
145	1011	5	11	5
943	1011	3	11	2
387	1011	7	11	3
249	1011	9	11	5
234	1011	14	11	3
642	1011	2	11	3
924	1011	4	11	3
537	1011	17	11	3
92	1011	12	11	3
905	1011	5	11	3
320	1011	0	11	3
518	1011	18	11	4
923	1011	3	11	4
94	1011	14	11	4
158	1011	18	11	4
347	1011	7	11	3
109	1011	9	11	3
733	1011	13	11	4
416	1011	16	11	4
38	1031	18	11	5
276	1031	16	11	2
756	1031	16	11	2
405	1031	5	11	1
650	1031	10	11	3
868	1031	8	11	1
847	1031	7	11	2
939	1051	19	11	5
223	1051	3	11	3
663	1051	3	11	3
921	1051	1	11	3
286	1051	6	11	4
887	1051	7	11	4
274	1051	14	11	4
907	1051	7	11	5
749	1051	9	11	3
280	1051	0	11	4
157	1051	17	11	4
101	1051	1	11	2
434	1051	14	11	3
708	1051	8	11	4
234	1051	14	11	2
178	1051	18	11	3
637	1051	17	11	2
145	1051	5	11	2
905	1051	5	11	2
72	1051	12	11	4
552	1051	12	11	3
393	1051	13	11	3
374	1051	14	11	4
551	1051	11	11	4
477	1051	17	11	5
168	1051	8	11	4
717	1051	17	11	3
520	1051	0	11	3
416	1051	16	11	3
897	1051	17	11	3
42	1051	2	11	4
459	1051	19	11	3
825	1051	5	11	4
468	1051	8	11	2
445	1051	5	11	1
336	1051	16	11	2
334	1051	14	11	4
851	1051	11	11	2
548	1051	8	11	4
256	1051	16	11	4
181	1051	1	11	2
385	1071	5	11	4
592	1071	12	11	4
57	1071	17	11	3
666	1071	6	11	3
805	1071	5	11	4
342	1071	2	11	4
269	1071	9	11	2
806	1071	6	11	4
49	1071	9	11	3
833	1071	13	11	3
655	1071	15	11	2
429	1071	9	11	2
76	1071	16	11	3
773	1071	13	11	2
618	1071	18	11	1
303	1071	3	11	2
200	1091	0	11	4
807	1091	7	11	3
417	1091	17	11	3
254	1091	14	11	3
301	1091	1	11	3
495	1091	15	11	4
290	1091	10	11	2
822	1091	2	11	1
56	1091	16	11	2
774	1091	14	11	1
62	1091	2	11	3
387	1091	7	11	1
712	1091	12	11	3
269	1091	9	11	2
620	1091	0	11	4
682	1091	2	11	3
276	1091	16	11	3
790	1091	10	11	1
416	1091	16	11	3
286	1091	6	11	4
320	1091	0	11	4
892	1091	12	11	2
545	1091	5	11	3
437	1091	17	11	3
588	1091	8	11	4
95	1091	15	11	3
472	1091	12	11	4
642	1091	2	11	4
313	1091	13	11	2
94	1091	14	11	3
541	1091	1	11	3
378	1091	18	11	2
826	1091	6	11	3
268	1091	8	11	2
805	1091	5	11	2
174	1091	14	11	3
194	1091	14	11	3
393	1091	13	11	2
496	1091	16	11	1
405	1091	5	11	1
450	1091	10	11	4
275	1091	15	11	2
271	1091	11	11	4
500	1111	0	11	4
537	1111	17	11	3
59	1111	19	11	5
591	1111	11	11	4
405	1111	5	11	1
655	1111	15	11	3
758	1111	18	11	4
180	1131	0	11	5
85	1131	5	11	4
327	1131	7	11	4
62	1131	2	11	3
276	1131	16	11	3
894	1131	14	11	4
567	1131	7	11	4
498	1131	18	11	3
561	1131	1	11	4
385	1131	5	11	3
655	1131	15	11	5
883	1131	3	11	5
201	1131	1	11	5
181	1151	1	11	1
279	1151	19	11	2
75	1151	15	11	2
130	1151	10	11	3
435	1151	15	11	1
606	1151	6	11	3
880	1151	0	11	3
455	1171	15	11	3
883	1171	3	11	5
181	1171	1	11	1
192	1171	12	11	2
655	1171	15	11	3
936	1171	16	11	5
918	1171	18	11	4
707	1171	7	11	3
733	1171	13	11	3
486	1171	6	11	3
460	1171	0	11	3
572	1171	12	11	3
85	1171	5	11	3
560	1171	0	11	3
782	1191	2	11	3
440	1191	0	11	5
88	1191	8	11	5
94	1211	14	11	5
378	1211	18	11	3
194	1211	14	11	2
707	1211	7	11	4
343	1211	3	11	4
655	1211	15	11	4
527	1211	7	11	3
539	1211	19	11	3
201	1211	1	11	3
437	1211	17	11	4
92	1211	12	11	3
308	1211	8	11	3
622	1231	2	11	2
727	1231	7	11	3
268	1231	8	11	2
95	1231	15	11	1
256	1231	16	11	3
346	1231	6	11	3
326	1231	6	11	3
405	1231	5	11	1
896	1231	16	11	1
833	1231	13	11	4
399	1231	19	11	3
619	1231	19	11	2
130	1231	10	11	4
826	1231	6	11	3
110	1231	10	11	2
653	1231	13	11	2
682	1231	2	11	2
600	1231	0	11	2
279	1231	19	11	4
889	1231	9	11	3
435	1231	15	11	2
886	1231	6	11	3
113	1251	13	11	5
707	1251	7	11	4
894	1251	14	11	4
306	1251	6	11	5
782	1251	2	11	3
296	1251	16	11	5
794	1251	14	11	4
460	1251	0	11	3
648	1271	8	11	4
405	1271	5	11	2
279	1271	19	11	4
577	1271	17	11	3
476	1271	16	11	2
450	1271	10	11	2
125	1271	5	11	2
825	1291	5	11	2
279	1291	19	11	4
804	1291	4	11	3
145	1291	5	11	3
533	1291	13	11	1
320	1291	0	11	3
223	1291	3	11	3
222	1291	2	11	2
347	1291	7	11	1
880	1291	0	11	3
435	1291	15	11	1
851	1291	11	11	2
577	1291	17	11	3
181	1291	1	11	1
314	1291	14	11	1
588	1311	8	11	1
655	1311	15	11	3
450	1311	10	11	4
846	1311	6	11	2
885	1311	5	11	2
693	1311	13	11	1
174	1311	14	11	3
682	1311	2	11	3
934	1311	14	11	1
500	1311	0	11	1
314	1311	14	11	5
405	1311	5	11	1
707	1311	7	11	3
378	1311	18	11	4
293	1311	13	11	3
642	1311	2	11	3
207	1331	7	11	3
321	1331	1	11	4
181	1331	1	11	1
590	1331	10	11	4
896	1351	16	11	2
181	1351	1	11	1
655	1351	15	11	3
181	1371	1	11	1
394	1371	14	11	2
405	1391	5	11	1
181	1391	1	11	1
782	1391	2	11	4
307	1411	7	11	4
308	1411	8	11	4
727	1411	7	11	2
385	1411	5	11	3
246	1411	6	11	2
934	1411	14	11	4
200	1411	0	11	3
804	1411	4	11	3
435	1411	15	11	1
660	1411	0	11	2
286	1411	6	11	2
932	1411	12	11	4
622	1411	2	11	4
269	1411	9	11	3
325	1411	5	11	4
194	1411	14	11	1
271	1411	11	11	2
798	1411	18	11	1
588	1411	8	11	1
417	1411	17	11	3
881	1411	1	11	2
843	1411	3	11	3
334	1411	14	11	1
303	1411	3	11	2
846	1411	6	11	4
807	1411	7	11	1
305	1411	5	11	3
279	1411	19	11	3
713	1431	13	11	3
863	1431	3	11	4
871	1431	11	11	4
206	1431	6	11	1
739	1431	19	11	5
567	1451	7	11	3
235	1451	15	11	4
234	1451	14	11	3
389	1451	9	11	5
263	1451	3	11	4
419	1451	19	11	4
932	1451	12	11	5
870	1451	10	11	3
840	1451	0	11	5
666	1451	6	11	3
312	1451	12	11	4
426	1451	6	11	4
537	1451	17	11	3
846	1451	6	11	4
553	1451	13	11	4
314	1471	14	11	4
256	1471	16	11	3
790	1471	10	11	2
270	1471	10	11	4
267	1471	7	11	2
276	1471	16	11	2
405	1471	5	11	1
291	1471	11	11	3
896	1471	16	11	1
279	1491	19	11	5
671	1491	11	11	1
782	1511	2	11	2
303	1511	3	11	3
796	1511	16	11	3
662	1511	2	11	4
354	1511	14	11	4
897	1531	17	11	4
864	1531	4	11	3
577	1531	17	11	4
378	1531	18	11	4
393	1531	13	11	4
642	1531	2	11	3
405	1531	5	11	1
456	1551	16	11	3
405	1551	5	11	1
405	1571	5	11	1
440	1591	0	11	5
883	1591	3	11	3
405	1591	5	11	1
445	1591	5	11	4
724	1591	4	11	1
519	1591	19	11	5
782	1611	2	11	3
486	1611	6	11	3
747	1631	7	11	3
655	1631	15	11	4
655	1651	15	11	4
787	1671	7	11	1
