671	5	11	5	2
372	5	12	5	4
345	5	5	5	3
506	5	6	5	4
293	5	13	5	3
311	5	11	5	3
21	5	1	5	2
925	5	5	5	4
604	5	4	5	2
256	5	16	5	5
393	5	13	5	3
102	5	2	5	3
367	5	7	5	4
551	5	11	5	4
682	5	2	5	3
308	5	8	5	4
562	5	2	5	4
864	5	4	5	4
880	5	0	5	3
796	5	16	5	4
363	5	3	5	1
422	5	2	5	3
28	5	8	5	3
916	5	16	5	3
546	5	6	5	5
666	5	6	5	2
207	5	7	5	3
218	5	18	5	3
593	5	13	5	4
118	5	18	5	2
388	5	8	5	4
468	5	8	5	3
435	5	15	5	2
919	5	19	5	4
727	5	7	5	3
303	5	3	5	2
814	5	14	5	3
270	5	10	5	5
776	5	16	5	4
44	5	4	5	4
255	5	15	5	2
741	5	1	5	3
368	5	8	5	3
374	5	14	5	4
643	5	3	5	3
504	5	4	5	4
437	5	17	5	2
417	5	17	5	4
907	5	7	5	5
886	5	6	5	3
399	5	19	5	3
577	5	17	5	4
655	5	15	5	2
145	5	5	5	3
709	5	9	5	4
135	5	15	5	3
378	5	18	5	3
344	5	4	5	3
1	5	1	5	3
43	5	3	5	4
425	5	5	5	1
375	5	15	5	4
13	5	13	5	1
763	5	3	5	4
269	5	9	5	2
332	5	12	5	5
92	5	12	5	4
267	5	7	5	3
291	5	11	5	5
405	5	5	5	4
280	5	0	5	4
314	5	14	5	4
109	5	9	5	3
648	5	8	5	4
234	5	14	5	3
339	5	19	5	3
130	5	10	5	4
447	5	7	5	3
805	5	5	5	4
633	5	13	5	3
188	5	8	5	4
892	5	12	5	4
72	5	12	5	4
276	5	16	5	3
833	5	13	5	1
406	5	6	5	4
295	25	15	5	5
535	25	15	5	4
484	25	4	5	3
234	25	14	5	3
378	25	18	5	4
43	25	3	5	5
770	25	10	5	5
398	25	18	5	4
318	25	18	5	5
63	25	3	5	4
690	25	10	5	3
83	25	3	5	2
458	25	18	5	1
54	25	14	5	4
198	25	18	5	2
650	25	10	5	3
790	25	10	5	2
178	25	18	5	3
223	25	3	5	1
880	25	0	5	4
429	25	9	5	4
749	25	9	5	4
243	25	3	5	3
518	25	18	5	5
630	25	10	5	2
98	25	18	5	5
78	25	18	5	3
58	25	18	5	4
800	25	0	5	4
618	25	18	5	2
760	25	0	5	2
303	25	3	5	4
555	25	15	5	4
18	25	18	5	3
869	25	9	5	2
825	25	5	5	4
678	25	18	5	2
680	25	0	5	4
698	25	18	5	2
933	25	13	5	2
389	25	9	5	3
913	25	13	5	3
343	25	3	5	2
349	25	9	5	3
910	25	10	5	3
758	25	18	5	4
363	25	3	5	3
450	25	10	5	3
580	25	0	5	3
56	25	16	5	4
463	25	3	5	3
560	25	0	5	3
569	25	9	5	4
693	25	13	5	4
59	25	19	5	4
897	25	17	5	2
540	25	0	5	4
520	25	0	5	4
500	25	0	5	3
503	25	3	5	4
523	25	3	5	4
176	25	16	5	3
593	25	13	5	3
918	25	18	5	4
330	25	10	5	5
196	25	16	5	4
938	25	18	5	4
216	25	16	5	3
533	25	13	5	4
68	25	8	5	4
94	25	14	5	3
805	25	5	5	4
256	25	16	5	5
128	25	8	5	3
493	25	13	5	4
473	25	13	5	4
453	25	13	5	4
360	25	0	5	4
663	25	3	5	4
99	25	19	5	3
270	25	10	5	5
413	25	13	5	3
703	25	3	5	3
168	25	8	5	5
763	25	3	5	4
109	25	9	5	4
276	25	16	5	4
119	25	19	5	5
393	25	13	5	2
230	25	10	5	3
823	25	3	5	3
89	25	9	5	5
159	25	19	5	5
373	25	13	5	4
268	25	8	5	3
843	25	3	5	2
210	25	10	5	4
313	25	13	5	2
49	25	9	5	2
308	25	8	5	4
200	25	0	5	4
336	25	16	5	3
765	25	5	5	4
293	25	13	5	3
455	25	15	5	3
396	25	16	5	3
903	25	3	5	4
120	25	0	5	5
213	25	13	5	4
348	25	8	5	4
416	25	16	5	4
837	25	17	5	3
193	25	13	5	4
264	25	4	5	4
892	25	12	5	4
468	25	8	5	5
90	25	10	5	5
53	25	13	5	4
1	25	1	5	4
279	25	19	5	5
891	25	11	5	5
852	25	12	5	3
81	25	1	5	5
13	25	13	5	1
832	25	12	5	2
792	25	12	5	2
548	25	8	5	2
121	25	1	5	5
927	25	7	5	3
141	25	1	5	5
299	25	19	5	3
907	25	7	5	5
588	25	8	5	4
887	25	7	5	2
608	25	8	5	4
847	25	7	5	3
692	25	12	5	4
672	25	12	5	5
181	25	1	5	5
751	25	11	5	5
636	25	16	5	5
648	25	8	5	2
632	25	12	5	1
339	25	19	5	4
747	25	7	5	3
612	25	12	5	3
711	25	11	5	4
708	25	8	5	3
728	25	8	5	4
201	25	1	5	3
727	25	7	5	3
768	25	8	5	4
716	25	16	5	4
301	25	1	5	3
591	25	11	5	4
848	25	8	5	5
551	25	11	5	1
552	25	12	5	3
401	25	1	5	4
441	25	1	5	3
2	25	2	5	4
896	25	16	5	3
487	25	7	5	1
501	25	1	5	3
521	25	1	5	2
447	25	7	5	4
42	25	2	5	3
917	25	17	5	4
407	25	7	5	3
459	25	19	5	2
82	25	2	5	2
387	25	7	5	2
561	25	1	5	2
726	25	6	5	4
344	25	4	5	4
452	25	12	5	2
706	25	6	5	4
347	25	7	5	2
327	25	7	5	2
936	25	16	5	4
26	25	6	5	3
194	25	14	5	2
621	25	1	5	4
162	25	2	5	4
435	25	15	5	5
666	25	6	5	3
5	25	5	5	3
25	25	5	5	5
222	25	2	5	3
45	25	5	5	4
184	25	4	5	4
65	25	5	5	4
227	25	7	5	4
85	25	5	5	2
207	25	7	5	4
606	25	6	5	5
741	25	1	5	3
885	25	5	5	4
579	25	19	5	4
271	25	11	5	3
717	25	17	5	5
251	25	11	5	4
342	25	2	5	2
87	25	7	5	4
125	25	5	5	1
67	25	7	5	4
382	25	2	5	2
881	25	1	5	3
402	25	2	5	4
145	25	5	5	2
151	25	11	5	4
566	25	6	5	2
7	25	7	5	3
921	25	1	5	3
934	25	14	5	4
894	25	14	5	2
185	25	5	5	4
192	25	12	5	4
77	25	17	5	2
582	25	2	5	3
152	25	12	5	3
854	25	14	5	3
117	25	17	5	4
11	25	11	5	3
157	25	17	5	3
834	25	14	5	3
486	25	6	5	4
345	25	5	5	3
277	25	17	5	4
674	25	14	5	4
655	25	15	5	3
697	25	17	5	3
864	25	4	5	4
654	25	14	5	1
634	25	14	5	4
682	25	2	5	4
365	25	5	5	4
297	25	17	5	4
92	25	12	5	3
337	25	17	5	3
614	25	14	5	1
72	25	12	5	5
859	25	19	5	4
722	25	2	5	4
534	25	14	5	5
879	25	19	5	4
417	25	17	5	2
52	25	12	5	5
899	25	19	5	3
804	25	4	5	4
514	25	14	5	4
406	25	6	5	1
474	25	14	5	5
424	25	4	5	4
822	25	2	5	3
919	25	19	5	4
14	25	14	5	2
106	25	6	5	4
764	25	4	5	2
882	25	2	5	2
835	25	15	5	5
457	25	17	5	4
24	25	4	5	4
625	25	5	5	2
477	25	17	5	5
374	25	14	5	5
15	25	15	5	3
497	25	17	5	4
306	25	6	5	3
75	25	15	5	5
354	25	14	5	2
44	25	4	5	2
624	25	4	5	4
95	25	15	5	3
286	25	6	5	3
795	25	15	5	5
637	25	17	5	4
517	25	17	5	2
315	25	15	5	5
584	25	4	5	3
735	25	15	5	4
266	25	6	5	3
84	25	4	5	3
314	25	14	5	3
537	25	17	5	2
525	25	5	5	5
246	25	6	5	3
274	25	14	5	5
104	25	4	5	3
504	25	4	5	4
226	25	6	5	4
577	25	17	5	4
545	25	5	5	2
239	45	19	5	5
664	45	4	5	4
844	45	4	5	4
932	45	12	5	5
94	45	14	5	5
58	45	18	5	5
707	45	7	5	4
918	45	18	5	4
90	45	10	5	3
535	45	15	5	3
591	45	11	5	5
492	45	12	5	3
189	45	9	5	3
799	45	19	5	4
500	45	0	5	4
840	45	0	5	4
805	45	5	5	4
828	45	8	5	4
344	45	4	5	5
571	45	11	5	4
321	45	1	5	4
607	45	7	5	4
339	45	19	5	5
80	45	0	5	4
553	45	13	5	4
487	45	7	5	5
796	45	16	5	3
305	45	5	5	5
435	45	15	5	5
429	45	9	5	3
491	45	11	5	5
773	45	13	5	4
894	45	14	5	4
806	45	6	5	4
930	45	10	5	4
358	45	18	5	3
405	45	5	5	1
234	45	14	5	4
409	45	9	5	4
85	45	5	5	3
452	45	12	5	4
1	45	1	5	5
457	45	17	5	5
633	45	13	5	3
207	45	7	5	3
138	45	18	5	5
537	45	17	5	3
883	45	3	5	5
201	45	1	5	2
855	45	15	5	3
293	45	13	5	5
204	45	4	5	5
503	45	3	5	5
106	45	6	5	3
13	45	13	5	3
59	45	19	5	5
251	45	11	5	5
878	45	18	5	3
514	45	14	5	4
539	45	19	5	4
870	45	10	5	5
308	45	8	5	4
655	45	15	5	3
862	45	2	5	4
354	45	14	5	5
838	45	18	5	4
861	45	1	5	5
585	45	5	5	5
875	45	15	5	3
296	45	16	5	5
561	45	1	5	3
214	45	14	5	4
72	45	12	5	5
407	45	7	5	4
360	45	0	5	4
658	45	18	5	5
474	45	14	5	5
18	45	18	5	5
299	45	19	5	3
200	45	0	5	3
198	65	18	5	2
887	65	7	5	5
537	65	17	5	3
880	65	0	5	4
314	65	14	5	4
721	65	1	5	1
128	65	8	5	4
897	65	17	5	4
327	65	7	5	2
271	65	11	5	3
493	65	13	5	4
262	65	2	5	4
593	65	13	5	3
207	65	7	5	3
561	65	1	5	3
187	65	7	5	5
579	65	19	5	3
85	65	5	5	3
244	65	4	5	4
436	65	16	5	4
62	65	2	5	4
916	65	16	5	3
116	65	16	5	2
665	65	5	5	4
269	65	9	5	4
766	65	6	5	4
59	65	19	5	4
151	65	11	5	4
447	65	7	5	3
276	65	16	5	4
416	65	16	5	5
1	65	1	5	4
934	65	14	5	4
90	65	10	5	4
577	65	17	5	5
393	65	13	5	2
71	65	11	5	5
504	65	4	5	4
295	65	15	5	5
358	65	18	5	4
621	65	1	5	3
401	65	1	5	4
363	65	3	5	4
868	65	8	5	2
92	65	12	5	4
642	65	2	5	4
450	65	10	5	3
885	65	5	5	2
184	65	4	5	4
889	65	9	5	4
389	65	9	5	4
645	65	5	5	4
848	65	8	5	2
343	65	3	5	5
279	65	19	5	1
345	65	5	5	4
267	65	7	5	4
864	65	4	5	3
805	65	5	5	3
468	65	8	5	3
210	65	10	5	4
682	65	2	5	3
18	65	18	5	5
707	65	7	5	4
846	65	6	5	3
313	65	13	5	2
870	65	10	5	3
235	65	15	5	2
788	65	8	5	4
409	65	9	5	4
727	65	7	5	2
239	65	19	5	5
397	65	17	5	2
760	65	0	5	2
886	65	6	5	3
174	65	14	5	5
655	65	15	5	2
790	65	10	5	4
768	65	8	5	4
514	65	14	5	3
618	65	18	5	3
643	65	3	5	4
494	65	14	5	5
378	65	18	5	3
303	65	3	5	4
417	65	17	5	4
216	65	16	5	4
469	65	9	5	4
405	65	5	5	1
437	65	17	5	4
201	65	1	5	4
339	65	19	5	4
711	65	11	5	4
308	65	8	5	3
455	65	15	5	3
883	65	3	5	4
429	65	9	5	3
457	65	17	5	5
328	65	8	5	4
293	65	13	5	3
259	65	19	5	3
130	65	10	5	4
601	65	1	5	4
347	65	7	5	2
815	65	15	5	5
533	65	13	5	4
709	65	9	5	2
478	65	18	5	4
524	65	4	5	4
65	65	5	5	3
608	65	8	5	5
354	65	14	5	4
398	65	18	5	3
144	65	4	5	4
95	65	15	5	4
286	85	6	5	5
543	85	3	5	2
916	85	16	5	2
788	85	8	5	1
790	85	10	5	3
1	85	1	5	3
234	85	14	5	2
586	85	6	5	3
125	85	5	5	3
804	85	4	5	4
429	85	9	5	4
588	85	8	5	5
453	85	13	5	3
416	85	16	5	3
10	85	10	5	4
577	85	17	5	3
318	85	18	5	3
537	85	17	5	2
336	85	16	5	3
398	85	18	5	4
690	85	10	5	1
22	85	2	5	5
158	85	18	5	4
640	85	0	5	5
405	85	5	5	4
890	85	10	5	1
751	85	11	5	3
476	85	16	5	2
393	85	13	5	3
487	85	7	5	2
749	85	9	5	4
435	85	15	5	4
276	85	16	5	3
551	85	11	5	1
291	85	11	5	2
763	85	3	5	4
327	85	7	5	2
880	85	0	5	3
506	85	6	5	3
889	85	9	5	3
919	85	19	5	2
682	85	2	5	3
49	85	9	5	3
92	85	12	5	3
864	85	4	5	2
747	85	7	5	3
715	85	15	5	3
328	85	8	5	1
591	85	11	5	3
235	85	15	5	4
896	85	16	5	3
347	85	7	5	5
447	85	7	5	4
293	85	13	5	3
308	85	8	5	4
407	85	7	5	4
303	85	3	5	3
406	85	6	5	2
393	105	13	5	3
532	105	12	5	3
336	105	16	5	4
758	105	18	5	2
57	105	17	5	3
497	105	17	5	2
933	105	13	5	2
357	105	17	5	4
389	105	9	5	3
622	105	2	5	3
805	105	5	5	2
862	105	2	5	3
349	105	9	5	2
435	105	15	5	3
882	105	2	5	3
774	105	14	5	1
790	105	10	5	2
1	105	1	5	2
472	105	12	5	3
325	105	5	5	3
373	105	13	5	3
749	105	9	5	1
295	105	15	5	4
534	105	14	5	4
727	105	7	5	1
938	105	18	5	1
67	105	7	5	4
314	105	14	5	4
459	105	19	5	4
804	105	4	5	3
927	105	7	5	1
279	105	19	5	4
290	105	10	5	2
881	105	1	5	3
795	105	15	5	1
294	105	14	5	3
119	105	19	5	2
642	105	2	5	5
5	105	5	5	3
145	105	5	5	2
829	105	9	5	3
125	105	5	5	3
268	105	8	5	2
716	105	16	5	2
457	105	17	5	3
416	105	16	5	2
130	105	10	5	4
318	105	18	5	1
932	105	12	5	2
903	105	3	5	3
99	105	19	5	2
189	105	9	5	2
653	105	13	5	3
880	105	0	5	3
887	105	7	5	3
665	105	5	5	2
923	105	3	5	4
38	105	18	5	3
83	105	3	5	2
517	105	17	5	1
210	105	10	5	3
332	105	12	5	2
301	105	1	5	3
144	105	4	5	2
22	105	2	5	1
347	105	7	5	2
162	105	2	5	2
798	105	18	5	3
648	105	8	5	3
330	105	10	5	4
181	105	1	5	1
449	105	9	5	1
825	105	5	5	3
244	105	4	5	2
311	125	11	5	4
1	125	1	5	3
931	125	11	5	4
93	125	13	5	1
101	125	1	5	4
455	125	15	5	3
254	125	14	5	3
609	125	9	5	4
274	125	14	5	4
121	125	1	5	2
792	125	12	5	3
456	125	16	5	4
525	125	5	5	3
892	125	12	5	4
416	125	16	5	5
398	125	18	5	3
141	125	1	5	5
837	125	17	5	5
294	125	14	5	3
314	125	14	5	5
505	125	5	5	3
927	125	7	5	4
298	125	18	5	3
851	125	11	5	4
907	125	7	5	4
83	125	3	5	5
238	125	18	5	3
715	125	15	5	3
130	125	10	5	5
286	125	6	5	4
334	125	14	5	3
50	125	10	5	2
887	125	7	5	5
64	125	4	5	2
569	125	9	5	3
588	125	8	5	3
669	125	9	5	3
213	125	13	5	5
484	125	4	5	4
689	125	9	5	3
923	125	3	5	4
120	125	0	5	4
624	125	4	5	3
75	125	15	5	3
178	125	18	5	4
847	125	7	5	3
181	125	1	5	3
253	125	13	5	3
709	125	9	5	4
644	125	4	5	4
15	125	15	5	5
655	125	15	5	2
825	125	5	5	5
223	125	3	5	3
576	125	16	5	4
243	125	3	5	3
652	125	12	5	2
374	125	14	5	5
158	125	18	5	3
815	125	15	5	5
201	125	1	5	2
731	125	11	5	3
396	125	16	5	3
457	125	17	5	4
906	125	6	5	4
293	125	13	5	2
436	125	16	5	4
518	125	18	5	5
263	125	3	5	4
434	125	14	5	5
648	125	8	5	2
6	125	6	5	3
637	125	17	5	3
283	125	3	5	5
749	125	9	5	5
630	125	10	5	3
919	125	19	5	4
324	125	4	5	5
764	125	4	5	4
708	125	8	5	4
336	125	16	5	3
590	125	10	5	3
417	125	17	5	5
935	125	15	5	4
800	125	0	5	3
200	125	0	5	5
303	125	3	5	2
899	125	19	5	3
618	125	18	5	3
727	125	7	5	4
94	125	14	5	1
829	125	9	5	3
760	125	0	5	4
550	125	10	5	4
190	125	10	5	3
879	125	19	5	5
788	125	8	5	3
534	125	14	5	3
804	125	4	5	4
869	125	9	5	3
406	125	6	5	3
554	125	14	5	3
261	125	1	5	5
295	125	15	5	5
745	125	5	5	5
844	125	4	5	3
18	125	18	5	3
357	125	17	5	5
337	125	17	5	4
933	125	13	5	4
296	125	16	5	5
365	125	5	5	3
889	125	9	5	4
660	125	0	5	3
621	125	1	5	4
224	125	4	5	3
634	125	14	5	4
864	125	4	5	4
470	125	10	5	4
313	125	13	5	3
779	125	19	5	4
345	125	5	5	3
592	125	12	5	2
682	125	2	5	4
848	125	8	5	5
174	125	14	5	5
674	125	14	5	5
551	125	11	5	4
627	125	7	5	2
552	125	12	5	3
230	125	10	5	5
893	125	13	5	3
642	125	2	5	4
164	125	4	5	5
280	125	0	5	2
159	125	19	5	5
92	125	12	5	4
757	125	17	5	2
486	125	6	5	3
758	125	18	5	2
349	125	9	5	4
823	125	3	5	4
532	125	12	5	5
373	125	13	5	4
622	125	2	5	3
11	125	11	5	4
910	125	10	5	3
16	125	16	5	3
577	125	17	5	4
796	125	16	5	4
344	125	4	5	3
152	125	12	5	5
401	125	1	5	3
602	125	2	5	4
582	125	2	5	3
854	125	14	5	3
620	125	0	5	2
289	125	9	5	2
874	125	14	5	3
265	125	5	5	4
487	125	7	5	5
77	125	17	5	3
763	125	3	5	3
57	125	17	5	3
192	125	12	5	3
194	125	14	5	2
109	125	9	5	5
894	125	14	5	3
119	125	19	5	5
697	125	17	5	3
17	125	17	5	1
26	125	6	5	4
526	125	6	5	2
580	125	0	5	3
501	125	1	5	3
423	125	3	5	2
665	125	5	5	4
921	125	1	5	3
733	125	13	5	2
46	125	6	5	4
393	125	13	5	4
786	125	6	5	4
7	125	7	5	4
292	125	12	5	2
59	125	19	5	3
378	125	18	5	2
234	125	14	5	3
798	125	18	5	3
151	125	11	5	4
521	125	1	5	3
450	125	10	5	4
463	125	3	5	4
717	125	17	5	4
42	125	2	5	4
540	125	0	5	3
439	125	19	5	3
881	125	1	5	5
730	125	10	5	4
391	125	11	5	3
504	125	4	5	4
67	125	7	5	4
168	125	8	5	4
62	125	2	5	4
342	125	2	5	2
905	125	5	5	3
821	125	1	5	4
276	125	16	5	4
653	125	13	5	2
256	125	16	5	5
663	125	3	5	3
251	125	11	5	4
435	125	15	5	3
472	125	12	5	5
144	125	4	5	4
459	125	19	5	4
503	125	3	5	3
453	125	13	5	3
332	125	12	5	5
761	125	1	5	4
249	125	9	5	3
916	125	16	5	3
82	125	2	5	3
271	125	11	5	3
290	125	10	5	3
262	125	2	5	3
606	125	6	5	4
500	125	0	5	3
207	125	7	5	4
706	125	6	5	5
593	125	13	5	4
897	125	17	5	4
347	125	7	5	5
721	125	1	5	3
108	125	8	5	3
65	125	5	5	4
938	125	18	5	3
601	125	1	5	1
291	125	11	5	4
68	125	8	5	1
25	125	5	5	5
99	125	19	5	4
222	125	2	5	5
936	125	16	5	4
533	125	13	5	5
749	145	9	5	4
28	145	8	5	3
1	145	1	5	2
650	145	10	5	3
262	145	2	5	1
5	145	5	5	1
497	145	17	5	4
367	145	7	5	3
222	145	2	5	2
721	145	1	5	4
49	145	9	5	1
709	145	9	5	3
757	145	17	5	3
246	145	6	5	1
92	145	12	5	2
814	145	14	5	2
660	145	0	5	2
280	145	0	5	3
864	145	4	5	4
796	145	16	5	2
843	145	3	5	3
301	145	1	5	3
620	145	0	5	5
268	145	8	5	1
805	145	5	5	2
804	145	4	5	3
385	145	5	5	1
23	145	3	5	3
21	145	1	5	1
450	145	10	5	3
661	145	1	5	1
363	145	3	5	1
13	145	13	5	2
495	145	15	5	4
417	145	17	5	3
773	145	13	5	3
276	145	16	5	3
339	145	19	5	3
38	145	18	5	1
715	145	15	5	2
307	145	7	5	4
201	145	1	5	3
934	145	14	5	3
303	145	3	5	1
7	145	7	5	1
320	145	0	5	4
546	145	6	5	4
267	145	7	5	4
368	145	8	5	2
393	145	13	5	3
244	145	4	5	3
270	145	10	5	3
617	145	17	5	1
437	145	17	5	1
425	145	5	5	3
896	145	16	5	1
116	145	16	5	2
790	145	10	5	2
776	145	16	5	2
868	145	8	5	1
457	145	17	5	3
653	145	13	5	2
478	145	18	5	1
922	145	2	5	3
648	145	8	5	4
257	165	17	5	4
13	165	13	5	3
6	165	6	5	5
18	165	18	5	4
232	165	12	5	4
279	165	19	5	4
234	165	14	5	5
392	165	12	5	5
123	165	3	5	5
918	165	18	5	4
889	165	9	5	3
194	165	14	5	4
543	165	3	5	4
361	165	1	5	5
189	165	9	5	5
499	165	19	5	5
535	165	15	5	4
144	165	4	5	4
932	165	12	5	4
299	165	19	5	4
622	165	2	5	5
429	165	9	5	5
354	165	14	5	4
121	165	1	5	4
855	165	15	5	4
305	165	5	5	4
588	165	8	5	2
909	165	9	5	5
308	165	8	5	3
878	165	18	5	4
707	165	7	5	3
239	165	19	5	5
430	165	10	5	4
584	165	4	5	1
655	165	15	5	3
566	165	6	5	5
930	165	10	5	5
1	165	1	5	5
734	165	14	5	3
373	165	13	5	5
836	165	16	5	4
565	165	5	5	4
848	165	8	5	5
884	165	4	5	3
661	165	1	5	5
928	165	8	5	5
585	165	5	5	4
568	165	8	5	4
106	165	6	5	5
642	165	2	5	4
293	165	13	5	3
292	165	12	5	4
312	165	12	5	5
840	165	0	5	5
437	165	17	5	4
342	165	2	5	3
625	165	5	5	3
360	165	0	5	4
639	165	19	5	3
894	165	14	5	4
184	165	4	5	4
409	165	9	5	4
557	165	17	5	5
480	165	0	5	5
862	185	2	5	5
843	185	3	5	3
913	185	13	5	4
805	185	5	5	5
846	185	6	5	5
537	185	17	5	4
694	185	14	5	4
848	185	8	5	3
645	185	5	5	5
497	185	17	5	3
425	185	5	5	2
932	185	12	5	4
328	185	8	5	4
299	185	19	5	3
606	185	6	5	3
847	185	7	5	2
298	185	18	5	3
354	185	14	5	3
115	185	15	5	5
608	185	8	5	5
686	185	6	5	5
123	185	3	5	4
943	185	3	5	2
135	185	15	5	4
907	185	7	5	4
912	185	12	5	3
94	185	14	5	5
184	185	4	5	4
398	185	18	5	5
903	185	3	5	5
925	185	5	5	4
44	185	4	5	4
372	185	12	5	5
215	185	15	5	4
650	185	10	5	3
65	185	5	5	4
222	185	2	5	4
223	185	3	5	2
10	185	10	5	5
256	185	16	5	5
495	185	15	5	5
48	185	8	5	4
90	185	10	5	5
911	185	11	5	5
815	185	15	5	3
374	185	14	5	5
535	185	15	5	4
160	185	0	5	5
207	185	7	5	4
880	185	0	5	5
259	185	19	5	4
102	185	2	5	3
648	185	8	5	5
350	185	10	5	5
334	185	14	5	4
367	185	7	5	5
452	185	12	5	5
21	185	1	5	5
330	185	10	5	4
524	185	4	5	4
568	185	8	5	4
655	185	15	5	4
617	185	17	5	5
262	185	2	5	3
380	185	0	5	4
82	185	2	5	3
23	185	3	5	4
539	185	19	5	4
498	185	18	5	4
326	185	6	5	5
665	185	5	5	4
322	185	2	5	5
561	185	1	5	4
293	185	13	5	5
339	185	19	5	4
271	185	11	5	3
456	185	16	5	4
251	185	11	5	5
835	185	15	5	4
130	185	10	5	5
503	185	3	5	5
308	185	8	5	4
234	185	14	5	3
269	185	9	5	5
371	185	11	5	3
457	185	17	5	5
704	185	4	5	4
882	185	2	5	5
138	185	18	5	4
437	185	17	5	5
653	185	13	5	2
148	185	8	5	1
312	185	12	5	5
118	185	18	5	5
528	185	8	5	4
454	185	14	5	2
60	185	0	5	4
877	185	17	5	4
586	185	6	5	2
116	185	16	5	3
154	185	14	5	5
407	185	7	5	5
766	185	6	5	4
213	185	13	5	5
472	185	12	5	5
480	185	0	5	2
693	185	13	5	5
70	185	10	5	4
881	185	1	5	5
429	185	9	5	4
747	185	7	5	5
666	185	6	5	4
58	185	18	5	2
375	185	15	5	5
5	185	5	5	3
246	185	6	5	5
610	185	10	5	5
479	185	19	5	4
366	185	6	5	5
194	185	14	5	4
96	185	16	5	5
239	185	19	5	4
749	185	9	5	4
508	185	8	5	5
711	185	11	5	4
422	185	2	5	4
315	185	15	5	4
145	185	5	5	4
417	185	17	5	3
151	185	11	5	4
883	185	3	5	5
236	185	16	5	5
875	185	15	5	4
618	185	18	5	5
307	185	7	5	3
201	185	1	5	5
270	185	10	5	5
474	185	14	5	5
492	185	12	5	3
405	185	5	5	4
604	185	4	5	2
659	185	19	5	4
840	185	0	5	5
7	185	7	5	5
303	185	3	5	5
546	185	6	5	4
38	185	18	5	2
28	185	8	5	5
716	185	16	5	5
188	185	8	5	4
406	185	6	5	5
802	185	2	5	3
59	185	19	5	5
921	185	1	5	3
42	185	2	5	4
416	185	16	5	4
753	185	13	5	3
691	185	11	5	5
320	185	0	5	4
514	185	14	5	3
661	185	1	5	5
773	185	13	5	4
543	185	3	5	4
276	185	16	5	4
383	185	3	5	5
1	185	1	5	4
13	185	13	5	3
804	185	4	5	4
638	185	18	5	5
49	185	9	5	5
758	185	18	5	4
316	185	16	5	2
264	185	4	5	5
363	185	3	5	5
248	185	8	5	3
488	185	8	5	4
562	185	2	5	5
385	185	5	5	5
760	185	0	5	2
601	185	1	5	4
421	185	1	5	4
198	185	18	5	3
285	185	5	5	3
311	185	11	5	2
623	185	3	5	4
643	185	3	5	5
836	185	16	5	5
389	185	9	5	5
18	185	18	5	3
889	185	9	5	4
908	185	8	5	4
854	185	14	5	4
504	185	4	5	5
796	185	16	5	4
527	185	7	5	5
401	185	1	5	4
788	185	8	5	4
707	185	7	5	3
435	185	15	5	4
210	185	10	5	4
833	185	13	5	5
329	185	9	5	3
814	185	14	5	3
379	185	19	5	5
699	185	19	5	4
567	185	7	5	5
189	185	9	5	5
235	185	15	5	4
95	185	15	5	3
622	185	2	5	3
548	185	8	5	5
929	185	9	5	5
11	185	11	5	4
6	185	6	5	5
573	185	13	5	3
214	185	14	5	5
551	185	11	5	5
870	185	10	5	4
592	185	12	5	5
361	185	1	5	5
426	185	6	5	5
325	185	5	5	5
774	185	14	5	2
682	185	2	5	4
268	185	8	5	3
313	185	13	5	5
415	185	15	5	4
719	185	19	5	4
297	185	17	5	5
64	185	4	5	4
450	185	10	5	5
217	185	17	5	3
230	185	10	5	4
255	185	15	5	4
897	185	17	5	5
890	185	10	5	5
776	185	16	5	4
710	185	10	5	4
237	185	17	5	4
263	205	3	5	5
545	205	5	5	4
230	205	10	5	3
503	205	3	5	4
339	205	19	5	5
233	205	13	5	4
13	205	13	5	2
156	205	16	5	3
627	205	7	5	5
749	205	9	5	4
694	205	14	5	5
268	205	8	5	5
207	205	7	5	4
60	205	0	5	4
843	205	3	5	4
308	205	8	5	3
211	205	11	5	5
900	205	0	5	4
313	205	13	5	5
97	205	17	5	2
433	205	13	5	3
943	205	3	5	5
285	205	5	5	4
479	205	19	5	3
536	205	16	5	5
567	205	7	5	3
200	205	0	5	4
10	205	10	5	5
398	205	18	5	5
288	205	8	5	5
321	205	1	5	5
532	205	12	5	5
524	205	4	5	5
908	205	8	5	3
385	205	5	5	2
318	205	18	5	3
682	205	2	5	3
897	205	17	5	3
551	205	11	5	5
125	205	5	5	5
882	205	2	5	5
312	205	12	5	5
766	205	6	5	5
391	205	11	5	5
239	205	19	5	3
715	205	15	5	5
731	205	11	5	1
328	205	8	5	4
774	205	14	5	4
194	205	14	5	3
504	205	4	5	3
653	205	13	5	1
835	205	15	5	3
757	205	17	5	4
340	205	0	5	4
561	205	1	5	3
379	205	19	5	5
188	205	8	5	3
387	205	7	5	5
655	205	15	5	3
407	205	7	5	4
573	205	13	5	3
881	205	1	5	4
648	205	8	5	3
533	205	13	5	5
450	205	10	5	4
535	205	15	5	3
488	205	8	5	4
326	205	6	5	4
290	205	10	5	3
85	205	5	5	4
846	205	6	5	5
830	205	10	5	5
716	205	16	5	5
325	205	5	5	4
781	205	1	5	5
788	205	8	5	4
210	205	10	5	4
862	205	2	5	4
807	205	7	5	3
360	205	0	5	5
698	205	18	5	4
559	205	19	5	5
833	205	13	5	4
777	205	17	5	4
7	205	7	5	5
492	205	12	5	4
932	205	12	5	5
330	205	10	5	3
727	205	7	5	5
215	205	15	5	3
80	205	0	5	5
59	205	19	5	3
553	205	13	5	4
804	205	4	5	4
474	205	14	5	5
269	205	9	5	3
911	205	11	5	3
272	205	12	5	5
924	205	4	5	4
95	205	15	5	3
650	205	10	5	4
389	205	9	5	4
940	205	0	5	3
409	205	9	5	3
890	205	10	5	5
234	205	14	5	3
910	205	10	5	4
666	205	6	5	3
6	205	6	5	3
499	205	19	5	5
669	205	9	5	4
522	205	2	5	4
691	205	11	5	5
686	205	6	5	5
506	205	6	5	5
311	205	11	5	5
738	205	18	5	5
185	205	5	5	3
1	205	1	5	3
747	205	7	5	5
301	205	1	5	4
41	205	1	5	4
745	205	5	5	2
704	205	4	5	5
298	205	18	5	5
426	205	6	5	4
91	205	11	5	5
406	205	6	5	2
643	205	3	5	5
383	205	3	5	4
271	205	11	5	5
761	205	1	5	4
929	205	9	5	4
537	205	17	5	5
405	205	5	5	3
450	225	10	5	4
57	225	17	5	3
588	225	8	5	5
716	225	16	5	3
830	225	10	5	3
1	225	1	5	2
620	225	0	5	3
864	225	4	5	3
45	225	5	5	4
236	225	16	5	3
699	225	19	5	3
938	225	18	5	4
243	225	3	5	3
463	225	3	5	3
161	225	1	5	1
705	225	5	5	4
642	225	2	5	4
606	225	6	5	1
254	225	14	5	3
381	225	1	5	3
648	225	8	5	1
495	225	15	5	4
276	225	16	5	3
101	225	1	5	3
896	225	16	5	1
313	225	13	5	4
457	225	17	5	4
429	225	9	5	2
13	225	13	5	2
672	225	12	5	2
779	225	19	5	4
15	225	15	5	3
399	225	19	5	3
82	225	2	5	3
222	225	2	5	1
373	225	13	5	4
881	225	1	5	2
5	225	5	5	2
885	225	5	5	3
56	225	16	5	2
497	225	17	5	3
601	225	1	5	1
378	225	18	5	3
401	225	1	5	1
597	225	17	5	4
141	225	1	5	3
75	225	15	5	2
708	225	8	5	2
416	225	16	5	1
92	225	12	5	3
84	225	4	5	4
167	225	7	5	3
932	225	12	5	2
541	225	1	5	4
471	225	11	5	5
256	225	16	5	4
887	225	7	5	4
937	225	17	5	2
569	225	9	5	3
43	225	3	5	2
504	225	4	5	4
882	225	2	5	5
60	225	0	5	3
653	225	13	5	1
280	225	0	5	4
168	225	8	5	5
159	225	19	5	4
223	225	3	5	3
847	225	7	5	1
348	225	8	5	3
83	225	3	5	3
94	225	14	5	3
868	225	8	5	1
334	225	14	5	3
200	225	0	5	4
181	225	1	5	3
552	225	12	5	3
189	225	9	5	4
934	225	14	5	2
332	225	12	5	3
194	225	14	5	3
805	225	5	5	1
756	225	16	5	1
637	225	17	5	3
330	225	10	5	4
697	225	17	5	3
434	225	14	5	4
907	225	7	5	5
843	225	3	5	2
549	225	9	5	3
63	225	3	5	2
854	225	14	5	1
62	225	2	5	3
186	225	6	5	4
459	225	19	5	3
70	225	10	5	3
634	225	14	5	3
684	225	4	5	3
798	225	18	5	4
49	225	9	5	2
38	225	18	5	5
835	225	15	5	2
577	225	17	5	4
435	225	15	5	3
738	225	18	5	3
878	225	18	5	3
183	225	3	5	1
374	225	14	5	3
837	225	17	5	3
594	245	14	5	3
587	245	7	5	1
666	245	6	5	3
803	245	3	5	4
920	245	0	5	2
824	245	4	5	2
68	245	8	5	3
54	245	14	5	4
206	245	6	5	1
510	245	10	5	3
548	245	8	5	4
482	245	2	5	4
871	245	11	5	3
357	245	17	5	4
305	245	5	5	1
263	245	3	5	4
446	245	6	5	4
317	245	17	5	4
329	245	9	5	3
574	245	14	5	5
804	245	4	5	4
438	245	18	5	5
417	245	17	5	4
256	245	16	5	4
171	245	11	5	3
102	245	2	5	3
880	245	0	5	2
332	245	12	5	4
663	245	3	5	4
129	245	9	5	2
413	245	13	5	2
17	245	17	5	2
885	245	5	5	2
755	245	15	5	4
29	245	9	5	3
440	245	0	5	4
724	245	4	5	2
229	245	9	5	3
725	245	5	5	4
454	245	14	5	3
170	245	10	5	5
445	245	5	5	2
676	245	16	5	4
801	245	1	5	3
494	245	14	5	3
346	245	6	5	4
592	245	12	5	1
416	245	16	5	2
348	245	8	5	4
323	245	3	5	2
761	245	1	5	5
809	245	9	5	3
159	245	19	5	5
775	245	15	5	3
931	245	11	5	4
164	245	4	5	5
749	245	9	5	4
787	245	7	5	3
402	245	2	5	1
459	245	19	5	3
819	245	19	5	3
926	245	6	5	3
293	245	13	5	3
119	245	19	5	4
825	245	5	5	5
533	245	13	5	3
578	245	18	5	3
860	245	0	5	3
146	245	6	5	5
62	245	2	5	2
551	245	11	5	3
808	245	8	5	4
249	245	9	5	2
460	245	0	5	3
896	245	16	5	4
540	245	0	5	3
207	245	7	5	3
721	245	1	5	3
696	245	16	5	4
393	245	13	5	3
351	245	11	5	3
112	245	12	5	4
334	245	14	5	2
656	245	16	5	1
634	245	14	5	3
796	245	16	5	3
599	245	19	5	3
347	245	7	5	5
427	245	7	5	5
240	245	0	5	4
200	245	0	5	3
34	245	14	5	4
302	245	2	5	2
488	245	8	5	3
579	245	19	5	2
605	245	5	5	3
687	245	7	5	3
500	245	0	5	2
864	245	4	5	4
90	245	10	5	3
907	245	7	5	4
266	245	6	5	1
294	245	14	5	3
772	245	12	5	5
717	245	17	5	4
764	245	4	5	4
428	245	8	5	5
910	245	10	5	2
451	245	11	5	2
564	245	4	5	4
919	245	19	5	2
345	245	5	5	2
759	245	19	5	3
570	245	10	5	1
225	245	5	5	2
674	245	14	5	4
865	245	5	5	3
133	245	13	5	3
404	245	4	5	3
853	245	13	5	3
280	245	0	5	3
732	245	12	5	4
328	245	8	5	4
297	245	17	5	3
923	245	3	5	3
458	245	18	5	2
335	245	15	5	4
501	245	1	5	3
3	245	3	5	1
141	245	1	5	3
593	245	13	5	3
224	245	4	5	3
683	245	3	5	2
33	245	13	5	3
178	245	18	5	3
431	245	11	5	4
509	245	9	5	2
706	245	6	5	3
177	245	17	5	3
83	245	3	5	2
653	245	13	5	4
44	245	4	5	4
750	245	10	5	3
624	245	4	5	3
832	245	12	5	3
831	245	11	5	2
344	245	4	5	3
452	245	12	5	2
10	245	10	5	4
109	245	9	5	3
84	245	4	5	4
443	245	3	5	3
128	245	8	5	2
818	245	18	5	4
670	245	10	5	4
181	245	1	5	2
327	245	7	5	1
781	245	1	5	2
444	245	4	5	4
450	245	10	5	4
827	245	7	5	3
396	245	16	5	3
486	245	6	5	3
46	245	6	5	3
905	245	5	5	3
619	245	19	5	4
126	245	6	5	3
768	245	8	5	2
812	245	12	5	2
190	245	10	5	4
455	245	15	5	3
222	245	2	5	3
637	245	17	5	3
930	245	10	5	3
629	245	9	5	3
92	245	12	5	4
110	245	10	5	3
894	245	14	5	4
74	245	14	5	3
57	245	17	5	4
627	245	7	5	4
265	245	5	5	4
255	245	15	5	1
204	245	4	5	3
697	245	17	5	3
104	245	4	5	2
526	245	6	5	2
435	245	15	5	2
791	245	11	5	4
149	245	9	5	3
642	245	2	5	4
529	245	9	5	3
485	245	5	5	3
1	245	1	5	2
507	245	7	5	5
504	245	4	5	4
113	245	13	5	3
735	245	15	5	3
817	245	17	5	2
155	245	15	5	2
531	245	11	5	4
99	245	19	5	3
257	245	17	5	4
261	245	1	5	4
303	245	3	5	3
173	245	13	5	4
782	245	2	5	4
777	245	17	5	5
921	245	1	5	1
652	245	12	5	4
362	245	2	5	4
130	245	10	5	1
834	245	14	5	4
21	245	1	5	1
616	245	16	5	3
925	245	5	5	3
433	245	13	5	3
756	245	16	5	3
476	245	16	5	4
938	245	18	5	3
32	245	12	5	2
140	245	0	5	3
489	245	9	5	3
554	245	14	5	3
505	245	5	5	4
94	245	14	5	1
120	245	0	5	3
313	245	13	5	3
423	245	3	5	4
197	245	17	5	4
353	245	13	5	4
733	245	13	5	3
682	245	2	5	3
677	245	17	5	5
278	245	18	5	3
40	245	0	5	3
69	245	9	5	1
291	245	11	5	2
378	245	18	5	3
276	245	16	5	3
715	265	15	5	5
878	265	18	5	3
128	265	8	5	5
551	265	11	5	4
498	265	18	5	2
922	265	2	5	5
606	265	6	5	4
425	265	5	5	3
746	265	6	5	4
648	265	8	5	4
394	265	14	5	4
387	265	7	5	4
586	265	6	5	5
153	265	13	5	4
653	265	13	5	4
339	265	19	5	3
346	265	6	5	4
251	265	11	5	3
666	265	6	5	3
270	265	10	5	4
301	265	1	5	4
536	265	16	5	5
848	265	8	5	4
371	265	11	5	5
795	265	15	5	3
263	265	3	5	4
830	265	10	5	5
59	265	19	5	4
201	265	1	5	3
913	265	13	5	4
405	265	5	5	2
373	265	13	5	4
882	265	2	5	5
747	265	7	5	4
543	265	3	5	4
774	265	14	5	3
676	265	16	5	5
13	265	13	5	4
766	265	6	5	3
416	265	16	5	5
537	265	17	5	3
234	265	14	5	3
796	265	16	5	5
738	265	18	5	4
436	265	16	5	3
96	265	16	5	5
246	265	6	5	4
268	265	8	5	3
437	265	17	5	3
524	265	4	5	4
1	265	1	5	4
566	265	6	5	4
881	265	1	5	5
862	265	2	5	5
868	265	8	5	3
541	265	1	5	5
340	265	0	5	5
276	265	16	5	4
710	265	10	5	4
553	265	13	5	5
705	265	5	5	5
312	265	12	5	1
896	265	16	5	4
535	265	15	5	3
151	265	11	5	5
198	265	18	5	3
407	265	7	5	3
889	265	9	5	4
505	265	5	5	4
183	265	3	5	2
711	265	11	5	2
188	265	8	5	5
455	265	15	5	4
447	265	7	5	4
42	265	2	5	3
474	265	14	5	5
411	265	11	5	5
292	265	12	5	4
145	265	5	5	5
70	265	10	5	4
790	265	10	5	4
115	265	15	5	2
297	265	17	5	3
417	265	17	5	3
798	265	18	5	5
254	265	14	5	3
7	265	7	5	5
660	265	0	5	2
399	265	19	5	3
588	265	8	5	5
363	265	3	5	3
716	265	16	5	5
521	265	1	5	3
883	265	3	5	3
244	265	4	5	4
608	265	8	5	3
450	265	10	5	5
629	265	9	5	4
545	265	5	5	4
480	265	0	5	3
200	265	0	5	5
218	265	18	5	3
886	265	6	5	4
197	265	17	5	5
592	265	12	5	4
512	265	12	5	4
60	265	0	5	5
293	265	13	5	3
583	265	3	5	4
786	265	6	5	4
221	265	1	5	3
194	265	14	5	4
843	265	3	5	3
37	265	17	5	4
495	265	15	5	5
542	265	2	5	4
618	265	18	5	4
56	265	16	5	4
22	265	2	5	3
899	265	19	5	4
487	265	7	5	5
25	265	5	5	4
83	265	3	5	5
654	265	14	5	5
316	265	16	5	3
682	265	2	5	3
778	265	18	5	4
14	265	14	5	3
870	265	10	5	4
69	265	9	5	4
318	265	18	5	4
773	265	13	5	2
295	265	15	5	4
91	265	11	5	5
379	265	19	5	4
892	265	12	5	4
514	265	14	5	4
727	265	7	5	4
484	265	4	5	5
600	265	0	5	3
343	265	3	5	2
313	265	13	5	4
290	265	10	5	4
638	265	18	5	5
77	265	17	5	3
671	265	11	5	3
275	265	15	5	4
308	265	8	5	3
665	265	5	5	3
804	265	4	5	4
328	265	8	5	5
230	265	10	5	5
279	265	19	5	5
864	265	4	5	5
806	265	6	5	4
890	265	10	5	2
456	265	16	5	3
334	265	14	5	3
280	265	0	5	4
109	265	9	5	5
655	265	15	5	3
466	265	6	5	3
554	265	14	5	4
72	265	12	5	4
117	265	17	5	4
757	265	17	5	3
897	265	17	5	3
930	265	10	5	3
650	265	10	5	4
625	265	5	5	3
393	265	13	5	4
256	265	16	5	4
933	265	13	5	4
178	265	18	5	5
267	265	7	5	5
92	265	12	5	4
846	265	6	5	5
686	265	6	5	4
102	265	2	5	3
374	265	14	5	5
222	265	2	5	3
135	265	15	5	3
271	265	11	5	5
559	265	19	5	4
311	265	11	5	5
497	265	17	5	4
64	265	4	5	4
815	265	15	5	5
807	265	7	5	5
161	265	1	5	2
452	265	12	5	3
709	265	9	5	4
555	265	15	5	3
207	265	7	5	3
577	265	17	5	5
84	265	4	5	5
326	265	6	5	4
513	265	13	5	5
826	265	6	5	5
435	265	15	5	3
533	265	13	5	3
236	265	16	5	2
95	265	15	5	3
429	265	9	5	4
380	265	0	5	3
942	265	2	5	5
82	265	2	5	4
457	265	17	5	5
479	265	19	5	4
298	265	18	5	4
307	265	7	5	3
916	265	16	5	4
488	265	8	5	4
332	265	12	5	4
493	265	13	5	5
663	265	3	5	4
350	265	10	5	2
94	265	14	5	4
741	265	1	5	5
195	265	15	5	4
378	265	18	5	4
41	265	1	5	3
472	265	12	5	4
327	265	7	5	2
370	265	10	5	5
684	265	4	5	4
99	265	19	5	3
624	285	4	5	5
360	285	0	5	5
185	285	5	5	5
74	285	14	5	3
315	285	15	5	5
123	285	3	5	5
692	285	12	5	3
196	285	16	5	5
452	285	12	5	3
345	285	5	5	5
758	285	18	5	5
883	285	3	5	5
209	285	9	5	5
334	285	14	5	4
131	285	11	5	5
10	285	10	5	5
591	285	11	5	5
526	285	6	5	5
581	285	1	5	5
561	285	1	5	4
590	285	10	5	5
839	285	19	5	5
470	285	10	5	3
492	285	12	5	4
116	285	16	5	4
227	285	7	5	4
365	285	5	5	4
641	285	1	5	5
473	285	13	5	4
733	285	13	5	4
468	285	8	5	4
15	285	15	5	4
324	285	4	5	4
878	285	18	5	5
637	285	17	5	3
539	285	19	5	4
43	285	3	5	4
655	285	15	5	4
503	285	3	5	4
917	285	17	5	4
318	285	18	5	4
765	285	5	5	5
939	285	19	5	5
409	285	9	5	4
474	285	14	5	5
936	285	16	5	4
537	285	17	5	4
609	285	9	5	5
891	285	11	5	5
62	285	2	5	4
416	285	16	5	2
486	285	6	5	5
840	285	0	5	4
463	285	3	5	4
354	285	14	5	5
266	285	6	5	4
906	285	6	5	5
937	285	17	5	4
160	285	0	5	4
667	285	7	5	5
138	285	18	5	4
291	285	11	5	4
680	285	0	5	5
728	285	8	5	4
719	285	19	5	4
79	285	19	5	5
327	285	7	5	4
500	285	0	5	3
379	285	19	5	5
460	285	0	5	4
523	285	3	5	5
786	285	6	5	3
747	285	7	5	5
835	285	15	5	4
277	285	17	5	4
308	285	8	5	5
293	285	13	5	5
349	285	9	5	5
555	285	15	5	5
292	285	12	5	4
825	285	5	5	3
271	285	11	5	4
7	285	7	5	5
639	285	19	5	1
14	285	14	5	5
296	285	16	5	5
184	285	4	5	5
696	285	16	5	4
457	285	17	5	5
286	285	6	5	1
439	285	19	5	5
158	285	18	5	5
860	285	0	5	5
558	285	18	5	5
299	285	19	5	5
717	285	17	5	5
90	285	10	5	5
924	285	4	5	4
201	285	1	5	4
634	285	14	5	4
199	285	19	5	4
664	285	4	5	5
106	285	6	5	4
678	285	18	5	3
132	285	12	5	4
454	285	14	5	2
837	285	17	5	4
662	285	2	5	5
104	285	4	5	4
527	285	7	5	5
13	285	13	5	5
699	285	19	5	4
176	285	16	5	5
420	285	0	5	5
854	285	14	5	4
745	285	5	5	1
18	285	18	5	5
305	285	5	5	5
257	285	17	5	5
524	285	4	5	3
449	285	9	5	5
243	285	3	5	5
392	285	12	5	3
707	285	7	5	5
389	285	9	5	5
651	285	11	5	4
214	285	14	5	5
593	285	13	5	2
884	285	4	5	4
735	285	15	5	4
592	285	12	5	5
235	285	15	5	4
361	285	1	5	4
71	285	11	5	3
406	285	6	5	5
874	285	14	5	4
6	285	6	5	3
144	285	4	5	4
932	285	12	5	4
234	285	14	5	4
378	285	18	5	4
370	285	10	5	3
63	285	3	5	3
344	285	4	5	5
306	285	6	5	4
491	285	11	5	5
2	285	2	5	5
461	285	1	5	4
701	285	1	5	5
535	285	15	5	4
73	285	13	5	4
894	285	14	5	4
59	285	19	5	4
181	285	1	5	2
383	285	3	5	5
940	285	0	5	4
794	285	14	5	5
919	285	19	5	5
52	285	12	5	5
385	285	5	5	5
458	285	18	5	4
269	285	9	5	5
416	305	16	5	3
775	305	15	5	4
425	305	5	5	3
608	305	8	5	3
354	305	14	5	4
163	305	3	5	2
624	305	4	5	4
695	305	15	5	3
181	305	1	5	2
628	305	8	5	5
299	305	19	5	3
173	305	13	5	5
335	305	15	5	4
273	305	13	5	4
130	305	10	5	4
751	305	11	5	2
787	305	7	5	3
860	305	0	5	4
318	305	18	5	2
724	305	4	5	3
675	305	15	5	4
696	305	16	5	4
747	305	7	5	5
655	305	15	5	4
919	305	19	5	4
592	305	12	5	4
915	305	15	5	2
239	305	19	5	4
428	305	8	5	3
750	305	10	5	4
557	305	17	5	3
570	305	10	5	5
866	305	6	5	2
548	305	8	5	1
707	305	7	5	5
385	305	5	5	4
574	305	14	5	3
220	305	0	5	4
863	305	3	5	4
611	305	11	5	4
448	305	8	5	4
327	305	7	5	5
470	305	10	5	4
288	305	8	5	4
641	305	1	5	5
179	305	19	5	4
697	305	17	5	5
257	305	17	5	4
345	305	5	5	4
587	305	7	5	4
486	305	6	5	3
325	305	5	5	2
871	305	11	5	3
450	305	10	5	4
305	305	5	5	3
803	305	3	5	5
532	305	12	5	3
758	305	18	5	4
874	305	14	5	4
2	305	2	5	3
894	305	14	5	4
461	305	1	5	2
111	305	11	5	2
46	305	6	5	5
13	305	13	5	4
451	305	11	5	3
639	305	19	5	1
171	305	11	5	2
47	305	7	5	5
683	305	3	5	4
861	305	1	5	4
107	305	7	5	4
147	305	7	5	4
149	305	9	5	4
282	305	2	5	4
331	305	11	5	5
176	305	16	5	5
242	305	2	5	5
721	305	1	5	3
537	305	17	5	4
40	305	0	5	4
315	305	15	5	5
284	305	4	5	4
752	305	12	5	4
334	305	14	5	2
732	305	12	5	2
887	305	7	5	5
168	325	8	5	1
841	325	1	5	3
363	325	3	5	1
456	325	16	5	3
195	325	15	5	2
476	325	16	5	1
825	325	5	5	5
345	325	5	5	1
697	325	17	5	4
601	325	1	5	4
85	325	5	5	2
634	325	14	5	1
824	325	4	5	4
276	325	16	5	3
682	325	2	5	4
140	325	0	5	3
255	325	15	5	1
803	325	3	5	4
655	325	15	5	2
706	325	6	5	1
923	325	3	5	4
900	325	0	5	1
500	325	0	5	3
160	325	0	5	3
27	325	7	5	2
110	325	10	5	3
414	325	14	5	3
510	325	10	5	1
595	325	15	5	3
286	325	6	5	1
176	325	16	5	3
592	325	12	5	2
392	325	12	5	4
79	325	19	5	5
615	325	15	5	2
116	325	16	5	3
451	325	11	5	3
433	325	13	5	2
409	325	9	5	4
50	325	10	5	1
578	325	18	5	1
417	325	17	5	2
782	325	2	5	2
76	325	16	5	2
268	325	8	5	3
158	325	18	5	4
752	325	12	5	2
857	325	17	5	1
637	325	17	5	1
150	325	10	5	1
750	325	10	5	1
113	325	13	5	4
497	325	17	5	2
214	325	14	5	3
3	325	3	5	1
266	325	6	5	1
926	325	6	5	1
104	325	4	5	1
925	325	5	5	4
54	325	14	5	3
422	325	2	5	2
735	325	15	5	1
808	325	8	5	1
479	325	19	5	1
201	325	1	5	5
135	325	15	5	4
683	325	3	5	2
529	325	9	5	3
303	325	3	5	1
436	325	16	5	3
874	325	14	5	2
220	325	0	5	1
519	325	19	5	1
294	325	14	5	3
149	325	9	5	2
512	325	12	5	2
372	325	12	5	4
833	325	13	5	4
685	325	5	5	3
143	325	3	5	5
21	325	1	5	4
828	325	8	5	2
587	325	7	5	5
605	325	5	5	2
155	325	15	5	2
165	325	5	5	4
936	325	16	5	5
630	325	10	5	3
49	325	9	5	3
835	325	15	5	5
425	325	5	5	3
534	325	14	5	4
721	325	1	5	3
200	325	0	5	5
112	325	12	5	1
537	325	17	5	1
489	325	9	5	5
387	325	7	5	2
445	325	5	5	1
349	325	9	5	3
291	325	11	5	4
569	325	9	5	1
107	325	7	5	3
250	325	10	5	4
770	325	10	5	4
491	325	11	5	1
544	325	4	5	1
557	325	17	5	3
896	325	16	5	1
181	325	1	5	2
325	325	5	5	1
153	325	13	5	2
63	325	3	5	2
19	325	19	5	4
643	325	3	5	2
282	325	2	5	1
224	325	4	5	1
364	325	4	5	4
397	325	17	5	3
486	325	6	5	2
919	325	19	5	4
346	325	6	5	1
526	325	6	5	3
756	325	16	5	3
556	325	16	5	2
699	325	19	5	5
385	325	5	5	4
293	325	13	5	2
334	345	14	5	2
787	345	7	5	3
176	345	16	5	5
257	345	17	5	4
547	345	7	5	5
574	345	14	5	2
325	345	5	5	3
905	345	5	5	4
828	345	8	5	1
273	345	13	5	3
533	345	13	5	3
713	345	13	5	3
379	345	19	5	3
509	345	9	5	1
871	345	11	5	3
264	345	4	5	4
655	345	15	5	3
485	345	5	5	1
40	345	0	5	4
775	345	15	5	5
299	345	19	5	4
819	345	19	5	4
783	345	3	5	4
271	345	11	5	3
13	345	13	5	4
617	345	17	5	1
39	345	19	5	3
894	345	14	5	4
288	345	8	5	5
564	345	4	5	4
284	345	4	5	4
179	345	19	5	1
149	345	9	5	4
676	345	16	5	2
752	345	12	5	1
673	345	13	5	4
507	345	7	5	5
85	345	5	5	4
397	345	17	5	4
416	345	16	5	5
407	345	7	5	4
537	345	17	5	4
147	345	7	5	4
720	345	0	5	2
548	345	8	5	1
286	345	6	5	4
383	345	3	5	2
668	345	8	5	2
707	345	7	5	5
592	345	12	5	4
758	345	18	5	5
659	345	19	5	4
392	345	12	5	4
146	345	6	5	4
448	345	8	5	5
532	345	12	5	4
711	345	11	5	4
450	345	10	5	2
561	345	1	5	4
3	345	3	5	3
104	345	4	5	4
915	345	15	5	4
191	345	11	5	4
99	345	19	5	3
883	345	3	5	3
642	365	2	5	4
346	365	6	5	1
62	365	2	5	2
804	365	4	5	4
774	365	14	5	2
483	365	3	5	2
577	365	17	5	5
65	365	5	5	3
345	365	5	5	2
269	365	9	5	2
887	365	7	5	5
684	365	4	5	4
94	365	14	5	3
395	365	15	5	5
682	365	2	5	3
393	365	13	5	3
109	365	9	5	4
798	365	18	5	3
244	365	4	5	2
222	365	2	5	4
749	365	9	5	3
276	365	16	5	3
314	365	14	5	3
224	365	4	5	3
405	365	5	5	1
308	365	8	5	3
711	365	11	5	3
417	365	17	5	4
262	365	2	5	4
378	365	18	5	2
311	365	11	5	4
5	365	5	5	1
472	365	12	5	4
790	365	10	5	4
846	365	6	5	2
7	365	7	5	4
200	365	0	5	5
401	365	1	5	4
11	365	11	5	3
885	365	5	5	3
588	365	8	5	5
429	365	9	5	2
291	365	11	5	3
601	365	1	5	3
880	365	0	5	2
551	365	11	5	5
712	365	12	5	3
760	365	0	5	5
786	385	6	5	4
603	385	3	5	4
328	385	8	5	3
566	385	6	5	3
536	385	16	5	4
545	385	5	5	3
295	385	15	5	4
59	385	19	5	4
521	385	1	5	3
916	385	16	5	3
712	385	12	5	5
825	385	5	5	5
619	385	19	5	5
660	385	0	5	3
886	385	6	5	3
640	385	0	5	5
5	385	5	5	4
207	385	7	5	3
22	385	2	5	4
320	385	0	5	4
850	385	10	5	5
435	385	15	5	5
627	385	7	5	2
347	385	7	5	4
280	385	0	5	5
10	385	10	5	4
883	385	3	5	1
897	385	17	5	3
727	385	7	5	3
305	385	5	5	1
344	385	4	5	2
373	385	13	5	3
330	385	10	5	5
807	385	7	5	4
326	385	6	5	3
387	385	7	5	3
343	385	3	5	3
200	385	0	5	5
43	385	3	5	5
217	385	17	5	2
158	385	18	5	3
262	385	2	5	2
452	385	12	5	4
537	385	17	5	2
385	385	5	5	1
23	385	3	5	4
345	385	5	5	3
838	385	18	5	4
83	385	3	5	4
186	385	6	5	4
488	385	8	5	4
505	385	5	5	4
474	385	14	5	4
543	385	3	5	3
653	385	13	5	4
453	385	13	5	3
538	385	18	5	3
484	385	4	5	4
197	385	17	5	2
374	385	14	5	4
42	385	2	5	5
92	385	12	5	4
401	385	1	5	3
880	385	0	5	4
352	385	12	5	4
137	385	17	5	5
749	385	9	5	3
151	385	11	5	3
64	385	4	5	4
622	385	2	5	5
716	385	16	5	1
805	385	5	5	1
346	385	6	5	5
429	385	9	5	3
9	385	9	5	5
561	385	1	5	2
13	385	13	5	3
90	385	10	5	4
562	385	2	5	2
130	385	10	5	5
870	385	10	5	3
102	385	2	5	3
843	385	3	5	3
504	385	4	5	4
267	385	7	5	3
479	385	19	5	2
472	385	12	5	5
887	385	7	5	4
425	385	5	5	2
638	385	18	5	5
221	385	1	5	4
833	385	13	5	3
774	385	14	5	1
933	385	13	5	3
643	385	3	5	3
44	385	4	5	3
60	385	0	5	4
394	385	14	5	5
279	385	19	5	4
487	385	7	5	4
399	385	19	5	3
890	385	10	5	4
230	385	10	5	1
450	385	10	5	4
455	385	15	5	3
290	385	10	5	4
495	385	15	5	3
709	385	9	5	4
655	385	15	5	3
16	385	16	5	5
551	385	11	5	5
268	385	8	5	3
246	385	6	5	1
301	385	1	5	3
234	385	14	5	2
830	385	10	5	4
943	385	3	5	4
119	385	19	5	5
751	385	11	5	4
804	385	4	5	4
222	385	2	5	4
922	385	2	5	3
899	385	19	5	3
8	385	8	5	1
37	385	17	5	4
308	385	8	5	4
178	385	18	5	4
363	385	3	5	4
868	385	8	5	2
650	385	10	5	4
533	385	13	5	4
826	385	6	5	5
618	385	18	5	4
606	385	6	5	4
94	385	14	5	2
85	385	5	5	3
454	385	14	5	3
393	385	13	5	4
642	385	2	5	5
625	385	5	5	4
892	385	12	5	3
889	385	9	5	3
318	385	18	5	4
407	385	7	5	4
682	385	2	5	3
506	385	6	5	4
417	385	17	5	5
758	385	18	5	4
666	385	6	5	3
588	385	8	5	3
586	385	6	5	3
632	385	12	5	4
927	385	7	5	4
788	385	8	5	3
497	385	17	5	3
577	385	17	5	5
198	385	18	5	3
95	385	15	5	4
671	385	11	5	5
881	385	1	5	4
896	385	16	5	4
621	385	1	5	5
600	385	0	5	3
405	385	5	5	1
846	385	6	5	5
694	385	14	5	4
87	385	7	5	5
457	385	17	5	4
796	385	16	5	5
109	385	9	5	4
84	385	4	5	4
416	385	16	5	5
110	385	10	5	3
276	385	16	5	4
291	385	11	5	4
378	385	18	5	4
49	385	9	5	1
398	385	18	5	3
738	385	18	5	5
524	385	4	5	3
503	385	3	5	1
194	385	14	5	2
654	385	14	5	4
311	385	11	5	5
780	385	0	5	4
56	385	16	5	4
303	385	3	5	4
659	385	19	5	5
766	385	6	5	3
514	385	14	5	3
332	385	12	5	5
313	385	13	5	4
201	385	1	5	2
746	385	6	5	5
7	385	7	5	5
705	385	5	5	4
633	385	13	5	4
593	385	13	5	4
757	385	17	5	3
256	385	16	5	5
698	385	18	5	4
932	385	12	5	2
442	385	2	5	3
76	385	16	5	2
466	385	6	5	4
559	385	19	5	4
379	385	19	5	2
648	385	8	5	5
880	405	0	5	4
20	405	0	5	3
26	405	6	5	2
87	405	7	5	4
891	405	11	5	3
647	405	7	5	4
231	405	11	5	4
164	405	4	5	5
327	405	7	5	2
619	405	19	5	3
653	405	13	5	3
648	405	8	5	4
94	405	14	5	3
835	405	15	5	3
714	405	14	5	5
518	405	18	5	5
821	405	1	5	4
500	405	0	5	4
251	405	11	5	3
346	405	6	5	3
435	405	15	5	4
537	405	17	5	2
360	405	0	5	3
468	405	8	5	2
674	405	14	5	4
257	405	17	5	3
217	405	17	5	3
851	405	11	5	5
868	405	8	5	1
213	405	13	5	3
425	405	5	5	2
445	405	5	5	4
551	405	11	5	3
718	405	18	5	5
43	405	3	5	4
103	405	3	5	3
897	405	17	5	5
938	405	18	5	3
199	405	19	5	2
276	405	16	5	3
181	405	1	5	4
642	405	2	5	3
92	405	12	5	2
943	405	3	5	4
254	405	14	5	3
790	405	10	5	3
577	405	17	5	3
277	405	17	5	3
348	405	8	5	4
865	405	5	5	2
83	405	3	5	5
66	405	6	5	3
758	405	18	5	4
689	405	9	5	5
429	405	9	5	3
715	405	15	5	3
774	405	14	5	1
458	405	18	5	4
933	405	13	5	3
344	405	4	5	2
887	405	7	5	5
305	405	5	5	3
682	405	2	5	2
5	405	5	5	3
343	405	3	5	4
796	405	16	5	5
255	405	15	5	4
68	405	8	5	3
184	405	4	5	2
536	405	16	5	2
318	405	18	5	2
466	405	6	5	3
923	405	3	5	4
286	405	6	5	3
159	405	19	5	5
11	405	11	5	3
95	405	15	5	3
552	405	12	5	3
486	405	6	5	4
334	405	14	5	3
120	405	0	5	4
709	405	9	5	3
910	405	10	5	4
634	405	14	5	4
614	405	14	5	2
889	405	9	5	2
450	405	10	5	4
885	405	5	5	4
844	405	4	5	2
795	405	15	5	1
238	405	18	5	4
624	405	4	5	4
622	405	2	5	4
183	405	3	5	4
517	405	17	5	4
104	405	4	5	3
379	405	19	5	3
157	405	17	5	3
399	405	19	5	3
291	405	11	5	4
738	405	18	5	2
455	405	15	5	3
313	405	13	5	3
833	405	13	5	3
834	405	14	5	4
401	405	1	5	2
301	405	1	5	4
805	405	5	5	3
605	405	5	5	3
854	405	14	5	4
193	405	13	5	3
89	405	9	5	3
406	405	6	5	3
847	405	7	5	3
280	405	0	5	2
137	405	17	5	5
378	405	18	5	3
555	405	15	5	4
101	405	1	5	4
788	405	8	5	4
44	405	4	5	3
357	405	17	5	5
554	405	14	5	4
677	405	17	5	4
60	405	0	5	4
72	405	12	5	3
117	405	17	5	5
256	405	16	5	4
751	405	11	5	3
930	405	10	5	3
226	405	6	5	4
722	405	2	5	3
699	405	19	5	3
804	405	4	5	4
198	405	18	5	2
907	405	7	5	4
230	405	10	5	4
75	405	15	5	4
545	405	5	5	4
194	405	14	5	2
582	405	2	5	3
314	405	14	5	4
507	405	7	5	5
534	405	14	5	3
806	405	6	5	3
345	405	5	5	4
793	405	13	5	3
363	405	3	5	4
716	405	16	5	4
900	405	0	5	3
63	405	3	5	4
441	405	1	5	3
216	405	16	5	3
638	405	18	5	3
936	405	16	5	2
55	405	15	5	1
289	405	9	5	2
141	405	1	5	3
894	405	14	5	3
268	405	8	5	2
347	405	7	5	4
274	405	14	5	4
549	405	9	5	4
77	405	17	5	3
550	405	10	5	4
417	405	17	5	3
637	405	17	5	1
864	405	4	5	5
178	405	18	5	3
497	405	17	5	3
248	405	8	5	4
81	405	1	5	3
52	405	12	5	4
190	405	10	5	4
295	405	15	5	5
872	405	12	5	4
621	405	1	5	5
848	405	8	5	5
385	405	5	5	2
488	405	8	5	3
792	405	12	5	3
221	405	1	5	3
102	405	2	5	2
32	405	12	5	4
15	405	15	5	2
374	405	14	5	4
778	405	18	5	3
886	405	6	5	3
403	405	3	5	5
57	405	17	5	4
524	405	4	5	2
160	405	0	5	3
359	405	19	5	3
643	405	3	5	3
37	405	17	5	4
606	405	6	5	4
768	405	8	5	4
269	405	9	5	1
548	405	8	5	4
671	405	11	5	3
798	405	18	5	5
393	405	13	5	4
705	405	5	5	4
514	405	14	5	2
786	405	6	5	4
303	405	3	5	4
593	405	13	5	3
227	405	7	5	2
290	405	10	5	2
759	405	19	5	4
22	405	2	5	1
501	405	1	5	4
487	405	7	5	4
249	405	9	5	3
151	405	11	5	3
934	405	14	5	5
64	405	4	5	3
121	405	1	5	2
145	405	5	5	3
927	405	7	5	5
6	405	6	5	1
59	405	19	5	3
883	405	3	5	3
800	405	0	5	4
56	405	16	5	4
533	405	13	5	3
717	405	17	5	3
474	405	14	5	4
580	405	0	5	2
320	405	0	5	4
935	405	15	5	4
733	405	13	5	2
223	405	3	5	1
825	405	5	5	5
432	405	12	5	4
84	405	4	5	3
38	405	18	5	5
921	405	1	5	3
901	405	1	5	4
727	405	7	5	3
479	405	19	5	4
807	405	7	5	4
769	405	9	5	2
275	405	15	5	2
903	405	3	5	4
267	405	7	5	3
521	405	1	5	2
592	405	12	5	4
655	405	15	5	2
442	405	2	5	3
13	405	13	5	2
292	405	12	5	3
336	405	16	5	3
896	405	16	5	2
58	405	18	5	2
42	405	2	5	4
99	405	19	5	4
109	405	9	5	5
932	405	12	5	4
862	405	2	5	2
396	405	16	5	3
560	405	0	5	4
447	405	7	5	2
186	405	6	5	3
493	405	13	5	2
757	405	17	5	4
625	405	5	5	3
176	405	16	5	2
411	405	11	5	4
7	405	7	5	3
746	405	6	5	2
294	405	14	5	4
663	405	3	5	3
222	405	2	5	3
666	405	6	5	2
189	405	9	5	2
906	405	6	5	3
386	405	6	5	4
416	405	16	5	5
764	405	4	5	4
566	405	6	5	5
419	405	19	5	3
457	405	17	5	5
259	405	19	5	3
439	405	19	5	4
633	405	13	5	4
144	405	4	5	4
569	405	9	5	3
749	405	9	5	2
200	405	0	5	3
328	405	8	5	4
128	405	8	5	4
660	405	0	5	2
484	405	4	5	4
881	405	1	5	4
130	405	10	5	4
108	405	8	5	3
271	405	11	5	2
262	405	2	5	2
62	405	2	5	3
340	405	0	5	5
394	405	14	5	3
330	405	10	5	5
815	405	15	5	4
892	405	12	5	4
916	405	16	5	2
852	405	12	5	3
540	405	0	5	3
279	405	19	5	3
561	405	1	5	2
541	405	1	5	3
23	405	3	5	4
538	405	18	5	3
332	405	12	5	4
70	405	10	5	3
456	405	16	5	1
407	405	7	5	3
665	405	5	5	3
201	405	1	5	4
525	405	5	5	4
503	405	3	5	3
708	405	8	5	4
483	405	3	5	3
54	405	14	5	4
817	405	17	5	3
917	405	17	5	3
119	405	19	5	4
168	405	8	5	4
654	405	14	5	4
67	405	7	5	5
472	405	12	5	5
586	405	6	5	5
840	405	0	5	4
893	405	13	5	5
939	405	19	5	4
459	405	19	5	3
513	405	13	5	3
85	405	5	5	2
82	405	2	5	3
838	405	18	5	4
293	405	13	5	1
627	405	7	5	3
882	405	2	5	4
601	405	1	5	1
380	425	0	5	4
343	425	3	5	5
90	425	10	5	4
194	425	14	5	2
301	425	1	5	4
109	425	9	5	2
246	425	6	5	5
804	425	4	5	4
279	425	19	5	4
18	425	18	5	3
405	425	5	5	2
664	425	4	5	3
892	425	12	5	5
64	425	4	5	4
308	425	8	5	4
383	425	3	5	4
385	425	5	5	3
514	425	14	5	5
303	425	3	5	4
686	425	6	5	5
286	425	6	5	2
6	425	6	5	3
583	425	3	5	5
537	425	17	5	3
142	425	2	5	4
795	425	15	5	3
268	425	8	5	4
94	425	14	5	5
457	425	17	5	4
437	425	17	5	4
506	425	6	5	4
499	425	19	5	3
758	425	18	5	5
172	425	12	5	1
370	425	10	5	3
293	425	13	5	4
458	425	18	5	3
592	425	12	5	5
532	425	12	5	4
745	425	5	5	4
416	425	16	5	4
85	425	5	5	4
711	425	11	5	4
58	425	18	5	5
276	425	16	5	4
870	425	10	5	4
629	425	9	5	3
429	425	9	5	3
661	425	1	5	4
327	425	7	5	3
707	425	7	5	5
128	425	8	5	5
500	425	0	5	4
151	425	11	5	4
527	425	7	5	4
653	425	13	5	2
823	425	3	5	5
406	425	6	5	3
577	425	17	5	2
48	425	8	5	3
11	425	11	5	4
916	425	16	5	5
5	425	5	5	2
271	425	11	5	2
716	425	16	5	5
417	425	17	5	4
655	425	15	5	3
334	425	14	5	4
92	425	12	5	4
436	425	16	5	4
305	425	5	5	4
846	425	6	5	5
201	425	1	5	3
535	425	15	5	5
269	425	9	5	5
498	425	18	5	2
805	425	5	5	5
886	425	6	5	4
232	425	12	5	4
896	425	16	5	2
715	425	15	5	4
311	425	11	5	2
748	425	8	5	4
561	425	1	5	4
59	425	19	5	4
269	445	9	5	3
366	445	6	5	5
102	445	2	5	2
38	445	18	5	2
804	445	4	5	4
326	445	6	5	4
60	445	0	5	5
21	445	1	5	3
234	445	14	5	2
833	445	13	5	4
293	445	13	5	4
716	445	16	5	3
537	445	17	5	3
13	445	13	5	4
5	445	5	5	3
788	445	8	5	4
650	445	10	5	4
425	445	5	5	3
405	445	5	5	4
96	445	16	5	4
802	445	2	5	3
95	445	15	5	4
495	465	15	5	5
739	465	19	5	1
843	465	3	5	2
297	465	17	5	3
734	465	14	5	4
280	465	0	5	3
373	465	13	5	4
577	465	17	5	4
254	465	14	5	3
301	465	1	5	4
399	465	19	5	3
864	465	4	5	3
698	465	18	5	3
313	465	13	5	3
393	465	13	5	4
210	465	10	5	4
682	465	2	5	3
49	465	9	5	3
620	465	0	5	4
6	465	6	5	1
911	465	11	5	5
892	465	12	5	4
727	465	7	5	2
455	465	15	5	3
471	465	11	5	5
417	465	17	5	4
506	465	6	5	4
798	465	18	5	4
38	465	18	5	5
94	465	14	5	5
504	465	4	5	3
234	465	14	5	2
405	465	5	5	1
901	465	1	5	4
716	465	16	5	5
7	465	7	5	4
566	465	6	5	2
881	465	1	5	3
786	465	6	5	4
749	465	9	5	4
840	465	0	5	4
897	465	17	5	5
200	465	0	5	4
59	465	19	5	2
279	465	19	5	5
541	465	1	5	4
95	465	15	5	3
295	465	15	5	4
194	465	14	5	3
454	465	14	5	3
766	465	6	5	3
882	465	2	5	3
630	465	10	5	1
472	465	12	5	3
263	465	3	5	4
222	465	2	5	2
835	465	15	5	3
290	465	10	5	3
85	465	5	5	4
167	465	7	5	5
435	465	15	5	2
807	465	7	5	4
330	465	10	5	5
815	465	15	5	5
374	465	14	5	5
452	465	12	5	5
311	465	11	5	4
380	465	0	5	4
128	465	8	5	4
378	465	18	5	3
253	465	13	5	5
298	465	18	5	4
712	465	12	5	4
347	465	7	5	3
193	465	13	5	3
178	465	18	5	3
795	465	15	5	3
497	465	17	5	3
130	465	10	5	5
83	465	3	5	4
887	465	7	5	5
286	465	6	5	5
642	465	2	5	4
913	465	13	5	2
450	465	10	5	4
114	485	14	5	3
524	485	4	5	2
354	485	14	5	4
698	485	18	5	4
18	485	18	5	5
537	485	17	5	3
532	485	12	5	5
194	485	14	5	3
230	485	10	5	5
454	485	14	5	4
59	485	19	5	2
911	485	11	5	3
731	485	11	5	4
835	485	15	5	5
60	485	0	5	4
308	485	8	5	3
747	485	7	5	5
330	485	10	5	5
862	485	2	5	5
503	485	3	5	4
504	485	4	5	4
339	485	19	5	5
334	485	14	5	3
151	485	11	5	5
566	485	6	5	3
297	485	17	5	3
389	485	9	5	5
734	485	14	5	5
843	485	3	5	2
393	485	13	5	2
711	485	11	5	4
296	485	16	5	5
271	485	11	5	4
321	485	1	5	4
850	485	10	5	5
345	485	5	5	4
472	485	12	5	3
437	485	17	5	4
234	485	14	5	3
123	485	3	5	5
610	485	10	5	5
312	485	12	5	4
553	485	13	5	3
807	485	7	5	5
776	485	16	5	2
7	485	7	5	5
488	485	8	5	3
188	485	8	5	3
474	485	14	5	4
798	485	18	5	5
749	485	9	5	4
411	485	11	5	4
650	485	10	5	3
897	485	17	5	3
694	485	14	5	4
848	485	8	5	5
378	485	18	5	4
299	485	19	5	4
85	485	5	5	5
262	485	2	5	4
90	485	10	5	5
325	485	5	5	3
237	485	17	5	4
751	485	11	5	4
293	485	13	5	3
457	485	17	5	4
326	485	6	5	5
318	485	18	5	5
632	485	12	5	4
95	485	15	5	5
815	485	15	5	4
766	485	6	5	3
452	485	12	5	2
417	485	17	5	3
878	485	18	5	3
406	485	6	5	3
670	485	10	5	5
642	485	2	5	5
409	485	9	5	2
847	485	7	5	3
189	485	9	5	4
716	485	16	5	5
660	485	0	5	3
618	485	18	5	3
496	485	16	5	3
780	485	0	5	4
381	485	1	5	4
13	485	13	5	1
607	485	7	5	3
128	485	8	5	3
918	485	18	5	3
250	485	10	5	4
253	485	13	5	5
183	485	3	5	5
806	485	6	5	5
480	485	0	5	4
796	485	16	5	4
943	485	3	5	5
373	485	13	5	4
221	485	1	5	2
184	485	4	5	4
479	485	19	5	3
450	485	10	5	5
172	485	12	5	3
6	485	6	5	5
193	485	13	5	5
385	485	5	5	4
295	485	15	5	4
311	485	11	5	1
790	485	10	5	3
456	485	16	5	4
401	485	1	5	4
298	485	18	5	3
562	485	2	5	5
398	485	18	5	5
846	485	6	5	5
528	485	8	5	2
51	485	11	5	1
125	485	5	5	5
588	485	8	5	5
707	485	7	5	4
429	485	9	5	3
305	485	5	5	2
313	485	13	5	3
907	485	7	5	5
807	505	7	5	3
334	505	14	5	4
535	505	15	5	4
60	505	0	5	4
659	505	19	5	4
383	505	3	5	4
7	505	7	5	3
666	505	6	5	4
610	505	10	5	4
128	505	8	5	4
322	505	2	5	4
835	505	15	5	3
409	505	9	5	5
313	505	13	5	5
846	505	6	5	5
201	505	1	5	3
648	505	8	5	4
406	505	6	5	4
495	505	15	5	5
528	505	8	5	4
325	505	5	5	4
429	505	9	5	4
90	505	10	5	5
561	505	1	5	4
13	505	13	5	3
312	505	12	5	5
308	505	8	5	3
269	505	9	5	3
189	505	9	5	5
474	505	14	5	5
870	505	10	5	4
767	505	7	5	4
481	505	1	5	5
840	505	0	5	5
555	505	15	5	4
239	505	19	5	5
655	505	15	5	3
236	505	16	5	3
716	505	16	5	4
95	505	15	5	3
114	505	14	5	3
504	505	4	5	4
151	505	11	5	5
426	505	6	5	4
234	505	14	5	4
551	505	11	5	5
326	505	6	5	3
307	505	7	5	3
669	505	9	5	3
707	505	7	5	4
643	505	3	5	4
456	505	16	5	4
6	505	6	5	4
758	505	18	5	5
747	505	7	5	5
305	505	5	5	3
854	505	14	5	4
363	505	3	5	3
862	505	2	5	4
271	505	11	5	4
59	505	19	5	4
311	505	11	5	4
553	505	13	5	5
10	505	10	5	4
608	505	8	5	5
450	505	10	5	5
763	505	3	5	4
698	505	18	5	2
533	525	13	5	3
450	525	10	5	3
548	525	8	5	5
325	525	5	5	5
158	525	18	5	5
846	525	6	5	4
716	525	16	5	3
840	525	0	5	5
405	525	5	5	1
13	525	13	5	5
151	525	11	5	4
474	525	14	5	4
896	525	16	5	5
308	525	8	5	5
338	525	18	5	4
567	525	7	5	5
553	525	13	5	4
524	525	4	5	3
498	525	18	5	4
499	525	19	5	4
707	525	7	5	3
389	525	9	5	4
234	525	14	5	4
339	525	19	5	5
326	525	6	5	5
72	525	12	5	4
361	525	1	5	4
537	525	17	5	3
908	525	8	5	4
796	525	16	5	4
465	525	5	5	3
237	525	17	5	4
747	525	7	5	5
189	525	9	5	5
666	525	6	5	4
60	525	0	5	5
370	525	10	5	4
623	525	3	5	4
303	525	3	5	5
96	525	16	5	2
506	525	6	5	4
774	525	14	5	2
805	525	5	5	4
650	525	10	5	3
312	525	12	5	5
268	525	8	5	4
407	525	7	5	4
776	525	16	5	2
14	525	14	5	5
136	525	16	5	5
381	525	1	5	5
664	525	4	5	4
698	525	18	5	1
375	525	15	5	4
313	525	13	5	5
932	525	12	5	5
269	525	9	5	4
655	525	15	5	2
10	525	10	5	5
264	525	4	5	5
892	525	12	5	5
169	525	9	5	3
426	525	6	5	4
398	525	18	5	3
94	525	14	5	5
292	525	12	5	5
278	525	18	5	5
385	525	5	5	4
6	525	6	5	5
59	525	19	5	3
334	525	14	5	5
421	525	1	5	4
568	525	8	5	3
109	545	9	5	2
399	545	19	5	2
805	545	5	5	1
417	545	17	5	1
497	545	17	5	3
532	545	12	5	2
577	545	17	5	3
7	545	7	5	2
303	545	3	5	2
405	545	5	5	1
774	545	14	5	1
267	545	7	5	2
102	565	2	5	2
650	565	10	5	3
814	565	14	5	3
407	565	7	5	3
255	565	15	5	1
620	565	0	5	4
405	565	5	5	2
130	565	10	5	3
642	565	2	5	4
7	565	7	5	4
846	565	6	5	2
13	565	13	5	1
313	565	13	5	1
796	565	16	5	3
648	565	8	5	3
406	565	6	5	3
802	565	2	5	3
617	565	17	5	4
326	565	6	5	3
291	565	11	5	2
367	565	7	5	2
21	565	1	5	3
727	585	7	5	2
653	585	13	5	2
684	585	4	5	2
94	585	14	5	3
690	585	10	5	2
125	585	5	5	4
336	585	16	5	3
541	585	1	5	2
7	585	7	5	4
435	585	15	5	3
222	585	2	5	3
246	585	6	5	1
110	585	10	5	2
606	585	6	5	4
798	585	18	5	3
405	585	5	5	1
56	585	16	5	3
314	585	14	5	2
880	585	0	5	1
280	585	0	5	3
542	585	2	5	2
650	585	10	5	1
642	585	2	5	5
416	585	16	5	1
504	585	4	5	2
393	585	13	5	2
943	585	3	5	1
682	585	2	5	4
476	585	16	5	1
621	585	1	5	4
774	585	14	5	1
790	585	10	5	2
933	585	13	5	1
712	585	12	5	4
846	585	6	5	2
648	585	8	5	3
87	585	7	5	4
13	585	13	5	4
436	585	16	5	3
934	605	14	5	4
128	605	8	5	3
924	605	4	5	3
694	605	14	5	4
716	605	16	5	3
389	605	9	5	5
293	605	13	5	3
734	605	14	5	4
318	605	18	5	4
766	605	6	5	3
308	605	8	5	4
271	605	11	5	4
426	605	6	5	4
7	605	7	5	4
553	605	13	5	4
151	605	11	5	4
524	605	4	5	1
454	605	14	5	2
807	605	7	5	3
499	605	19	5	1
406	605	6	5	5
655	605	15	5	3
234	605	14	5	3
474	605	14	5	3
758	605	18	5	3
488	605	8	5	3
239	605	19	5	4
469	605	9	5	4
354	605	14	5	3
60	605	0	5	3
62	605	2	5	3
363	625	3	5	4
890	625	10	5	3
298	625	18	5	4
130	625	10	5	5
405	625	5	5	3
660	625	0	5	3
682	625	2	5	3
429	625	9	5	3
43	625	3	5	4
393	625	13	5	4
849	625	9	5	5
880	625	0	5	4
698	625	18	5	3
95	625	15	5	4
844	625	4	5	3
194	625	14	5	3
943	625	3	5	3
313	625	13	5	4
178	625	18	5	3
542	625	2	5	3
705	625	5	5	5
826	625	6	5	3
622	625	2	5	3
712	625	12	5	3
823	625	3	5	4
864	625	4	5	4
49	625	9	5	3
279	625	19	5	3
417	625	17	5	4
805	625	5	5	3
763	625	3	5	4
234	625	14	5	3
320	625	0	5	4
642	625	2	5	3
497	625	17	5	3
70	625	10	5	3
283	625	3	5	3
484	625	4	5	4
271	625	11	5	3
94	625	14	5	4
290	625	10	5	4
618	625	18	5	4
13	625	13	5	2
416	625	16	5	5
7	625	7	5	3
807	625	7	5	3
59	625	19	5	3
435	625	15	5	2
312	625	12	5	3
373	625	13	5	4
297	625	17	5	3
830	625	10	5	3
885	625	5	5	3
537	625	17	5	3
387	625	7	5	2
881	625	1	5	5
521	625	1	5	3
892	625	12	5	3
621	625	1	5	4
865	625	5	5	1
64	625	4	5	3
262	625	2	5	3
275	625	15	5	2
815	625	15	5	4
472	625	12	5	4
843	625	3	5	2
541	625	1	5	4
102	625	2	5	3
254	625	14	5	3
42	625	2	5	3
749	625	9	5	3
747	625	7	5	3
927	625	7	5	3
684	625	4	5	3
650	625	10	5	3
588	625	8	5	3
620	625	0	5	3
44	625	4	5	3
911	625	11	5	5
804	625	4	5	3
496	625	16	5	4
452	625	12	5	3
788	645	8	5	3
840	645	0	5	3
406	645	6	5	5
315	645	15	5	4
918	645	18	5	4
405	645	5	5	1
588	645	8	5	5
299	645	19	5	4
561	645	1	5	3
655	645	15	5	3
327	645	7	5	4
497	645	17	5	3
184	645	4	5	3
805	645	5	5	5
311	645	11	5	5
264	645	4	5	4
847	645	7	5	3
96	645	16	5	5
373	645	13	5	5
833	645	13	5	3
212	645	12	5	3
269	645	9	5	4
535	645	15	5	4
7	645	7	5	4
328	645	8	5	4
58	645	18	5	5
694	645	14	5	4
21	665	1	5	3
60	665	0	5	4
130	665	10	5	3
648	665	8	5	2
328	665	8	5	2
184	665	4	5	2
932	665	12	5	2
883	665	3	5	4
308	665	8	5	4
727	665	7	5	3
201	665	1	5	2
293	665	13	5	2
200	665	0	5	4
788	665	8	5	2
301	665	1	5	2
757	665	17	5	3
313	665	13	5	4
843	665	3	5	3
627	665	7	5	3
846	665	6	5	4
268	665	8	5	2
796	665	16	5	2
109	665	9	5	5
826	665	6	5	5
399	665	19	5	3
94	665	14	5	3
22	665	2	5	1
896	665	16	5	1
276	665	16	5	3
62	665	2	5	2
387	665	7	5	2
472	665	12	5	4
270	665	10	5	4
561	665	1	5	3
256	665	16	5	4
367	665	7	5	5
643	665	3	5	3
380	665	0	5	2
805	665	5	5	4
102	665	2	5	1
28	665	8	5	3
222	665	2	5	1
661	665	1	5	3
495	665	15	5	1
267	665	7	5	4
633	665	13	5	3
500	665	0	5	3
619	665	19	5	5
586	665	6	5	3
435	665	15	5	3
422	665	2	5	5
7	665	7	5	4
269	665	9	5	1
442	665	2	5	2
292	665	12	5	3
546	665	6	5	2
145	665	5	5	5
37	665	17	5	3
773	665	13	5	2
600	665	0	5	5
363	665	3	5	2
506	665	6	5	2
758	665	18	5	2
622	665	2	5	2
833	665	13	5	3
814	665	14	5	4
197	665	17	5	4
92	665	12	5	3
217	665	17	5	4
864	665	4	5	3
694	665	14	5	4
738	665	18	5	2
933	665	13	5	1
303	665	3	5	4
397	665	17	5	3
417	665	17	5	2
406	665	6	5	3
802	665	2	5	4
484	665	4	5	4
405	665	5	5	1
437	665	17	5	2
429	665	9	5	2
158	665	18	5	2
394	665	14	5	2
815	665	15	5	2
374	665	14	5	4
326	665	6	5	1
44	665	4	5	1
709	665	9	5	3
497	665	17	5	2
650	665	10	5	2
95	665	15	5	2
246	665	6	5	4
790	665	10	5	3
378	665	18	5	2
577	665	17	5	4
545	665	5	5	3
254	665	14	5	2
255	665	15	5	3
13	665	13	5	2
87	685	7	5	3
429	685	9	5	3
348	685	8	5	4
868	685	8	5	1
699	685	19	5	3
417	685	17	5	1
137	685	17	5	5
564	685	4	5	3
221	685	1	5	3
279	685	19	5	3
190	685	10	5	3
15	685	15	5	4
416	685	16	5	3
42	685	2	5	4
727	685	7	5	3
152	685	12	5	5
622	685	2	5	2
386	685	6	5	4
674	685	14	5	3
533	685	13	5	4
551	685	11	5	1
13	685	13	5	5
847	685	7	5	2
487	685	7	5	3
758	685	18	5	5
513	685	13	5	4
8	685	8	5	4
253	685	13	5	2
99	685	19	5	3
303	685	3	5	1
347	685	7	5	3
573	685	13	5	3
164	685	4	5	5
94	685	14	5	4
705	685	5	5	5
255	685	15	5	3
474	685	14	5	3
486	685	6	5	3
159	685	19	5	4
72	685	12	5	4
643	685	3	5	3
769	685	9	5	3
796	685	16	5	4
717	685	17	5	4
593	685	13	5	3
37	685	17	5	3
157	685	17	5	3
256	685	16	5	5
222	685	2	5	4
907	685	7	5	5
935	685	15	5	4
938	685	18	5	3
296	685	16	5	4
293	685	13	5	3
403	685	3	5	4
864	685	4	5	4
75	685	15	5	4
201	685	1	5	3
236	685	16	5	2
301	685	1	5	3
886	685	6	5	2
267	685	7	5	3
217	685	17	5	5
128	685	8	5	3
825	685	5	5	4
637	685	17	5	3
865	685	5	5	3
671	685	11	5	5
566	685	6	5	3
879	685	19	5	4
84	685	4	5	3
638	685	18	5	4
693	685	13	5	4
872	685	12	5	4
804	685	4	5	4
916	685	16	5	2
885	685	5	5	3
291	685	11	5	5
357	685	17	5	3
532	685	12	5	5
746	685	6	5	3
663	685	3	5	4
730	685	10	5	2
896	685	16	5	3
899	685	19	5	3
715	685	15	5	3
145	685	5	5	4
943	685	3	5	4
881	685	1	5	2
569	685	9	5	4
606	685	6	5	3
501	685	1	5	3
655	685	15	5	2
207	685	7	5	3
178	685	18	5	4
328	685	8	5	4
442	685	2	5	2
290	685	10	5	3
314	685	14	5	4
92	685	12	5	3
835	685	15	5	4
54	685	14	5	3
374	685	14	5	4
26	685	6	5	3
83	685	3	5	4
653	685	13	5	3
454	685	14	5	3
525	685	5	5	4
880	685	0	5	4
518	685	18	5	5
459	685	19	5	3
632	685	12	5	2
714	685	14	5	4
119	685	19	5	4
931	685	11	5	4
718	685	18	5	4
757	685	17	5	3
665	685	5	5	2
289	685	9	5	4
168	685	8	5	3
790	685	10	5	4
458	685	18	5	3
276	685	16	5	4
472	685	12	5	3
274	685	14	5	5
200	685	0	5	4
144	685	4	5	3
55	685	15	5	1
346	685	6	5	3
923	685	3	5	4
251	685	11	5	4
130	685	10	5	3
393	685	13	5	3
435	685	15	5	2
708	685	8	5	3
851	685	11	5	4
682	685	2	5	3
793	685	13	5	3
102	685	2	5	3
332	685	12	5	4
450	685	10	5	4
619	685	19	5	3
648	685	8	5	5
162	685	2	5	3
244	685	4	5	2
181	685	1	5	2
852	685	12	5	3
534	685	14	5	3
627	685	7	5	3
788	685	8	5	3
213	685	13	5	3
320	685	0	5	4
363	685	3	5	4
592	685	12	5	2
62	685	2	5	2
749	685	9	5	4
634	685	14	5	4
829	705	9	5	4
690	705	10	5	1
292	705	12	5	4
716	705	16	5	5
892	705	12	5	4
807	705	7	5	4
18	705	18	5	3
194	705	14	5	2
370	705	10	5	3
664	705	4	5	4
495	705	15	5	4
734	705	14	5	4
253	705	13	5	5
82	705	2	5	3
896	705	16	5	5
897	705	17	5	3
85	705	5	5	5
465	705	5	5	4
151	705	11	5	5
566	705	6	5	4
780	705	0	5	5
798	705	18	5	4
537	705	17	5	3
426	705	6	5	5
354	705	14	5	4
419	705	19	5	5
298	705	18	5	4
496	705	16	5	2
847	705	7	5	3
10	705	10	5	4
450	705	10	5	4
95	705	15	5	5
650	705	10	5	4
795	705	15	5	4
312	705	12	5	5
269	705	9	5	2
125	705	5	5	5
881	705	1	5	1
766	705	6	5	4
407	705	7	5	4
524	705	4	5	3
271	705	11	5	4
211	705	11	5	4
391	705	11	5	5
87	705	7	5	4
838	705	18	5	5
373	705	13	5	4
361	705	1	5	5
488	705	8	5	4
821	705	1	5	5
924	705	4	5	5
561	705	1	5	3
239	705	19	5	4
796	705	16	5	4
647	705	7	5	4
381	705	1	5	5
622	705	2	5	3
59	705	19	5	4
311	705	11	5	3
592	705	12	5	5
698	705	18	5	4
303	705	3	5	5
747	705	7	5	5
296	705	16	5	5
329	705	9	5	3
43	705	3	5	4
567	705	7	5	5
234	705	14	5	5
379	705	19	5	4
625	705	5	5	3
474	705	14	5	3
610	705	10	5	3
16	705	16	5	5
480	705	0	5	4
295	705	15	5	4
464	705	4	5	5
618	705	18	5	3
235	705	15	5	5
409	705	9	5	2
670	705	10	5	5
437	705	17	5	4
504	705	4	5	4
758	705	18	5	5
23	705	3	5	4
397	705	17	5	5
31	705	11	5	5
854	705	14	5	4
363	705	3	5	2
509	705	9	5	4
930	705	10	5	2
51	705	11	5	1
840	705	0	5	4
214	705	14	5	4
806	705	6	5	4
189	705	9	5	4
128	705	8	5	3
429	705	9	5	4
850	705	10	5	5
293	705	13	5	5
321	705	1	5	3
454	705	14	5	3
385	705	5	5	3
225	705	5	5	5
889	705	9	5	4
469	705	9	5	5
64	705	4	5	5
506	705	6	5	5
694	705	14	5	5
376	705	16	5	3
201	705	1	5	3
749	705	9	5	4
707	705	7	5	4
731	705	11	5	5
236	705	16	5	4
632	705	12	5	5
815	705	15	5	5
237	705	17	5	3
846	705	6	5	3
505	705	5	5	3
232	705	12	5	5
398	705	18	5	5
60	705	0	5	4
297	705	17	5	2
169	705	9	5	5
934	705	14	5	4
942	705	2	5	4
932	705	12	5	4
13	705	13	5	5
331	705	11	5	2
393	705	13	5	4
326	705	6	5	3
659	705	19	5	5
392	705	12	5	5
308	705	8	5	5
90	705	10	5	5
406	705	6	5	4
389	705	9	5	5
92	725	12	5	3
497	725	17	5	3
805	725	5	5	3
49	725	9	5	2
504	725	4	5	3
279	725	19	5	4
450	725	10	5	3
622	725	2	5	3
417	725	17	5	4
393	725	13	5	2
276	725	16	5	2
11	725	11	5	3
303	725	3	5	1
405	725	5	5	1
642	725	2	5	4
280	725	0	5	3
385	745	5	5	4
537	745	17	5	2
405	745	5	5	1
85	745	5	5	3
98	745	18	5	3
11	745	11	5	5
234	745	14	5	4
158	745	18	5	4
264	745	4	5	5
833	745	13	5	4
313	745	13	5	3
239	745	19	5	5
932	745	12	5	5
406	745	6	5	4
883	745	3	5	5
60	745	0	5	5
110	765	10	5	3
293	765	13	5	3
892	765	12	5	2
94	765	14	5	3
234	765	14	5	3
551	765	11	5	1
682	765	2	5	4
246	765	6	5	2
933	765	13	5	1
416	765	16	5	4
268	765	8	5	2
450	765	10	5	3
87	765	7	5	3
336	765	16	5	4
497	765	17	5	3
314	765	14	5	3
280	765	0	5	4
758	765	18	5	2
417	765	17	5	3
653	765	13	5	1
896	765	16	5	4
303	765	3	5	3
642	765	2	5	3
130	765	10	5	4
476	765	16	5	4
276	765	16	5	3
796	765	16	5	3
943	765	3	5	3
13	765	13	5	2
256	765	16	5	4
727	765	7	5	2
405	765	5	5	1
618	785	18	5	3
144	785	4	5	4
943	785	3	5	2
262	785	2	5	3
346	785	6	5	3
13	785	13	5	3
436	785	16	5	2
654	785	14	5	4
393	785	13	5	3
234	785	14	5	3
904	785	4	5	5
336	785	16	5	1
450	785	10	5	3
180	785	0	5	4
407	785	7	5	3
416	785	16	5	3
128	785	8	5	2
291	785	11	5	4
256	785	16	5	4
299	785	19	5	2
42	785	2	5	4
712	785	12	5	5
102	785	2	5	2
314	785	14	5	3
846	785	6	5	4
741	785	1	5	3
796	785	16	5	5
798	785	18	5	3
405	785	5	5	1
751	785	11	5	4
389	785	9	5	3
92	785	12	5	3
883	785	3	5	3
655	785	15	5	2
311	785	11	5	3
125	785	5	5	3
152	785	12	5	5
43	785	3	5	3
303	785	3	5	3
452	805	12	5	4
393	805	13	5	2
269	805	9	5	2
303	805	3	5	4
883	805	3	5	4
279	805	19	5	3
664	805	4	5	5
151	805	11	5	4
848	805	8	5	5
308	805	8	5	4
184	805	4	5	3
207	805	7	5	3
655	805	15	5	2
13	805	13	5	4
659	805	19	5	5
798	805	18	5	4
561	805	1	5	3
864	805	4	5	4
18	805	18	5	4
497	805	17	5	3
934	805	14	5	4
363	805	3	5	4
666	805	6	5	4
286	805	6	5	3
327	805	7	5	4
429	805	9	5	3
932	805	12	5	4
425	825	5	5	2
435	825	15	5	3
717	825	17	5	2
540	825	0	5	4
217	825	17	5	3
303	825	3	5	3
592	825	12	5	1
269	825	9	5	1
621	825	1	5	3
865	825	5	5	1
655	825	15	5	2
660	825	0	5	2
551	825	11	5	5
654	825	14	5	3
496	825	16	5	3
275	825	15	5	2
457	825	17	5	5
798	825	18	5	3
597	825	17	5	5
795	825	15	5	2
181	825	1	5	1
75	825	15	5	1
709	825	9	5	2
606	825	6	5	5
854	825	14	5	3
320	825	0	5	4
158	825	18	5	4
104	825	4	5	1
37	825	17	5	2
757	825	17	5	3
290	825	10	5	3
943	825	3	5	3
268	825	8	5	3
13	825	13	5	1
399	825	19	5	2
868	825	8	5	1
916	825	16	5	1
417	825	17	5	4
851	825	11	5	4
393	825	13	5	4
580	825	0	5	4
164	825	4	5	4
452	825	12	5	5
472	825	12	5	5
936	825	16	5	4
291	825	11	5	4
839	825	19	5	4
406	825	6	5	4
201	825	1	5	1
66	825	6	5	3
892	825	12	5	4
92	825	12	5	4
308	825	8	5	4
852	825	12	5	3
648	825	8	5	4
486	825	6	5	2
880	825	0	5	4
160	825	0	5	2
576	825	16	5	4
825	825	5	5	4
222	825	2	5	3
374	825	14	5	3
386	825	6	5	4
145	825	5	5	4
363	825	3	5	4
923	825	3	5	4
790	825	10	5	3
459	825	19	5	3
141	825	1	5	4
357	825	17	5	3
595	825	15	5	2
294	825	14	5	3
57	825	17	5	1
534	825	14	5	4
699	825	19	5	3
119	825	19	5	3
862	825	2	5	5
907	825	7	5	3
276	825	16	5	3
619	825	19	5	2
487	825	7	5	3
59	825	19	5	4
255	825	15	5	1
821	845	1	5	5
435	845	15	5	3
680	845	0	5	4
839	845	19	5	4
296	845	16	5	5
654	845	14	5	4
389	845	9	5	4
345	845	5	5	3
634	845	14	5	3
677	845	17	5	3
554	845	14	5	3
722	845	2	5	5
222	845	2	5	3
872	845	12	5	3
848	845	8	5	5
18	845	18	5	3
92	845	12	5	3
760	845	0	5	5
643	845	3	5	3
552	845	12	5	3
488	845	8	5	3
837	845	17	5	4
528	845	8	5	3
893	845	13	5	3
13	845	13	5	3
52	845	12	5	5
313	845	13	5	3
287	845	7	5	5
53	845	13	5	3
406	845	6	5	3
829	845	9	5	3
660	845	0	5	3
184	845	4	5	3
931	845	11	5	3
768	845	8	5	2
164	845	4	5	3
642	845	2	5	5
89	845	9	5	2
494	845	14	5	4
533	845	13	5	4
592	845	12	5	4
99	845	19	5	3
436	845	16	5	5
938	845	18	5	1
595	845	15	5	3
93	845	13	5	4
182	845	2	5	3
101	845	1	5	3
711	845	11	5	4
45	845	5	5	4
727	845	7	5	3
159	845	19	5	1
486	845	6	5	4
339	845	19	5	4
14	845	14	5	3
910	845	10	5	4
196	845	16	5	4
456	845	16	5	3
311	845	11	5	4
622	845	2	5	3
747	845	7	5	2
862	845	2	5	4
764	845	4	5	4
892	845	12	5	4
416	845	16	5	4
293	845	13	5	2
280	845	0	5	3
378	845	18	5	3
305	845	5	5	3
310	845	10	5	5
303	845	3	5	4
930	845	10	5	3
936	845	16	5	4
152	845	12	5	3
708	845	8	5	5
630	845	10	5	3
593	845	13	5	3
244	845	4	5	3
840	845	0	5	5
330	845	10	5	5
336	845	16	5	1
283	845	3	5	4
676	845	16	5	5
865	845	5	5	1
274	845	14	5	5
207	845	7	5	3
457	845	17	5	4
279	845	19	5	1
537	845	17	5	2
487	845	7	5	4
276	845	16	5	4
894	845	14	5	3
500	845	0	5	4
174	845	14	5	5
104	845	4	5	3
501	845	1	5	3
731	845	11	5	2
57	845	17	5	4
450	845	10	5	4
344	845	4	5	3
185	845	5	5	4
403	845	3	5	4
524	845	4	5	5
632	845	12	5	4
749	845	9	5	3
131	845	11	5	4
763	845	3	5	4
526	845	6	5	5
663	845	3	5	3
726	845	6	5	3
921	845	1	5	4
664	845	4	5	2
42	845	2	5	5
380	845	0	5	4
26	845	6	5	3
896	845	16	5	3
262	845	2	5	4
85	845	5	5	3
606	845	6	5	4
223	845	3	5	4
271	845	11	5	1
151	845	11	5	4
15	845	15	5	2
798	845	18	5	5
903	845	3	5	1
429	845	9	5	4
577	845	17	5	4
393	845	13	5	4
692	845	12	5	3
463	845	3	5	3
399	845	19	5	3
109	845	9	5	4
374	845	14	5	2
178	845	18	5	4
387	845	7	5	4
579	845	19	5	4
624	845	4	5	3
447	845	7	5	3
388	845	8	5	4
119	845	19	5	4
327	845	7	5	3
560	845	0	5	3
628	845	8	5	5
298	845	18	5	3
59	845	19	5	5
233	845	13	5	4
75	845	15	5	3
465	845	5	5	4
703	845	3	5	4
168	845	8	5	4
851	845	11	5	3
314	845	14	5	5
390	845	10	5	2
665	845	5	5	4
83	845	3	5	3
655	845	15	5	2
144	845	4	5	4
332	845	12	5	3
87	845	7	5	4
599	845	19	5	5
458	845	18	5	3
360	845	0	5	3
880	845	0	5	3
887	845	7	5	4
238	845	18	5	3
181	845	1	5	3
269	845	9	5	1
251	845	11	5	4
334	845	14	5	2
43	845	3	5	5
445	845	5	5	2
62	845	2	5	3
438	845	18	5	4
432	845	12	5	4
193	845	13	5	4
234	845	14	5	3
758	865	18	5	4
747	865	7	5	5
334	865	14	5	2
557	865	17	5	3
532	865	12	5	2
655	865	15	5	4
318	865	18	5	2
385	865	5	5	4
305	865	5	5	3
325	865	5	5	3
416	865	16	5	3
639	865	19	5	1
608	865	8	5	4
707	865	7	5	5
354	865	14	5	3
641	865	1	5	5
751	865	11	5	2
13	865	13	5	5
450	865	10	5	4
327	865	7	5	5
860	865	0	5	4
592	885	12	5	2
489	885	9	5	4
13	885	13	5	1
100	885	0	5	2
181	885	1	5	1
451	885	11	5	1
894	885	14	5	2
36	885	16	5	5
895	885	15	5	2
782	885	2	5	3
466	885	6	5	2
435	885	15	5	3
863	885	3	5	1
410	905	10	5	4
13	905	13	5	2
624	905	4	5	4
174	905	14	5	3
587	905	7	5	3
334	905	14	5	1
179	905	19	5	4
328	905	8	5	3
353	905	13	5	4
752	905	12	5	2
515	905	15	5	2
393	905	13	5	3
110	905	10	5	3
531	905	11	5	4
872	905	12	5	4
100	905	0	5	3
450	905	10	5	5
782	905	2	5	4
711	905	11	5	3
871	905	11	5	3
894	905	14	5	3
548	905	8	5	4
126	905	6	5	2
116	905	16	5	2
90	905	10	5	4
193	905	13	5	4
831	905	11	5	4
804	925	4	5	4
548	925	8	5	2
234	925	14	5	2
15	925	15	5	2
280	925	0	5	4
436	925	16	5	4
21	925	1	5	2
374	925	14	5	3
532	925	12	5	4
256	925	16	5	5
618	925	18	5	2
592	925	12	5	3
830	925	10	5	4
606	925	6	5	4
186	925	6	5	5
854	925	14	5	2
897	925	17	5	5
277	925	17	5	4
224	925	4	5	3
872	925	12	5	4
671	925	11	5	3
825	925	5	5	4
663	925	3	5	3
458	925	18	5	3
851	925	11	5	3
27	925	7	5	3
493	925	13	5	3
682	925	2	5	3
42	925	2	5	4
561	925	1	5	3
145	925	5	5	4
181	925	1	5	2
403	925	3	5	4
92	925	12	5	3
334	945	14	5	4
625	945	5	5	3
838	945	18	5	4
151	945	11	5	5
389	945	9	5	4
741	945	1	5	5
796	945	16	5	5
751	945	11	5	3
666	945	6	5	4
670	945	10	5	4
16	945	16	5	4
234	945	14	5	3
655	945	15	5	2
279	945	19	5	5
409	945	9	5	3
747	945	7	5	4
870	945	10	5	4
698	945	18	5	2
184	945	4	5	4
840	945	0	5	3
452	945	12	5	4
312	945	12	5	5
474	945	14	5	4
731	945	11	5	4
385	945	5	5	5
454	945	14	5	3
308	945	8	5	4
479	945	19	5	5
854	945	14	5	3
90	945	10	5	5
338	945	18	5	4
815	945	15	5	4
848	945	8	5	5
883	945	3	5	4
154	945	14	5	3
125	945	5	5	5
942	945	2	5	5
798	945	18	5	3
506	945	6	5	4
406	945	6	5	3
385	965	5	5	4
694	965	14	5	4
409	965	9	5	2
151	965	11	5	5
90	965	10	5	5
234	965	14	5	3
450	965	10	5	4
934	965	14	5	4
524	965	4	5	4
311	965	11	5	3
766	965	6	5	3
128	965	8	5	3
389	965	9	5	5
295	965	15	5	4
342	965	2	5	4
18	965	18	5	4
918	965	18	5	4
299	965	19	5	4
308	965	8	5	4
716	965	16	5	2
537	965	17	5	2
269	985	9	5	3
291	985	11	5	3
592	985	12	5	4
349	985	9	5	3
158	985	18	5	4
498	985	18	5	1
21	985	1	5	2
828	985	8	5	3
699	985	19	5	3
456	985	16	5	3
747	985	7	5	2
634	985	14	5	4
637	985	17	5	2
534	985	14	5	4
141	985	1	5	4
416	985	16	5	3
181	985	1	5	1
663	985	3	5	3
463	985	3	5	1
733	985	13	5	3
213	985	13	5	3
662	985	2	5	4
433	1005	13	5	5
358	1005	18	5	4
383	1005	3	5	3
405	1005	5	5	1
655	1005	15	5	4
894	1005	14	5	5
23	1005	3	5	3
883	1005	3	5	5
568	1005	8	5	1
916	1005	16	5	4
189	1005	9	5	4
537	1005	17	5	3
299	1005	19	5	5
449	1005	9	5	5
838	1005	18	5	4
59	1005	19	5	5
90	1005	10	5	2
828	1005	8	5	3
639	1005	19	5	2
269	1005	9	5	4
585	1005	5	5	4
566	1005	6	5	5
697	1025	17	5	2
772	1025	12	5	3
758	1025	18	5	3
464	1025	4	5	2
790	1025	10	5	1
910	1025	10	5	2
853	1025	13	5	4
548	1025	8	5	4
592	1025	12	5	1
181	1025	1	5	1
727	1025	7	5	2
628	1025	8	5	5
851	1025	11	5	2
564	1025	4	5	2
816	1025	16	5	4
809	1025	9	5	1
261	1025	1	5	5
721	1025	1	5	3
362	1025	2	5	2
802	1025	2	5	3
346	1025	6	5	3
488	1025	8	5	2
159	1025	19	5	2
211	1025	11	5	3
102	1025	2	5	2
35	1025	15	5	3
309	1025	9	5	5
253	1025	13	5	3
164	1025	4	5	4
205	1025	5	5	1
782	1025	2	5	2
804	1025	4	5	4
537	1025	17	5	1
451	1025	11	5	3
510	1025	10	5	3
489	1025	9	5	5
635	1025	15	5	2
341	1025	1	5	5
260	1025	0	5	5
928	1025	8	5	5
644	1025	4	5	4
396	1025	16	5	4
145	1025	5	5	4
279	1025	19	5	2
222	1045	2	5	3
655	1045	15	5	3
405	1045	5	5	3
661	1045	1	5	3
715	1045	15	5	2
883	1045	3	5	5
835	1045	15	5	4
122	1045	2	5	4
42	1045	2	5	2
94	1045	14	5	4
535	1045	15	5	4
896	1045	16	5	3
308	1045	8	5	4
846	1045	6	5	3
201	1045	1	5	2
380	1045	0	5	3
194	1045	14	5	2
537	1045	17	5	3
682	1045	2	5	3
224	1045	4	5	2
90	1045	10	5	2
747	1045	7	5	4
244	1045	4	5	5
474	1045	14	5	4
666	1045	6	5	4
201	1065	1	5	3
151	1065	11	5	3
650	1065	10	5	4
848	1065	8	5	2
64	1065	4	5	1
886	1065	6	5	4
653	1065	13	5	1
85	1065	5	5	3
556	1065	16	5	4
890	1065	10	5	3
843	1065	3	5	3
805	1065	5	5	5
70	1065	10	5	4
537	1065	17	5	1
385	1065	5	5	3
406	1065	6	5	2
239	1065	19	5	5
867	1065	7	5	5
94	1065	14	5	4
214	1065	14	5	5
615	1065	15	5	4
934	1065	14	5	2
763	1065	3	5	5
269	1065	9	5	5
566	1065	6	5	5
918	1065	18	5	4
889	1065	9	5	4
836	1065	16	5	4
932	1065	12	5	5
308	1065	8	5	5
48	1065	8	5	2
883	1065	3	5	5
268	1065	8	5	4
721	1065	1	5	5
189	1065	9	5	5
643	1065	3	5	4
804	1065	4	5	3
187	1065	7	5	4
307	1065	7	5	3
660	1065	0	5	2
639	1065	19	5	1
354	1065	14	5	3
606	1065	6	5	5
59	1065	19	5	5
409	1065	9	5	2
524	1065	4	5	1
878	1065	18	5	1
380	1065	0	5	4
840	1065	0	5	5
144	1065	4	5	4
288	1065	8	5	4
315	1065	15	5	4
405	1065	5	5	1
181	1085	1	5	1
592	1085	12	5	3
224	1085	4	5	1
733	1085	13	5	4
537	1085	17	5	4
52	1085	12	5	4
354	1085	14	5	3
314	1085	14	5	1
839	1085	19	5	5
758	1085	18	5	5
655	1085	15	5	2
58	1105	18	5	2
851	1105	11	5	4
235	1105	15	5	2
440	1105	0	5	5
537	1105	17	5	1
351	1105	11	5	4
377	1105	17	5	3
286	1105	6	5	5
818	1105	18	5	1
752	1105	12	5	3
260	1105	0	5	5
782	1105	2	5	3
209	1105	9	5	2
681	1105	1	5	3
805	1105	5	5	2
842	1105	2	5	2
454	1105	14	5	3
724	1105	4	5	1
167	1125	7	5	5
90	1125	10	5	4
60	1125	0	5	4
568	1125	8	5	4
222	1145	2	5	3
70	1145	10	5	3
276	1145	16	5	2
378	1145	18	5	3
314	1145	14	5	4
453	1145	13	5	2
303	1145	3	5	2
267	1145	7	5	3
693	1145	13	5	2
872	1165	12	5	2
181	1165	1	5	1
117	1165	17	5	3
790	1165	10	5	2
880	1165	0	5	2
269	1165	9	5	1
83	1165	3	5	2
654	1165	14	5	1
727	1165	7	5	2
314	1165	14	5	2
718	1165	18	5	3
344	1165	4	5	1
595	1165	15	5	1
393	1165	13	5	3
125	1185	5	5	3
790	1185	10	5	2
541	1185	1	5	2
690	1185	10	5	1
435	1185	15	5	1
234	1185	14	5	3
87	1185	7	5	4
279	1185	19	5	1
749	1185	9	5	4
497	1185	17	5	1
267	1185	7	5	2
621	1185	1	5	3
221	1185	1	5	3
618	1185	18	5	2
880	1185	0	5	1
727	1185	7	5	1
393	1185	13	5	3
642	1185	2	5	4
747	1205	7	5	3
90	1205	10	5	3
932	1205	12	5	5
234	1205	14	5	1
694	1205	14	5	3
279	1205	19	5	3
682	1225	2	5	4
665	1225	5	5	2
167	1225	7	5	3
880	1225	0	5	2
435	1225	15	5	3
94	1225	14	5	3
314	1225	14	5	3
207	1225	7	5	3
393	1225	13	5	3
747	1225	7	5	3
244	1225	4	5	2
405	1225	5	5	1
618	1225	18	5	2
264	1225	4	5	3
130	1245	10	5	3
181	1245	1	5	1
663	1245	3	5	4
893	1245	13	5	2
851	1245	11	5	4
109	1245	9	5	2
145	1245	5	5	5
697	1245	17	5	1
198	1245	18	5	4
677	1245	17	5	4
495	1245	15	5	5
294	1245	14	5	3
537	1245	17	5	3
445	1245	5	5	1
839	1245	19	5	4
655	1245	15	5	3
239	1245	19	5	5
276	1245	16	5	3
201	1245	1	5	4
918	1265	18	5	1
423	1265	3	5	4
752	1265	12	5	3
173	1265	13	5	3
655	1265	15	5	3
405	1265	5	5	2
451	1265	11	5	4
587	1265	7	5	4
192	1265	12	5	3
489	1265	9	5	2
286	1265	6	5	5
455	1265	15	5	3
592	1265	12	5	1
119	1265	19	5	3
721	1265	1	5	3
560	1265	0	5	3
181	1265	1	5	1
427	1265	7	5	5
440	1265	0	5	5
934	1285	14	5	3
144	1285	4	5	3
505	1285	5	5	3
393	1285	13	5	3
654	1285	14	5	4
804	1285	4	5	2
429	1285	9	5	3
798	1285	18	5	3
642	1285	2	5	4
711	1285	11	5	3
868	1285	8	5	2
290	1285	10	5	3
234	1285	14	5	3
892	1285	12	5	4
796	1285	16	5	4
405	1305	5	5	1
682	1305	2	5	3
167	1305	7	5	1
279	1305	19	5	4
932	1305	12	5	2
291	1305	11	5	3
774	1305	14	5	3
181	1325	1	5	1
871	1345	11	5	3
181	1345	1	5	1
793	1365	13	5	2
181	1365	1	5	1
500	1385	0	5	4
186	1385	6	5	2
181	1385	1	5	1
782	1385	2	5	4
871	1385	11	5	3
486	1405	6	5	5
548	1405	8	5	3
192	1405	12	5	5
560	1405	0	5	4
782	1405	2	5	2
405	1405	5	5	1
934	1425	14	5	1
405	1425	5	5	1
798	1425	18	5	4
429	1425	9	5	3
642	1425	2	5	2
450	1425	10	5	4
487	1425	7	5	4
201	1425	1	5	3
864	1425	4	5	2
378	1425	18	5	2
405	1445	5	5	1
234	1445	14	5	4
537	1445	17	5	3
655	1445	15	5	3
639	1465	19	5	2
243	1465	3	5	3
655	1465	15	5	2
305	1485	5	5	3
279	1485	19	5	4
363	1485	3	5	4
585	1485	5	5	3
291	1505	11	5	4
334	1525	14	5	4
405	1545	5	5	2
799	1545	19	5	4
429	1545	9	5	2
707	1545	7	5	2
405	1565	5	5	1
405	1585	5	5	1
655	1585	15	5	4
782	1605	2	5	2
655	1605	15	5	3
901	1605	1	5	5
463	1605	3	5	2
587	1625	7	5	4
655	1645	15	5	4
782	1665	2	5	2
