305	16	5	16	3
919	16	19	16	4
417	16	17	16	3
464	16	4	16	4
381	16	1	16	4
543	16	3	16	3
293	16	13	16	2
463	16	3	16	4
325	16	5	16	1
1	16	1	16	5
825	16	5	16	3
883	16	3	16	4
699	16	19	16	3
286	16	6	16	3
209	16	9	16	4
535	16	15	16	4
733	16	13	16	3
763	16	3	16	5
569	16	9	16	3
608	16	8	16	2
711	16	11	16	5
459	16	19	16	2
402	16	2	16	3
500	16	0	16	4
181	16	1	16	1
268	16	8	16	3
10	16	10	16	4
279	16	19	16	4
930	16	10	16	1
178	16	18	16	4
234	16	14	16	2
768	16	8	16	3
837	16	17	16	2
936	16	16	16	4
894	16	14	16	3
918	16	18	16	4
189	16	9	16	3
243	16	3	16	3
486	16	6	16	3
655	36	15	16	2
293	36	13	16	1
201	36	1	16	1
796	36	16	16	1
416	36	16	16	2
405	36	5	16	2
184	36	4	16	3
393	36	13	16	3
314	36	14	16	2
477	36	17	16	4
1	36	1	16	2
256	36	16	16	3
846	36	6	16	2
326	56	6	16	2
924	56	4	16	3
710	56	10	16	5
360	56	0	16	4
608	56	8	16	5
184	56	4	16	3
230	56	10	16	3
840	56	0	16	5
537	56	17	16	5
642	56	2	16	4
118	56	18	16	5
144	56	4	16	4
658	56	18	16	5
7	56	7	16	5
425	56	5	16	5
690	56	10	16	4
73	56	13	16	4
286	56	6	16	2
577	56	17	16	3
543	56	3	16	5
881	56	1	16	1
588	56	8	16	4
851	56	11	16	5
700	56	0	16	3
892	56	12	16	4
292	56	12	16	5
314	56	14	16	1
399	56	19	16	3
568	56	8	16	4
393	56	13	16	2
346	56	6	16	5
283	56	3	16	5
210	56	10	16	5
538	56	18	16	4
69	56	9	16	5
773	56	13	16	2
751	56	11	16	4
58	56	18	16	5
655	56	15	16	3
850	56	10	16	1
71	56	11	16	5
379	56	19	16	5
860	56	0	16	4
562	56	2	16	1
648	56	8	16	1
796	56	16	16	5
293	56	13	16	4
234	56	14	16	3
530	56	10	16	3
682	56	2	16	4
619	56	19	16	3
663	56	3	16	5
934	56	14	16	5
643	56	3	16	5
886	56	6	16	4
445	56	5	16	5
498	56	18	16	3
82	56	2	16	3
91	56	11	16	1
731	56	11	16	2
864	56	4	16	5
138	56	18	16	5
276	56	16	16	5
542	56	2	16	5
37	56	17	16	5
871	56	11	16	5
548	56	8	16	5
334	56	14	16	4
826	56	6	16	5
153	56	13	16	5
925	56	5	16	3
528	56	8	16	3
57	56	17	16	3
716	56	16	16	5
301	56	1	16	4
366	56	6	16	5
87	56	7	16	4
660	56	0	16	1
617	56	17	16	1
870	56	10	16	5
16	56	16	16	5
593	56	13	16	5
738	56	18	16	4
883	56	3	16	5
535	56	15	16	3
76	56	16	16	5
763	56	3	16	5
709	56	9	16	5
296	56	16	16	5
880	56	0	16	5
1	56	1	16	4
405	56	5	16	4
830	56	10	16	2
465	56	5	16	4
442	56	2	16	5
49	56	9	16	5
321	56	1	16	4
561	56	1	16	5
758	56	18	16	5
272	56	12	16	5
836	56	16	16	4
151	56	11	16	4
912	56	12	16	2
806	56	6	16	5
505	56	5	16	1
844	56	4	16	4
406	56	6	16	5
96	56	16	16	5
387	56	7	16	5
77	56	17	16	4
269	56	9	16	5
458	56	18	16	5
488	56	8	16	4
691	56	11	16	4
576	56	16	16	3
821	56	1	16	5
640	56	0	16	5
323	56	3	16	5
748	56	8	16	4
10	56	10	16	5
536	56	16	16	3
693	56	13	16	4
14	56	14	16	5
671	56	11	16	1
592	56	12	16	5
781	56	1	16	3
715	56	15	16	5
804	56	4	16	3
430	56	10	16	4
332	56	12	16	5
249	56	9	16	5
232	56	12	16	5
627	56	7	16	2
246	56	6	16	1
929	56	9	16	4
218	56	18	16	3
279	56	19	16	4
62	56	2	16	5
833	56	13	16	4
579	56	19	16	3
468	56	8	16	5
201	56	1	16	5
447	56	7	16	5
411	56	11	16	4
313	56	13	16	2
193	56	13	16	1
244	56	4	16	5
495	56	15	16	5
214	56	14	16	5
158	56	18	16	5
385	56	5	16	5
521	56	1	16	4
339	56	19	16	5
347	56	7	16	5
497	56	17	16	4
398	56	18	16	4
250	56	10	16	4
741	56	1	16	4
382	56	2	16	5
226	56	6	16	4
64	56	4	16	5
854	56	14	16	5
119	56	19	16	4
363	56	3	16	5
374	56	14	16	5
117	56	17	16	5
342	56	2	16	5
207	56	7	16	4
788	56	8	16	3
607	56	7	16	5
389	56	9	16	5
778	56	18	16	3
264	56	4	16	5
600	56	0	16	5
932	56	12	16	4
116	56	16	16	5
186	56	6	16	3
496	56	16	16	5
194	56	14	16	5
44	56	4	16	2
659	56	19	16	5
60	56	0	16	4
377	56	17	16	4
802	56	2	16	3
388	56	8	16	3
940	56	0	16	5
476	56	16	16	4
739	56	19	16	4
559	56	19	16	3
345	56	5	16	5
591	56	11	16	4
450	56	10	16	4
352	56	12	16	5
368	56	8	16	4
721	56	1	16	3
814	56	14	16	3
512	56	12	16	5
492	56	12	16	5
109	56	9	16	5
764	56	4	16	4
24	56	4	16	4
221	56	1	16	5
916	56	16	16	5
466	56	6	16	4
136	56	16	16	4
456	56	16	16	5
378	56	18	16	4
457	56	17	16	4
198	56	18	16	5
336	56	16	16	4
629	56	9	16	5
177	56	17	16	5
370	56	10	16	2
262	56	2	16	4
653	56	13	16	5
161	56	1	16	3
903	56	3	16	5
103	56	3	16	5
868	56	8	16	3
862	56	2	16	3
838	56	18	16	5
267	56	7	16	5
551	56	11	16	5
328	56	8	16	4
757	56	17	16	4
679	56	19	16	4
774	56	14	16	2
102	56	2	16	3
271	56	11	16	3
270	56	10	16	5
533	56	13	16	3
882	56	2	16	4
160	56	0	16	5
394	56	14	16	5
727	56	7	16	3
885	56	5	16	3
429	56	9	16	4
435	56	15	16	5
23	56	3	16	4
163	56	3	16	4
749	56	9	16	2
746	56	6	16	3
372	56	12	16	4
174	56	14	16	5
790	56	10	16	4
539	56	19	16	2
500	56	0	16	5
361	56	1	16	4
197	56	17	16	1
645	56	5	16	3
943	56	3	16	5
567	56	7	16	4
601	56	1	16	3
305	56	5	16	1
867	56	7	16	5
632	56	12	16	3
189	56	9	16	5
734	56	14	16	1
217	56	17	16	5
777	56	17	16	5
253	56	13	16	3
180	56	0	16	5
889	56	9	16	5
686	56	6	16	5
805	56	5	16	4
493	56	13	16	4
90	56	10	16	5
910	56	10	16	4
908	56	8	16	4
454	56	14	16	3
415	56	15	16	5
114	56	14	16	3
287	56	7	16	5
922	56	2	16	1
875	56	15	16	5
338	56	18	16	3
308	56	8	16	5
666	56	6	16	4
664	56	4	16	4
897	56	17	16	2
307	56	7	16	4
665	56	5	16	5
132	56	12	16	5
506	56	6	16	4
291	56	11	16	5
59	56	19	16	5
487	56	7	16	4
318	56	18	16	3
650	56	10	16	3
683	56	3	16	5
43	56	3	16	5
6	56	6	16	4
315	56	15	16	5
823	56	3	16	5
239	56	19	16	4
416	56	16	16	5
213	56	13	16	5
472	56	12	16	5
343	56	3	16	5
18	56	18	16	5
747	56	7	16	5
480	56	0	16	4
327	56	7	16	2
200	56	0	16	4
437	56	17	16	4
94	56	14	16	5
692	56	12	16	3
484	56	4	16	5
893	56	13	16	5
391	56	11	16	5
421	56	1	16	5
8	56	8	16	5
295	56	15	16	4
654	56	14	16	4
233	56	13	16	5
367	56	7	16	5
523	56	3	16	3
222	56	2	16	5
887	56	7	16	5
877	56	17	16	5
412	56	12	16	5
499	56	19	16	4
311	56	11	16	5
28	56	8	16	5
55	56	15	16	4
256	56	16	16	3
130	56	10	16	5
603	56	3	16	4
610	56	10	16	3
148	56	8	16	5
110	56	10	16	1
72	56	12	16	5
48	56	8	16	3
75	56	15	16	5
474	56	14	16	5
21	56	1	16	5
13	56	13	16	5
297	56	17	16	5
767	56	7	16	4
92	56	12	16	5
553	56	13	16	4
145	56	5	16	5
99	56	19	16	5
83	56	3	16	1
268	56	8	16	4
178	56	18	16	4
633	56	13	16	2
669	56	9	16	2
215	56	15	16	5
785	56	5	16	4
299	56	19	16	4
320	56	0	16	5
255	56	15	16	5
65	56	5	16	3
125	56	5	16	1
417	56	17	16	5
175	56	15	16	2
85	56	5	16	4
527	56	7	16	4
280	56	0	16	5
216	56	16	16	5
524	56	4	16	4
208	56	8	16	2
135	56	15	16	4
128	56	8	16	3
843	56	3	16	3
546	56	6	16	5
41	56	1	16	4
933	56	13	16	5
397	56	17	16	5
236	56	16	16	5
228	56	8	16	2
188	56	8	16	4
604	56	4	16	2
586	56	6	16	5
504	56	4	16	3
453	56	13	16	5
913	56	13	16	5
554	56	14	16	4
566	56	6	16	4
847	56	7	16	1
115	56	15	16	5
606	56	6	16	5
407	56	7	16	5
846	56	6	16	5
56	56	16	16	5
11	56	11	16	4
622	56	2	16	5
618	56	18	16	4
901	56	1	16	1
303	56	3	16	5
927	56	7	16	4
831	56	11	16	5
455	56	15	16	5
301	76	1	16	4
194	76	14	16	2
450	76	10	16	3
487	76	7	16	4
653	76	13	16	3
474	76	14	16	4
452	76	12	16	4
537	76	17	16	3
627	76	7	16	3
269	76	9	16	3
276	76	16	16	4
94	76	14	16	4
343	76	3	16	4
405	76	5	16	3
16	76	16	16	5
524	76	4	16	4
454	76	14	16	1
916	76	16	16	3
897	76	17	16	4
178	76	18	16	3
311	76	11	16	4
806	76	6	16	3
305	76	5	16	1
943	76	3	16	4
758	76	18	16	3
391	76	11	16	3
62	76	2	16	4
551	76	11	16	4
201	76	1	16	4
234	76	14	16	2
435	76	15	16	3
659	76	19	16	4
608	76	8	16	4
458	76	18	16	4
328	76	8	16	3
788	76	8	16	3
655	76	15	16	3
896	76	16	16	3
232	76	12	16	3
886	76	6	16	4
293	76	13	16	3
586	76	6	16	5
221	76	1	16	4
846	76	6	16	4
339	76	19	16	3
188	76	8	16	4
1	76	1	16	4
387	76	7	16	3
347	76	7	16	5
280	76	0	16	2
682	76	2	16	3
833	76	13	16	2
346	76	6	16	4
892	76	12	16	4
868	96	8	16	2
830	96	10	16	3
924	96	4	16	4
838	96	18	16	4
632	96	12	16	5
109	96	9	16	5
715	96	15	16	4
543	96	3	16	4
429	96	9	16	4
727	96	7	16	4
823	96	3	16	4
197	96	17	16	5
378	96	18	16	4
130	96	10	16	5
746	96	6	16	4
757	96	17	16	4
328	96	8	16	4
167	96	7	16	5
625	96	5	16	5
630	96	10	16	4
436	96	16	16	4
669	96	9	16	2
916	96	16	16	3
14	96	14	16	4
640	96	0	16	5
393	96	13	16	4
642	96	2	16	5
1	96	1	16	5
73	96	13	16	2
751	96	11	16	4
806	96	6	16	5
645	96	5	16	3
344	96	4	16	4
921	96	1	16	4
276	96	16	16	5
622	96	2	16	5
59	96	19	16	5
222	96	2	16	5
670	96	10	16	5
457	96	17	16	5
280	96	0	16	4
360	96	0	16	3
272	96	12	16	5
831	96	11	16	5
103	96	3	16	4
77	96	17	16	3
16	96	16	16	5
527	96	7	16	4
505	96	5	16	4
96	96	16	16	4
663	96	3	16	5
23	96	3	16	4
435	96	15	16	5
748	96	8	16	5
643	96	3	16	5
882	96	2	16	4
650	96	10	16	4
892	96	12	16	4
661	96	1	16	4
488	96	8	16	3
41	96	1	16	4
551	96	11	16	5
472	96	12	16	5
458	96	18	16	4
90	96	10	16	4
363	96	3	16	5
7	96	7	16	5
454	96	14	16	4
279	96	19	16	4
76	96	16	16	5
296	96	16	16	5
406	96	6	16	5
175	96	15	16	3
188	96	8	16	5
907	96	7	16	5
850	96	10	16	4
442	96	2	16	4
253	96	13	16	5
217	96	17	16	4
189	96	9	16	5
621	96	1	16	5
210	96	10	16	4
506	96	6	16	4
95	96	15	16	4
908	96	8	16	4
738	96	18	16	5
373	96	13	16	4
200	96	0	16	5
305	96	5	16	3
533	96	13	16	4
508	96	8	16	2
537	96	17	16	3
114	96	14	16	3
652	96	12	16	4
249	96	9	16	4
246	96	6	16	3
753	96	13	16	1
332	96	12	16	5
313	96	13	16	5
943	96	3	16	4
308	96	8	16	4
826	96	6	16	5
875	96	15	16	4
478	96	18	16	2
606	96	6	16	5
601	96	1	16	2
561	96	1	16	1
665	96	5	16	3
87	96	7	16	5
405	96	5	16	3
381	96	1	16	5
796	96	16	16	4
901	96	1	16	5
660	96	0	16	3
391	96	11	16	3
326	96	6	16	3
234	96	14	16	2
709	96	9	16	5
447	96	7	16	5
577	96	17	16	4
773	96	13	16	2
693	96	13	16	4
292	96	12	16	4
840	96	0	16	2
13	96	13	16	4
37	96	17	16	4
745	96	5	16	4
12	96	12	16	4
881	96	1	16	3
627	96	7	16	3
847	96	7	16	4
871	96	11	16	5
379	96	19	16	5
575	96	15	16	5
399	96	19	16	3
303	96	3	16	5
522	96	2	16	3
256	96	16	16	5
92	96	12	16	4
664	96	4	16	3
899	96	19	16	4
934	96	14	16	4
504	96	4	16	4
230	96	10	16	2
480	96	0	16	4
248	96	8	16	4
933	96	13	16	2
524	96	4	16	4
286	96	6	16	4
893	96	13	16	4
557	96	17	16	5
927	96	7	16	5
62	96	2	16	4
102	96	2	16	3
682	96	2	16	4
889	96	9	16	4
445	96	5	16	4
53	96	13	16	4
42	96	2	16	5
235	96	15	16	4
8	96	8	16	3
407	96	7	16	3
666	96	6	16	3
124	96	4	16	4
295	96	15	16	1
327	96	7	16	2
586	96	6	16	4
897	96	17	16	5
269	96	9	16	1
567	96	7	16	4
846	96	6	16	4
263	96	3	16	4
763	96	3	16	2
22	96	2	16	5
479	96	19	16	4
867	96	7	16	5
239	96	19	16	5
301	96	1	16	5
94	96	14	16	3
705	96	5	16	5
886	96	6	16	3
291	96	11	16	4
346	96	6	16	5
347	96	7	16	4
145	96	5	16	5
655	96	15	16	3
28	96	8	16	5
638	96	18	16	4
110	96	10	16	4
716	96	16	16	2
421	96	1	16	4
202	96	2	16	4
425	96	5	16	4
412	96	12	16	5
864	96	4	16	5
619	96	19	16	5
484	96	4	16	5
183	96	3	16	3
320	96	0	16	5
417	96	17	16	3
474	96	14	16	4
756	96	16	16	4
56	96	16	16	5
312	96	12	16	5
698	96	18	16	4
887	96	7	16	4
198	96	18	16	4
201	96	1	16	4
416	96	16	16	4
566	96	6	16	3
193	96	13	16	1
207	96	7	16	3
455	96	15	16	4
387	96	7	16	4
896	96	16	16	5
115	96	15	16	3
932	96	12	16	4
545	96	5	16	5
497	96	17	16	4
159	96	19	16	4
374	96	14	16	4
600	96	0	16	5
795	96	15	16	2
452	96	12	16	2
311	96	11	16	5
250	96	10	16	2
70	96	10	16	4
592	96	12	16	5
883	96	3	16	4
137	96	17	16	5
854	96	14	16	3
496	96	16	16	4
790	96	10	16	3
119	96	19	16	5
940	96	0	16	5
514	96	14	16	5
117	96	17	16	5
60	96	0	16	4
633	96	13	16	4
268	96	8	16	5
538	96	18	16	4
450	96	10	16	4
402	96	2	16	5
352	96	12	16	4
532	96	12	16	5
64	96	4	16	4
653	96	13	16	4
468	96	8	16	5
739	96	19	16	5
368	96	8	16	3
221	96	1	16	5
903	96	3	16	2
44	96	4	16	4
807	96	7	16	3
398	96	18	16	4
177	96	17	16	3
178	96	18	16	4
805	96	5	16	4
275	96	15	16	3
712	96	12	16	5
833	96	13	16	5
487	96	7	16	5
648	96	8	16	5
158	96	18	16	4
493	96	13	16	4
293	96	13	16	3
521	96	1	16	4
144	96	4	16	5
536	96	16	16	4
843	96	3	16	3
72	96	12	16	5
466	96	6	16	5
749	96	9	16	5
758	96	18	16	5
880	96	0	16	4
788	96	8	16	3
97	96	17	16	5
737	96	17	16	2
394	96	14	16	5
671	96	11	16	5
870	96	10	16	4
774	96	14	16	2
747	96	7	16	5
913	96	13	16	5
659	96	19	16	4
262	96	2	16	4
804	96	4	16	5
658	96	18	16	4
700	96	0	16	4
862	96	2	16	4
49	96	9	16	1
815	96	15	16	5
495	96	15	16	4
232	96	12	16	5
618	96	18	16	3
590	116	10	16	5
561	116	1	16	4
402	116	2	16	3
63	116	3	16	5
98	116	18	16	5
857	116	17	16	5
464	116	4	16	4
374	116	14	16	1
144	116	4	16	4
306	116	6	16	5
196	116	16	16	3
1	116	1	16	3
363	116	3	16	4
829	116	9	16	4
527	116	7	16	4
940	116	0	16	2
409	116	9	16	4
308	116	8	16	4
468	116	8	16	4
747	116	7	16	4
592	116	12	16	4
138	116	18	16	2
523	116	3	16	5
874	116	14	16	4
18	116	18	16	5
905	116	5	16	3
250	116	10	16	4
243	116	3	16	4
185	116	5	16	4
79	116	19	16	5
585	116	5	16	3
654	116	14	16	4
354	116	14	16	5
25	116	5	16	4
864	116	4	16	4
52	116	12	16	4
62	116	2	16	3
99	116	19	16	2
558	116	18	16	5
794	116	14	16	5
279	116	19	16	1
387	116	7	16	3
360	116	0	16	3
420	116	0	16	4
937	116	17	16	4
458	116	18	16	4
500	116	0	16	4
321	116	1	16	3
884	116	4	16	4
49	116	9	16	4
707	116	7	16	5
825	116	5	16	3
639	116	19	16	3
733	116	13	16	4
655	116	15	16	2
524	116	4	16	4
297	116	17	16	4
894	116	14	16	4
699	116	19	16	4
13	116	13	16	5
503	116	3	16	5
227	116	7	16	4
930	116	10	16	5
158	116	18	16	5
710	116	10	16	4
463	116	3	16	5
379	116	19	16	4
514	116	14	16	4
187	116	7	16	5
919	116	19	16	3
535	116	15	16	3
59	116	19	16	4
201	116	1	16	1
26	116	6	16	2
23	116	3	16	5
878	116	18	16	2
474	116	14	16	5
762	116	2	16	1
268	116	8	16	4
184	116	4	16	4
271	116	11	16	2
303	116	3	16	5
239	116	19	16	5
234	116	14	16	2
728	116	8	16	4
125	116	5	16	4
936	116	16	16	4
148	116	8	16	5
883	116	3	16	5
343	116	3	16	5
909	116	9	16	5
711	116	11	16	5
136	116	16	16	5
286	116	6	16	5
181	116	1	16	1
861	116	1	16	4
116	116	16	16	3
92	116	12	16	3
370	116	10	16	3
869	116	9	16	4
891	116	11	16	3
483	116	3	16	3
537	116	17	16	3
264	116	4	16	4
113	116	13	16	3
758	116	18	16	5
931	116	11	16	4
473	116	13	16	5
257	116	17	16	3
491	116	11	16	5
666	116	6	16	4
14	116	14	16	5
334	116	14	16	4
591	116	11	16	4
651	116	11	16	2
199	116	19	16	5
634	116	14	16	3
828	116	8	16	4
790	116	10	16	4
437	116	17	16	3
81	116	1	16	3
310	116	10	16	5
798	116	18	16	3
58	116	18	16	5
10	116	10	16	4
498	136	18	16	3
535	136	15	16	5
766	136	6	16	3
312	136	12	16	5
536	136	16	16	4
499	136	19	16	4
487	136	7	16	5
1	136	1	16	3
462	136	2	16	4
608	136	8	16	3
488	136	8	16	4
815	136	15	16	5
59	136	19	16	3
479	136	19	16	4
350	136	10	16	5
373	136	13	16	4
269	136	9	16	4
6	136	6	16	5
560	136	0	16	3
7	136	7	16	5
313	136	13	16	5
896	136	16	16	5
929	136	9	16	3
60	136	0	16	4
878	136	18	16	4
566	136	6	16	4
514	136	14	16	4
642	136	2	16	3
387	136	7	16	3
454	136	14	16	3
537	136	17	16	4
416	136	16	16	5
85	136	5	16	4
429	136	9	16	4
881	136	1	16	4
846	136	6	16	3
263	136	3	16	4
299	136	19	16	4
339	136	19	16	5
738	136	18	16	4
125	136	5	16	5
167	136	7	16	4
647	136	7	16	5
128	136	8	16	5
618	136	18	16	3
389	136	9	16	4
406	136	6	16	4
90	136	10	16	5
469	136	9	16	4
704	136	4	16	4
747	136	7	16	5
354	136	14	16	5
452	136	12	16	4
51	136	11	16	4
225	136	5	16	5
234	136	14	16	4
435	136	15	16	4
932	136	12	16	5
91	136	11	16	4
288	136	8	16	5
254	136	14	16	4
42	136	2	16	4
496	136	16	16	1
151	136	11	16	4
48	136	8	16	4
194	136	14	16	5
712	136	12	16	1
393	136	13	16	5
653	136	13	16	1
409	136	9	16	4
749	136	9	16	5
532	136	12	16	5
484	136	4	16	5
553	136	13	16	4
385	136	5	16	3
807	136	7	16	5
897	136	17	16	5
474	136	14	16	4
567	136	7	16	5
311	136	11	16	5
31	136	11	16	5
175	136	15	16	4
892	136	12	16	4
18	136	18	16	5
650	136	10	16	4
823	136	3	16	5
450	136	10	16	5
900	136	0	16	2
415	136	15	16	5
330	136	10	16	5
617	136	17	16	3
370	136	10	16	4
868	136	8	16	5
426	136	6	16	4
864	136	4	16	4
921	136	1	16	4
465	136	5	16	4
290	136	10	16	4
731	136	11	16	4
716	136	16	16	5
890	136	10	16	5
326	136	6	16	4
189	136	9	16	4
659	136	19	16	5
271	136	11	16	3
548	156	8	16	5
632	156	12	16	3
487	156	7	16	4
747	156	7	16	3
7	156	7	16	5
551	156	11	16	5
453	156	13	16	5
363	156	3	16	3
77	156	17	16	4
342	156	2	16	4
41	156	1	16	4
653	156	13	16	4
586	156	6	16	4
727	156	7	16	4
497	156	17	16	5
934	156	14	16	3
429	156	9	16	4
315	156	15	16	5
269	156	9	16	5
457	156	17	16	5
806	156	6	16	4
601	156	1	16	4
118	156	18	16	5
121	156	1	16	4
293	156	13	16	4
744	156	4	16	4
23	156	3	16	3
308	156	8	16	4
704	156	4	16	3
267	156	7	16	5
178	156	18	16	2
248	156	8	16	5
737	156	17	16	5
867	156	7	16	5
566	156	6	16	4
622	156	2	16	5
96	156	16	16	4
221	156	1	16	5
665	156	5	16	5
757	156	17	16	3
327	156	7	16	4
417	156	17	16	3
297	156	17	16	4
903	156	3	16	5
916	156	16	16	5
447	156	7	16	5
409	156	9	16	2
606	156	6	16	4
16	156	16	16	4
305	156	5	16	4
280	156	0	16	4
201	156	1	16	4
496	156	16	16	3
6	156	6	16	3
320	156	0	16	5
527	156	7	16	3
180	156	0	16	5
249	156	9	16	5
264	156	4	16	2
435	156	15	16	4
177	156	17	16	5
682	156	2	16	5
234	156	14	16	2
567	156	7	16	5
521	156	1	16	4
114	156	14	16	4
270	156	10	16	5
253	156	13	16	3
279	156	19	16	4
385	156	5	16	4
109	156	9	16	5
889	156	9	16	5
92	156	12	16	4
207	156	7	16	2
213	156	13	16	5
352	156	12	16	4
416	156	16	16	5
291	156	11	16	5
530	156	10	16	4
421	156	1	16	5
347	156	7	16	5
301	156	1	16	4
287	156	7	16	5
313	156	13	16	3
312	156	12	16	3
343	156	3	16	4
498	156	18	16	5
94	156	14	16	5
130	156	10	16	3
323	156	3	16	5
373	156	13	16	2
268	156	8	16	3
655	156	15	16	2
664	156	4	16	4
406	156	6	16	5
276	156	16	16	5
222	156	2	16	4
908	156	8	16	3
214	156	14	16	5
452	156	12	16	4
397	156	17	16	5
514	156	14	16	4
933	156	13	16	4
880	156	0	16	4
339	156	19	16	5
90	156	10	16	4
117	156	17	16	4
361	156	1	16	4
374	156	14	16	2
394	156	14	16	4
10	156	10	16	4
715	156	15	16	4
710	156	10	16	4
442	156	2	16	4
76	156	16	16	3
64	156	4	16	4
292	156	12	16	5
913	156	13	16	3
437	156	17	16	2
53	156	13	16	4
387	156	7	16	5
425	156	5	16	5
642	156	2	16	1
854	156	14	16	3
322	156	2	16	4
198	156	18	16	3
58	156	18	16	5
244	156	4	16	4
303	156	3	16	5
535	156	15	16	2
165	156	5	16	3
332	156	12	16	4
833	156	13	16	4
216	156	16	16	5
346	156	6	16	4
643	156	3	16	5
886	156	6	16	4
73	156	13	16	4
823	156	3	16	5
831	156	11	16	4
493	156	13	16	1
399	156	19	16	3
145	156	5	16	5
868	156	8	16	3
1	156	1	16	4
561	156	1	16	4
503	156	3	16	1
804	156	4	16	4
347	176	7	16	3
416	176	16	16	4
613	176	13	16	5
530	176	10	16	3
747	176	7	16	4
543	176	3	16	4
299	176	19	16	4
633	176	13	16	3
573	176	13	16	3
767	176	7	16	3
610	176	10	16	4
201	176	1	16	4
603	176	3	16	2
877	176	17	16	5
42	176	2	16	3
94	176	14	16	4
503	176	3	16	5
22	176	2	16	5
213	176	13	16	4
222	176	2	16	4
928	176	8	16	3
114	176	14	16	5
632	176	12	16	3
339	176	19	16	4
389	176	9	16	4
757	176	17	16	5
868	176	8	16	4
551	176	11	16	4
890	176	10	16	4
625	176	5	16	4
848	176	8	16	4
727	176	7	16	4
605	176	5	16	4
892	176	12	16	5
930	176	10	16	3
271	176	11	16	3
653	176	13	16	3
883	176	3	16	4
545	176	5	16	4
226	176	6	16	4
450	176	10	16	4
246	176	6	16	4
788	176	8	16	5
671	176	11	16	2
693	176	13	16	2
505	176	5	16	4
14	176	14	16	1
748	176	8	16	5
442	176	2	16	5
151	176	11	16	2
234	176	14	16	3
286	176	6	16	4
91	176	11	16	5
749	176	9	16	4
1	176	1	16	5
592	176	12	16	5
254	176	14	16	3
11	176	11	16	3
577	176	17	16	5
648	176	8	16	4
371	176	11	16	4
622	176	2	16	4
425	176	5	16	3
557	176	17	16	4
56	176	16	16	5
405	176	5	16	1
269	176	9	16	2
379	176	19	16	5
301	176	1	16	4
773	176	13	16	4
326	176	6	16	2
346	176	6	16	4
533	176	13	16	1
293	176	13	16	4
537	176	17	16	2
548	176	8	16	4
864	176	4	16	5
851	176	11	16	4
627	176	7	16	5
334	176	14	16	3
59	176	19	16	5
508	176	8	16	4
830	176	10	16	3
682	176	2	16	4
844	176	4	16	3
911	176	11	16	4
96	176	16	16	4
804	176	4	16	4
488	176	8	16	4
20	176	0	16	2
385	176	5	16	2
406	176	6	16	5
833	176	13	16	2
497	176	17	16	4
60	176	0	16	4
249	176	9	16	4
802	176	2	16	5
313	176	13	16	4
363	176	3	16	4
399	176	19	16	3
374	176	14	16	4
328	176	8	16	5
862	176	2	16	5
466	176	6	16	4
394	176	14	16	5
764	176	4	16	4
325	176	5	16	3
472	176	12	16	5
361	176	1	16	4
882	176	2	16	4
457	176	17	16	5
847	176	7	16	3
370	176	10	16	4
902	176	2	16	5
922	176	2	16	3
567	176	7	16	5
200	176	0	16	5
305	176	5	16	4
308	176	8	16	4
437	176	17	16	2
350	176	10	16	4
650	176	10	16	4
664	176	4	16	4
279	176	19	16	3
506	176	6	16	5
343	176	3	16	5
474	176	14	16	5
165	176	5	16	4
381	176	1	16	4
288	176	8	16	4
429	176	9	16	3
145	176	5	16	5
268	176	8	16	5
790	176	10	16	3
913	176	13	16	5
280	176	0	16	3
514	176	14	16	4
95	176	15	16	3
843	176	3	16	4
236	176	16	16	2
248	176	8	16	5
586	176	6	16	3
320	176	0	16	4
189	176	9	16	4
115	176	15	16	5
125	176	5	16	5
135	176	15	16	4
709	176	9	16	4
417	176	17	16	5
188	176	8	16	4
175	176	15	16	3
479	176	19	16	4
527	176	7	16	2
391	176	11	16	3
215	176	15	16	5
606	176	6	16	5
290	176	10	16	4
504	176	4	16	3
380	176	0	16	3
643	176	3	16	5
933	176	13	16	3
932	176	12	16	5
275	176	15	16	4
297	176	17	16	4
499	176	19	16	4
484	176	4	16	4
28	176	8	16	5
25	176	5	16	4
8	176	8	16	5
421	176	1	16	5
823	176	3	16	4
102	176	2	16	3
315	176	15	16	4
5	176	5	16	3
464	176	4	16	4
825	176	5	16	5
694	176	14	16	5
375	176	15	16	4
666	176	6	16	4
237	176	17	16	3
217	176	17	16	4
487	176	7	16	5
270	176	10	16	4
686	176	6	16	3
867	176	7	16	3
746	176	6	16	5
774	176	14	16	4
344	176	4	16	5
663	176	3	16	5
197	176	17	16	5
435	176	15	16	5
372	176	12	16	3
13	176	13	16	3
493	176	13	16	5
766	176	6	16	2
352	176	12	16	5
916	176	16	16	4
177	176	17	16	4
455	176	15	16	3
117	176	17	16	5
896	176	16	16	5
600	176	0	16	5
854	176	14	16	3
786	176	6	16	4
495	176	15	16	5
447	176	7	16	4
806	176	6	16	5
758	176	18	16	5
77	176	17	16	4
109	176	9	16	5
660	176	0	16	3
521	176	1	16	4
738	176	18	16	5
826	176	6	16	5
58	176	18	16	4
37	176	17	16	4
575	176	15	16	4
230	176	10	16	4
62	176	2	16	5
846	176	6	16	4
698	176	18	16	4
312	176	12	16	4
619	176	19	16	5
796	176	16	16	5
276	176	16	16	5
184	176	4	16	4
303	176	3	16	5
638	176	18	16	3
756	176	16	16	4
840	176	0	16	3
618	176	18	16	4
144	176	4	16	4
118	176	18	16	5
7	176	7	16	3
538	176	18	16	4
407	176	7	16	4
655	176	15	16	2
881	176	1	16	4
763	176	3	16	4
292	176	12	16	5
498	176	18	16	2
886	176	6	16	4
716	176	16	16	3
259	176	19	16	4
715	176	15	16	5
311	176	11	16	4
263	176	3	16	5
210	176	10	16	4
158	176	18	16	4
64	176	4	16	4
536	176	16	16	3
880	176	0	16	5
659	176	19	16	4
10	176	10	16	4
398	176	18	16	4
44	176	4	16	5
940	176	0	16	4
378	176	18	16	4
24	176	4	16	5
70	176	10	16	4
887	176	7	16	5
805	176	5	16	4
815	176	15	16	4
387	176	7	16	3
23	176	3	16	3
267	176	7	16	5
835	176	15	16	4
875	176	15	16	4
561	176	1	16	4
142	176	2	16	5
899	176	19	16	4
183	176	3	16	3
367	176	7	16	5
72	176	12	16	2
327	176	7	16	4
178	176	18	16	4
130	176	10	16	5
621	176	1	16	3
897	176	17	16	5
601	176	1	16	2
218	176	18	16	5
92	176	12	16	5
198	176	18	16	4
739	176	19	16	1
746	196	6	16	4
561	196	1	16	4
504	196	4	16	4
777	196	17	16	5
566	196	6	16	4
263	196	3	16	4
802	196	2	16	3
533	196	13	16	4
95	196	15	16	4
94	196	14	16	4
41	196	1	16	3
297	196	17	16	4
288	196	8	16	5
798	196	18	16	3
653	196	13	16	2
435	196	15	16	4
488	196	8	16	3
457	196	17	16	5
308	196	8	16	3
215	196	15	16	4
748	196	8	16	3
378	196	18	16	4
711	196	11	16	5
479	196	19	16	4
235	196	15	16	3
661	196	1	16	3
453	196	13	16	4
174	196	14	16	5
387	196	7	16	2
28	196	8	16	4
804	196	4	16	4
766	196	6	16	3
487	196	7	16	5
659	196	19	16	4
650	196	10	16	4
835	196	15	16	5
886	196	6	16	3
373	196	13	16	5
500	196	0	16	4
339	196	19	16	4
847	196	7	16	3
106	196	6	16	5
426	196	6	16	4
250	196	10	16	4
87	196	7	16	5
99	196	19	16	4
727	196	7	16	4
478	196	18	16	3
705	196	5	16	4
286	196	6	16	4
559	196	19	16	5
655	196	15	16	3
417	196	17	16	5
881	196	1	16	3
867	196	7	16	3
506	196	6	16	4
606	196	6	16	4
632	196	12	16	3
407	196	7	16	4
731	196	11	16	5
234	196	14	16	3
185	196	5	16	4
758	196	18	16	4
216	196	16	16	5
716	196	16	16	5
233	196	13	16	5
456	196	16	16	4
542	196	2	16	4
455	196	15	16	4
757	196	17	16	4
474	196	14	16	5
189	196	9	16	5
298	196	18	16	4
340	196	0	16	4
379	196	19	16	4
712	196	12	16	4
96	196	16	16	4
363	196	3	16	4
65	196	5	16	5
23	196	3	16	2
144	196	4	16	4
177	196	17	16	3
806	196	6	16	5
43	196	3	16	4
751	196	11	16	4
110	196	10	16	4
290	196	10	16	4
295	196	15	16	5
592	196	12	16	5
815	196	15	16	4
56	196	16	16	2
450	196	10	16	5
593	196	13	16	5
840	196	0	16	4
682	196	2	16	5
535	196	15	16	4
90	196	10	16	4
12	196	12	16	5
538	196	18	16	4
393	196	13	16	4
92	196	12	16	4
271	196	11	16	4
276	196	16	16	4
639	196	19	16	3
254	196	14	16	4
472	196	12	16	4
180	196	0	16	5
130	196	10	16	5
679	196	19	16	4
334	196	14	16	4
737	196	17	16	3
577	196	17	16	5
395	196	15	16	4
551	196	11	16	5
416	196	16	16	5
618	196	18	16	4
380	196	0	16	4
1	196	1	16	5
322	196	2	16	4
230	196	10	16	5
7	196	7	16	5
848	196	8	16	5
667	196	7	16	5
369	196	9	16	5
437	196	17	16	4
326	196	6	16	4
429	196	9	16	4
541	196	1	16	4
933	196	13	16	4
622	196	2	16	3
918	196	18	16	3
72	196	12	16	4
493	196	13	16	4
318	196	18	16	3
608	196	8	16	5
399	196	19	16	5
629	196	9	16	4
823	196	3	16	5
11	196	11	16	5
119	196	19	16	5
495	196	15	16	3
345	196	5	16	5
889	196	9	16	5
307	196	7	16	3
194	196	14	16	3
401	196	1	16	5
514	196	14	16	5
13	196	13	16	4
721	196	1	16	5
882	196	2	16	4
275	196	15	16	3
901	196	1	16	4
776	196	16	16	3
774	196	14	16	3
763	196	3	16	4
405	196	5	16	1
198	196	18	16	3
660	196	0	16	4
786	196	6	16	4
591	196	11	16	4
870	196	10	16	3
222	196	2	16	5
73	196	13	16	4
843	196	3	16	2
389	196	9	16	3
248	196	8	16	2
44	196	4	16	4
232	196	12	16	5
897	196	17	16	3
42	196	2	16	5
850	196	10	16	3
924	196	4	16	4
738	196	18	16	4
862	196	2	16	5
508	196	8	16	3
342	196	2	16	3
741	196	1	16	5
664	196	4	16	4
406	196	6	16	2
269	196	9	16	1
398	196	18	16	4
496	196	16	16	3
921	196	1	16	5
885	196	5	16	3
778	196	18	16	2
207	196	7	16	4
934	196	14	16	5
665	196	5	16	4
83	196	3	16	5
943	196	3	16	5
178	196	18	16	4
374	196	14	16	1
75	196	15	16	4
749	196	9	16	4
243	196	3	16	4
790	196	10	16	3
627	196	7	16	5
903	196	3	16	4
314	196	14	16	3
338	196	18	16	2
411	196	11	16	4
747	196	7	16	2
109	196	9	16	4
601	196	1	16	3
311	196	11	16	5
381	196	1	16	5
301	196	1	16	4
244	196	4	16	5
647	196	7	16	4
184	196	4	16	4
773	196	13	16	4
545	196	5	16	4
224	196	4	16	4
846	196	6	16	4
214	196	14	16	4
343	196	3	16	4
346	196	6	16	3
916	196	16	16	4
454	196	14	16	2
896	196	16	16	3
128	196	8	16	5
666	196	6	16	3
246	196	6	16	3
452	196	12	16	4
694	196	14	16	5
187	196	7	16	4
537	196	17	16	3
805	196	5	16	2
64	196	4	16	4
200	196	0	16	4
932	196	12	16	4
864	196	4	16	4
18	196	18	16	3
85	196	5	16	4
654	196	14	16	5
59	196	19	16	5
293	196	13	16	4
305	196	5	16	4
796	196	16	16	5
327	196	7	16	4
715	196	15	16	4
530	196	10	16	5
669	196	9	16	3
62	196	2	16	4
693	196	13	16	2
201	196	1	16	4
344	196	4	16	4
151	196	11	16	4
892	196	12	16	4
354	196	14	16	3
236	196	16	16	1
264	216	4	16	5
249	216	9	16	4
878	216	18	16	4
303	216	3	16	5
766	216	6	16	3
280	216	0	16	5
198	216	18	16	4
764	216	4	16	4
62	216	2	16	4
177	216	17	16	4
345	216	5	16	5
352	216	12	16	4
435	216	15	16	3
394	216	14	16	3
328	216	8	16	3
305	216	5	16	5
559	216	19	16	5
361	216	1	16	5
885	216	5	16	3
504	216	4	16	4
183	216	3	16	4
862	216	2	16	5
344	216	4	16	4
500	216	0	16	4
882	216	2	16	4
18	216	18	16	4
916	216	16	16	4
877	216	17	16	4
481	216	1	16	5
457	216	17	16	5
189	216	9	16	5
163	216	3	16	3
653	216	13	16	3
22	216	2	16	4
327	216	7	16	3
899	216	19	16	5
216	216	16	16	4
514	216	14	16	5
870	216	10	16	4
12	216	12	16	5
892	216	12	16	5
222	216	2	16	4
318	216	18	16	4
643	216	3	16	4
381	216	1	16	5
665	216	5	16	4
661	216	1	16	5
83	216	3	16	4
533	216	13	16	4
339	216	19	16	3
908	216	8	16	3
94	216	14	16	3
338	216	18	16	4
43	216	3	16	5
551	216	11	16	5
630	216	10	16	5
417	216	17	16	3
669	216	9	16	3
223	216	3	16	5
777	216	17	16	4
835	216	15	16	4
645	216	5	16	4
436	216	16	16	4
253	216	13	16	4
503	216	3	16	5
868	216	8	16	2
472	216	12	16	4
106	216	6	16	5
271	216	11	16	5
389	216	9	16	2
267	216	7	16	4
719	216	19	16	4
262	216	2	16	3
815	216	15	16	3
174	216	14	16	5
739	216	19	16	4
336	216	16	16	5
23	216	3	16	4
90	216	10	16	5
625	216	5	16	4
456	216	16	16	4
848	216	8	16	5
24	216	4	16	4
721	216	1	16	5
65	216	5	16	4
554	216	14	16	3
479	216	19	16	3
322	216	2	16	3
207	216	7	16	5
591	216	11	16	4
940	216	0	16	4
378	216	18	16	4
476	216	16	16	4
342	216	2	16	5
145	216	5	16	5
741	216	1	16	4
233	216	13	16	5
44	216	4	16	1
188	216	8	16	5
561	216	1	16	3
85	216	5	16	3
194	216	14	16	3
693	216	13	16	4
690	216	10	16	4
95	216	15	16	5
913	216	13	16	4
398	216	18	16	5
847	216	7	16	3
297	216	17	16	4
246	216	6	16	3
187	216	7	16	5
214	216	14	16	4
288	216	8	16	4
215	216	15	16	4
158	216	18	16	3
64	216	4	16	4
167	216	7	16	4
715	216	15	16	4
256	216	16	16	5
151	216	11	16	4
10	216	10	16	4
650	216	10	16	4
347	216	7	16	3
524	216	4	16	5
234	216	14	16	3
659	216	19	16	4
87	216	7	16	5
749	216	9	16	4
409	216	9	16	4
843	216	3	16	2
943	216	3	16	4
16	216	16	16	5
748	216	8	16	4
478	216	18	16	5
208	216	8	16	5
210	216	10	16	4
125	216	5	16	3
654	216	14	16	4
311	216	11	16	5
293	216	13	16	4
330	216	10	16	5
165	216	5	16	4
465	216	5	16	3
886	216	6	16	5
881	216	1	16	4
153	216	13	16	2
452	216	12	16	3
592	216	12	16	4
731	216	11	16	5
401	216	1	16	4
474	216	14	16	4
236	216	16	16	5
707	216	7	16	3
860	216	0	16	4
484	216	4	16	4
933	216	13	16	3
450	216	10	16	5
56	216	16	16	4
144	216	4	16	4
13	216	13	16	3
185	216	5	16	4
577	216	17	16	4
716	216	16	16	5
751	216	11	16	4
538	216	18	16	4
639	216	19	16	3
648	216	8	16	4
883	216	3	16	4
840	216	0	16	4
286	216	6	16	4
593	216	13	16	5
283	216	3	16	4
11	216	11	16	3
41	216	1	16	3
130	216	10	16	4
295	216	15	16	5
771	216	11	16	5
416	216	16	16	5
407	216	7	16	4
608	216	8	16	5
573	216	13	16	4
618	216	18	16	3
901	216	1	16	4
405	216	5	16	2
269	216	9	16	1
59	216	19	16	4
655	216	15	16	4
667	216	7	16	4
747	216	7	16	2
379	216	19	16	4
543	216	3	16	4
326	216	6	16	2
290	216	10	16	4
5	216	5	16	1
1	216	1	16	5
780	216	0	16	4
42	216	2	16	5
924	216	4	16	4
773	216	13	16	4
889	216	9	16	4
7	216	7	16	4
623	216	3	16	4
760	216	0	16	2
642	216	2	16	3
588	216	8	16	5
315	216	15	16	4
201	216	1	16	4
904	216	4	16	4
805	216	5	16	2
89	216	9	16	5
230	216	10	16	4
934	216	14	16	1
184	216	4	16	4
790	216	10	16	5
301	216	1	16	4
299	216	19	16	5
615	216	15	16	4
666	216	6	16	3
314	216	14	16	3
459	216	19	16	3
942	216	2	16	4
864	216	4	16	4
128	216	8	16	5
796	216	16	16	5
82	216	2	16	4
532	216	12	16	5
204	216	4	16	4
682	216	2	16	4
871	216	11	16	3
914	216	14	16	3
279	216	19	16	3
373	216	13	16	4
603	216	3	16	4
846	216	6	16	4
178	216	18	16	4
694	216	14	16	4
346	216	6	16	3
285	216	5	16	3
58	216	18	16	3
606	216	6	16	5
506	216	6	16	4
918	216	18	16	2
363	216	3	16	3
521	216	1	16	2
537	216	17	16	3
76	216	16	16	4
437	216	17	16	5
684	216	4	16	3
738	216	18	16	3
334	216	14	16	3
660	216	0	16	2
508	216	8	16	5
844	216	4	16	5
406	216	6	16	3
308	216	8	16	3
610	216	10	16	4
836	216	16	16	4
321	216	1	16	4
395	216	15	16	3
823	216	3	16	5
911	216	11	16	4
96	216	16	16	4
6	216	6	16	5
313	216	13	16	4
488	216	8	16	2
38	216	18	16	5
354	216	14	16	3
244	216	4	16	4
497	216	17	16	3
579	216	19	16	5
806	216	6	16	4
854	216	14	16	3
867	216	7	16	3
429	216	9	16	4
758	216	18	16	4
495	216	15	16	4
180	216	0	16	5
468	216	8	16	5
385	216	5	16	2
786	216	6	16	4
922	216	2	16	3
804	216	4	16	4
92	216	12	16	3
778	216	18	16	3
896	216	16	16	5
487	216	7	16	4
109	216	9	16	3
374	216	14	16	5
60	216	0	16	4
711	216	11	16	4
234	236	14	16	3
413	236	13	16	4
385	236	5	16	2
246	236	6	16	4
291	236	11	16	4
325	236	5	16	3
878	236	18	16	2
79	236	19	16	5
666	236	6	16	4
176	236	16	16	4
758	236	18	16	4
214	236	14	16	5
624	236	4	16	3
279	236	19	16	5
555	236	15	16	5
145	236	5	16	1
18	236	18	16	3
569	236	9	16	4
894	236	14	16	4
486	236	6	16	3
606	236	6	16	3
919	236	19	16	5
796	236	16	16	4
537	236	17	16	3
181	236	1	16	1
226	236	6	16	3
533	236	13	16	4
342	236	2	16	3
89	236	9	16	5
491	236	11	16	4
343	236	3	16	5
936	236	16	16	5
130	236	10	16	5
303	236	3	16	4
334	236	14	16	4
655	236	15	16	3
592	236	12	16	3
1	236	1	16	4
69	236	9	16	4
546	236	6	16	4
539	236	19	16	3
125	236	5	16	1
916	236	16	16	4
518	236	18	16	3
937	236	17	16	4
296	256	16	16	5
473	256	13	16	4
883	256	3	16	5
363	256	3	16	3
916	256	16	16	3
762	256	2	16	3
707	256	7	16	4
782	256	2	16	2
181	256	1	16	1
385	256	5	16	4
49	256	9	16	4
655	256	15	16	3
756	256	16	16	4
69	256	9	16	5
1	256	1	16	4
894	256	14	16	3
145	276	5	16	1
14	276	14	16	4
343	276	3	16	5
601	276	1	16	4
594	276	14	16	3
452	276	12	16	1
449	276	9	16	5
614	276	14	16	4
256	276	16	16	3
634	276	14	16	5
41	276	1	16	2
128	276	8	16	4
401	276	1	16	4
233	276	13	16	5
216	276	16	16	4
432	276	12	16	4
280	276	0	16	5
504	276	4	16	3
92	276	12	16	5
474	276	14	16	5
913	276	13	16	3
68	276	8	16	5
412	276	12	16	5
333	276	13	16	4
45	276	5	16	5
624	276	4	16	5
13	276	13	16	5
644	276	4	16	4
288	276	8	16	4
526	276	6	16	4
181	276	1	16	2
311	276	11	16	4
654	276	14	16	1
185	276	5	16	4
610	276	10	16	4
460	276	0	16	5
277	276	17	16	4
437	276	17	16	5
792	276	12	16	3
189	276	9	16	3
315	276	15	16	4
79	276	19	16	3
938	276	18	16	3
381	276	1	16	3
200	276	0	16	5
392	276	12	16	4
664	276	4	16	5
257	276	17	16	5
18	276	18	16	5
308	276	8	16	4
285	276	5	16	4
936	276	16	16	5
487	276	7	16	3
424	276	4	16	2
411	276	11	16	3
922	276	2	16	3
714	276	14	16	2
829	276	9	16	4
923	276	3	16	5
500	276	0	16	5
457	276	17	16	4
486	276	6	16	4
754	276	14	16	5
917	276	17	16	5
916	276	16	16	4
878	276	18	16	3
81	276	1	16	4
209	276	9	16	2
439	276	19	16	5
643	276	3	16	5
838	276	18	16	4
156	276	16	16	3
540	276	0	16	4
160	276	0	16	5
744	276	4	16	4
136	276	16	16	5
344	276	4	16	4
324	276	4	16	5
862	276	2	16	5
501	276	1	16	4
348	276	8	16	3
177	276	17	16	5
764	276	4	16	3
361	276	1	16	4
455	276	15	16	4
388	276	8	16	2
834	276	14	16	5
54	276	14	16	5
399	276	19	16	3
157	276	17	16	4
633	276	13	16	3
365	276	5	16	2
374	276	14	16	4
786	276	6	16	1
867	276	7	16	1
119	276	19	16	2
467	276	7	16	5
354	276	14	16	3
321	276	1	16	3
758	276	18	16	2
730	276	10	16	3
244	276	4	16	5
429	276	9	16	5
447	276	7	16	4
874	276	14	16	4
406	276	6	16	4
385	276	5	16	3
430	276	10	16	1
250	276	10	16	4
876	276	16	16	4
535	276	15	16	3
77	276	17	16	2
894	276	14	16	5
599	276	19	16	2
224	276	4	16	3
793	276	13	16	3
334	276	14	16	4
332	276	12	16	3
537	276	17	16	4
391	276	11	16	3
76	276	16	16	5
682	276	2	16	3
59	276	19	16	5
346	276	6	16	1
871	276	11	16	5
864	276	4	16	5
627	276	7	16	2
892	276	12	16	4
312	276	12	16	4
548	276	8	16	3
230	276	10	16	5
17	276	17	16	4
662	276	2	16	3
314	276	14	16	1
276	276	16	16	4
593	276	13	16	1
680	276	0	16	5
678	276	18	16	5
569	276	9	16	4
159	276	19	16	5
635	276	15	16	3
921	276	1	16	1
658	276	18	16	4
303	276	3	16	4
924	276	4	16	2
618	276	18	16	3
409	276	9	16	4
294	276	14	16	4
776	276	16	16	4
184	276	4	16	4
121	276	1	16	3
800	276	0	16	3
622	276	2	16	4
883	276	3	16	5
403	276	3	16	4
164	276	4	16	3
747	276	7	16	5
93	276	13	16	2
423	276	3	16	5
141	276	1	16	1
274	276	14	16	4
473	276	13	16	4
608	276	8	16	2
144	276	4	16	3
881	276	1	16	5
733	276	13	16	5
581	276	1	16	3
655	276	15	16	4
538	276	18	16	1
292	276	12	16	5
518	276	18	16	5
71	276	11	16	4
74	276	14	16	4
301	276	1	16	1
67	276	7	16	4
453	276	13	16	5
104	276	4	16	4
663	276	3	16	3
131	276	11	16	5
445	276	5	16	3
708	276	8	16	2
478	276	18	16	5
690	276	10	16	3
84	276	4	16	4
266	276	6	16	3
42	276	2	16	1
442	276	2	16	4
630	276	10	16	1
596	276	16	16	3
906	276	6	16	5
198	276	18	16	3
463	276	3	16	3
576	276	16	16	3
210	276	10	16	5
880	276	0	16	4
422	276	2	16	5
234	276	14	16	3
82	276	2	16	4
296	276	16	16	5
458	276	18	16	5
715	276	15	16	3
252	276	12	16	5
592	276	12	16	5
929	276	9	16	2
214	276	14	16	3
525	276	5	16	5
402	276	2	16	5
697	276	17	16	5
232	276	12	16	5
10	276	10	16	4
398	276	18	16	4
735	276	15	16	4
316	276	16	16	2
190	276	10	16	4
745	276	5	16	1
651	276	11	16	4
207	276	7	16	2
889	276	9	16	4
382	276	2	16	3
199	276	19	16	4
269	276	9	16	5
50	276	10	16	2
629	276	9	16	5
743	276	3	16	5
194	276	14	16	3
342	276	2	16	3
193	276	13	16	4
825	276	5	16	1
271	276	11	16	3
605	276	5	16	4
24	276	4	16	5
192	276	12	16	2
227	276	7	16	4
150	276	10	16	5
90	276	10	16	4
551	276	11	16	5
336	276	16	16	4
903	276	3	16	5
703	276	3	16	3
161	276	1	16	5
869	276	9	16	4
174	276	14	16	5
130	276	10	16	4
757	276	17	16	4
919	276	19	16	5
632	276	12	16	2
223	276	3	16	4
533	276	13	16	1
339	276	19	16	4
378	276	18	16	4
699	276	19	16	3
436	276	16	16	4
287	276	7	16	4
239	276	19	16	5
413	276	13	16	4
870	276	10	16	4
9	276	9	16	4
928	276	8	16	5
203	276	3	16	4
837	276	17	16	1
26	276	6	16	4
2	276	2	16	4
123	276	3	16	4
12	276	12	16	4
43	276	3	16	4
561	276	1	16	4
6	276	6	16	2
329	276	9	16	4
178	276	18	16	3
32	276	12	16	4
349	276	9	16	5
433	276	13	16	5
298	276	18	16	2
222	276	2	16	5
879	276	19	16	4
470	276	10	16	5
347	276	7	16	3
63	276	3	16	4
859	276	19	16	4
299	276	19	16	4
583	276	3	16	4
725	276	5	16	4
590	276	10	16	4
416	276	16	16	3
789	276	9	16	5
621	276	1	16	4
669	276	9	16	2
839	276	19	16	3
201	276	1	16	5
573	276	13	16	3
534	276	14	16	5
586	276	6	16	3
99	276	19	16	2
195	276	15	16	4
320	276	0	16	2
168	276	8	16	1
62	276	2	16	5
554	276	14	16	3
2	296	2	16	3
736	296	16	16	4
733	296	13	16	2
139	296	19	16	4
655	296	15	16	4
782	296	2	16	3
758	316	18	16	5
416	316	16	16	3
752	316	12	16	3
90	316	10	16	5
2	316	2	16	5
856	316	16	16	5
834	316	14	16	5
624	316	4	16	4
894	316	14	16	4
356	316	16	16	4
234	316	14	16	4
263	316	3	16	5
676	316	16	16	4
655	316	15	16	4
293	316	13	16	3
711	316	11	16	4
104	316	4	16	4
656	316	16	16	3
587	316	7	16	4
841	316	1	16	4
393	316	13	16	5
860	316	0	16	3
144	316	4	16	5
425	316	5	16	4
13	316	13	16	5
616	316	16	16	4
663	316	3	16	4
269	316	9	16	4
782	316	2	16	4
532	316	12	16	4
475	316	15	16	5
751	316	11	16	4
276	316	16	16	4
365	316	5	16	4
507	316	7	16	5
753	316	13	16	4
428	316	8	16	4
229	316	9	16	1
410	316	10	16	4
286	316	6	16	5
474	316	14	16	5
363	316	3	16	3
448	316	8	16	1
423	316	3	16	4
489	316	9	16	5
454	316	14	16	4
100	316	0	16	5
163	316	3	16	5
820	316	0	16	3
667	316	7	16	4
407	316	7	16	4
130	316	10	16	4
880	316	0	16	5
401	316	1	16	5
588	316	8	16	5
353	316	13	16	5
547	316	7	16	5
704	316	4	16	4
831	316	11	16	3
392	316	12	16	5
85	316	5	16	3
344	316	4	16	4
818	316	18	16	4
179	316	19	16	5
191	316	11	16	5
207	316	7	16	5
197	316	17	16	4
659	316	19	16	4
883	316	3	16	5
934	316	14	16	4
102	316	2	16	3
280	316	0	16	5
720	316	0	16	4
828	316	8	16	5
383	316	3	16	5
942	316	2	16	4
328	316	8	16	5
940	316	0	16	4
40	316	0	16	3
384	316	4	16	5
500	316	0	16	3
551	316	11	16	5
273	316	13	16	4
548	316	8	16	4
161	316	1	16	5
126	316	6	16	4
204	316	4	16	4
334	316	14	16	4
377	316	17	16	4
178	316	18	16	4
796	316	16	16	5
574	316	14	16	4
701	316	1	16	5
205	316	5	16	4
747	316	7	16	4
145	316	5	16	5
134	316	14	16	4
112	316	12	16	5
898	316	18	16	5
369	316	9	16	5
43	316	3	16	5
26	316	6	16	3
863	316	3	16	5
827	316	7	16	3
333	316	13	16	5
450	316	10	16	4
119	316	19	16	4
931	316	11	16	5
683	316	3	16	4
650	316	10	16	3
660	316	0	16	4
133	316	13	16	4
206	336	6	16	1
327	336	7	16	2
595	336	15	16	2
724	336	4	16	1
626	336	6	16	1
204	336	4	16	1
181	336	1	16	2
688	336	8	16	2
592	336	12	16	1
362	336	2	16	2
654	336	14	16	3
450	336	10	16	3
641	336	1	16	3
3	336	3	16	1
486	336	6	16	2
833	336	13	16	2
552	336	12	16	3
262	336	2	16	3
697	336	17	16	3
851	336	11	16	4
611	336	11	16	5
451	336	11	16	4
459	336	19	16	2
514	336	14	16	1
146	336	6	16	5
640	336	0	16	3
355	336	15	16	4
286	336	6	16	5
797	336	17	16	2
8	336	8	16	3
519	336	19	16	5
363	336	3	16	4
43	336	3	16	4
13	336	13	16	2
203	336	3	16	3
894	336	14	16	3
826	336	6	16	4
589	336	9	16	1
177	336	17	16	2
708	336	8	16	2
240	336	0	16	3
687	336	7	16	2
863	336	3	16	2
64	356	4	16	3
308	356	8	16	3
429	356	9	16	3
222	356	2	16	4
487	356	7	16	4
393	356	13	16	3
618	356	18	16	2
561	356	1	16	1
588	356	8	16	4
405	356	5	16	5
328	356	8	16	3
378	356	18	16	4
639	356	19	16	2
474	356	14	16	5
453	356	13	16	2
899	356	19	16	2
72	356	12	16	4
749	356	9	16	4
642	356	2	16	4
798	356	18	16	3
496	356	16	16	2
682	356	2	16	3
332	356	12	16	3
109	356	9	16	4
194	356	14	16	2
380	356	0	16	2
318	356	18	16	4
896	356	16	16	3
504	356	4	16	4
503	356	3	16	4
472	356	12	16	3
83	356	3	16	4
186	356	6	16	5
291	356	11	16	4
298	356	18	16	3
653	356	13	16	1
188	356	8	16	4
293	356	13	16	3
38	356	18	16	2
864	356	4	16	4
399	356	19	16	3
479	356	19	16	3
885	356	5	16	3
577	356	17	16	4
632	356	12	16	4
375	356	15	16	4
533	356	13	16	4
643	356	3	16	4
727	356	7	16	3
758	356	18	16	2
551	356	11	16	4
659	356	19	16	3
401	356	1	16	4
271	356	11	16	4
95	356	15	16	4
374	356	14	16	3
345	356	5	16	3
11	356	11	16	4
7	356	7	16	4
880	356	0	16	4
4	356	4	16	3
145	356	5	16	4
65	356	5	16	5
907	356	7	16	4
256	356	16	16	3
180	356	0	16	3
694	356	14	16	4
796	356	16	16	4
276	356	16	16	3
457	356	17	16	4
881	356	1	16	3
216	356	16	16	3
664	356	4	16	3
823	356	3	16	3
416	356	16	16	5
506	356	6	16	3
347	356	7	16	5
943	356	3	16	4
94	356	14	16	4
92	356	12	16	3
764	356	4	16	4
151	356	11	16	2
90	356	10	16	4
311	356	11	16	4
655	356	15	16	3
246	356	6	16	2
671	356	11	16	3
450	356	10	16	4
916	356	16	16	3
788	356	8	16	4
586	356	6	16	4
224	356	4	16	4
454	356	14	16	1
198	356	18	16	3
183	356	3	16	3
130	356	10	16	4
270	356	10	16	3
690	376	10	16	3
393	376	13	16	4
125	376	5	16	3
786	376	6	16	3
303	376	3	16	2
642	376	2	16	3
790	376	10	16	2
715	376	15	16	2
846	376	6	16	2
435	376	15	16	2
56	376	16	16	3
880	376	0	16	3
194	376	14	16	2
110	376	10	16	2
405	376	5	16	5
5	376	5	16	2
291	376	11	16	3
318	376	18	16	3
92	376	12	16	3
684	376	4	16	3
330	376	10	16	4
541	376	1	16	3
22	376	2	16	3
712	376	12	16	3
87	396	7	16	1
766	396	6	16	2
286	396	6	16	4
886	396	6	16	2
542	396	2	16	4
833	396	13	16	3
368	396	8	16	2
92	396	12	16	3
279	396	19	16	3
804	396	4	16	3
201	396	1	16	3
500	396	0	16	3
13	396	13	16	3
291	396	11	16	4
389	396	9	16	3
318	396	18	16	1
805	396	5	16	4
416	396	16	16	2
393	396	13	16	1
222	396	2	16	1
406	396	6	16	3
334	396	14	16	4
174	396	14	16	1
883	396	3	16	2
802	396	2	16	2
417	396	17	16	2
796	396	16	16	2
327	396	7	16	3
378	396	18	16	4
299	396	19	16	4
21	396	1	16	2
102	396	2	16	2
450	396	10	16	2
504	396	4	16	2
269	396	9	16	4
184	396	4	16	3
5	396	5	16	5
276	396	16	16	4
339	396	19	16	4
655	396	15	16	2
303	396	3	16	4
49	396	9	16	4
7	396	7	16	4
405	396	5	16	1
216	396	16	16	3
422	396	2	16	4
880	396	0	16	2
622	396	2	16	1
308	396	8	16	4
846	396	6	16	5
690	396	10	16	2
870	396	10	16	3
118	396	18	16	5
617	396	17	16	1
216	416	16	16	3
95	416	15	16	4
786	416	6	16	4
524	416	4	16	4
311	416	11	16	4
862	416	2	16	3
503	416	3	16	2
85	416	5	16	3
246	416	6	16	3
416	416	16	16	4
497	416	17	16	2
303	416	3	16	3
747	416	7	16	5
711	416	11	16	3
280	416	0	16	5
932	416	12	16	3
407	416	7	16	3
807	416	7	16	3
345	416	5	16	4
275	416	15	16	3
495	416	15	16	5
5	416	5	16	1
705	416	5	16	3
60	416	0	16	4
536	416	16	16	4
496	416	16	16	1
389	416	9	16	4
474	416	14	16	4
293	416	13	16	4
629	416	9	16	4
562	416	2	16	5
12	416	12	16	3
887	416	7	16	2
504	416	4	16	4
291	416	11	16	4
712	416	12	16	3
843	416	3	16	2
18	416	18	16	5
380	416	0	16	2
878	416	18	16	5
59	416	19	16	3
618	416	18	16	4
128	416	8	16	3
405	416	5	16	2
716	416	16	16	3
642	416	2	16	5
394	416	14	16	5
254	416	14	16	4
601	416	1	16	3
450	416	10	16	5
347	416	7	16	3
882	416	2	16	4
897	416	17	16	5
620	416	0	16	4
679	416	19	16	3
295	416	15	16	4
263	416	3	16	5
13	416	13	16	3
653	416	13	16	1
234	416	14	16	4
453	416	13	16	2
650	416	10	16	3
7	416	7	16	5
472	416	12	16	3
524	436	4	16	4
406	436	6	16	4
653	436	13	16	1
334	436	14	16	3
255	436	15	16	4
766	436	6	16	4
474	436	14	16	3
776	436	16	16	4
269	436	9	16	3
151	436	11	16	3
833	436	13	16	2
387	436	7	16	4
264	436	4	16	3
5	436	5	16	5
897	436	17	16	4
774	436	14	16	2
788	436	8	16	3
901	436	1	16	4
422	436	2	16	3
536	436	16	16	3
601	436	1	16	4
379	436	19	16	3
290	436	10	16	2
862	436	2	16	4
508	436	8	16	4
102	436	2	16	2
815	436	15	16	3
326	436	6	16	3
805	436	5	16	3
378	436	18	16	4
412	436	12	16	4
372	436	12	16	5
21	436	1	16	4
254	436	14	16	2
586	436	6	16	2
59	436	19	16	5
276	436	16	16	4
293	436	13	16	3
890	436	10	16	3
896	436	16	16	3
932	436	12	16	3
892	436	12	16	3
94	436	14	16	5
758	436	18	16	3
429	436	9	16	4
561	436	1	16	4
313	436	13	16	4
64	436	4	16	5
913	436	13	16	3
751	436	11	16	4
311	436	11	16	3
814	436	14	16	3
234	436	14	16	3
442	436	2	16	3
368	436	8	16	3
417	436	17	16	3
661	436	1	16	4
130	436	10	16	3
201	436	1	16	3
145	436	5	16	5
648	436	8	16	5
617	436	17	16	3
308	436	8	16	4
366	436	6	16	5
95	436	15	16	5
303	436	3	16	4
940	436	0	16	4
430	436	10	16	4
457	436	17	16	4
934	436	14	16	3
399	436	19	16	2
577	436	17	16	4
279	436	19	16	4
846	436	6	16	4
268	436	8	16	3
92	436	12	16	4
405	436	5	16	1
843	436	3	16	2
339	436	19	16	4
28	436	8	16	5
435	436	15	16	4
222	436	2	16	4
367	436	7	16	4
868	436	8	16	3
804	436	4	16	5
437	436	17	16	4
666	436	6	16	3
546	436	6	16	5
62	436	2	16	3
479	436	19	16	4
802	436	2	16	4
407	436	7	16	3
7	436	7	16	5
889	436	9	16	3
13	436	13	16	2
118	436	18	16	5
643	436	3	16	4
790	436	10	16	4
795	436	15	16	3
92	456	12	16	2
847	456	7	16	1
793	456	13	16	3
660	456	0	16	1
881	456	1	16	1
181	456	1	16	1
453	456	13	16	3
174	456	14	16	1
268	456	8	16	2
26	456	6	16	1
249	456	9	16	3
501	456	1	16	3
719	456	19	16	1
804	456	4	16	3
42	456	2	16	3
923	456	3	16	4
699	456	19	16	1
851	456	11	16	2
357	456	17	16	3
393	456	13	16	3
194	456	14	16	1
244	456	4	16	3
99	456	19	16	3
301	456	1	16	3
697	456	17	16	3
279	456	19	16	3
81	456	1	16	1
927	456	7	16	2
332	456	12	16	4
665	456	5	16	4
291	456	11	16	3
82	456	2	16	1
320	456	0	16	3
22	456	2	16	1
534	456	14	16	5
452	456	12	16	1
880	456	0	16	3
5	456	5	16	1
57	456	17	16	3
648	456	8	16	2
104	456	4	16	3
865	456	5	16	1
159	456	19	16	3
457	456	17	16	2
300	456	0	16	4
825	456	5	16	3
276	456	16	16	2
938	456	18	16	1
938	476	18	16	4
614	476	14	16	3
294	476	14	16	3
327	476	7	16	2
262	476	2	16	3
144	476	4	16	2
109	476	9	16	3
872	476	12	16	4
102	476	2	16	3
274	476	14	16	4
881	476	1	16	2
434	476	14	16	4
907	476	7	16	4
933	476	13	16	2
560	476	0	16	2
692	476	12	16	3
711	476	11	16	4
407	476	7	16	2
523	476	3	16	3
708	476	8	16	3
854	476	14	16	3
221	476	1	16	2
864	476	4	16	2
16	476	16	16	3
92	476	12	16	2
654	476	14	16	3
238	476	18	16	3
518	476	18	16	4
882	476	2	16	3
184	476	4	16	2
630	476	10	16	5
192	476	12	16	2
256	476	16	16	4
837	476	17	16	3
271	476	11	16	1
650	476	10	16	2
406	476	6	16	4
223	476	3	16	3
625	476	5	16	2
891	476	11	16	5
798	476	18	16	2
85	476	5	16	3
599	476	19	16	4
805	476	5	16	1
137	476	17	16	1
57	476	17	16	3
303	476	3	16	3
6	476	6	16	1
754	476	14	16	4
931	476	11	16	3
374	476	14	16	2
747	476	7	16	3
26	476	6	16	3
178	476	18	16	3
800	476	0	16	3
612	476	12	16	3
917	476	17	16	5
78	476	18	16	3
717	476	17	16	4
524	476	4	16	3
593	476	13	16	2
290	476	10	16	3
859	476	19	16	5
403	476	3	16	4
181	476	1	16	4
792	476	12	16	1
82	476	2	16	3
357	476	17	16	3
402	476	2	16	3
601	476	1	16	1
49	476	9	16	1
378	476	18	16	3
222	476	2	16	3
804	476	4	16	3
504	476	4	16	5
901	476	1	16	5
207	476	7	16	2
59	476	19	16	2
939	476	19	16	5
342	476	2	16	4
935	476	15	16	4
769	476	9	16	4
655	476	15	16	2
847	476	7	16	4
563	476	3	16	3
896	476	16	16	2
159	476	19	16	5
15	476	15	16	4
486	476	6	16	3
916	476	16	16	2
81	476	1	16	2
344	476	4	16	3
551	476	11	16	5
722	476	2	16	4
922	476	2	16	1
869	476	9	16	1
398	476	18	16	3
314	476	14	16	5
174	476	14	16	4
653	476	13	16	2
318	476	18	16	4
437	476	17	16	4
665	476	5	16	4
672	476	12	16	5
893	476	13	16	3
880	476	0	16	3
348	476	8	16	4
682	476	2	16	1
936	476	16	16	4
87	476	7	16	2
590	476	10	16	3
768	476	8	16	4
249	476	9	16	3
343	476	3	16	2
141	476	1	16	3
280	476	0	16	5
45	476	5	16	3
251	476	11	16	2
435	476	15	16	3
450	476	10	16	4
885	476	5	16	4
334	476	14	16	3
659	476	19	16	3
541	476	1	16	5
533	476	13	16	2
193	476	13	16	2
286	476	6	16	4
83	476	3	16	3
761	476	1	16	2
93	476	13	16	4
13	476	13	16	2
72	476	12	16	4
269	476	9	16	1
862	476	2	16	4
463	476	3	16	3
572	476	12	16	4
821	476	1	16	4
634	476	14	16	3
416	476	16	16	5
848	476	8	16	3
236	476	16	16	3
287	476	7	16	1
457	476	17	16	2
151	476	11	16	3
453	476	13	16	3
530	476	10	16	4
306	476	6	16	3
231	476	11	16	3
18	476	18	16	3
65	476	5	16	3
438	476	18	16	5
64	476	4	16	1
393	476	13	16	3
345	476	5	16	3
365	476	5	16	4
707	476	7	16	3
887	476	7	16	1
75	476	15	16	1
157	476	17	16	1
500	476	0	16	2
836	496	16	16	4
586	496	6	16	3
899	496	19	16	5
416	496	16	16	5
354	496	14	16	3
453	496	13	16	4
875	496	15	16	4
561	496	1	16	3
363	496	3	16	4
908	496	8	16	5
293	496	13	16	5
253	496	13	16	5
18	496	18	16	5
130	496	10	16	5
334	496	14	16	3
749	496	9	16	5
665	496	5	16	3
114	496	14	16	4
291	496	11	16	5
95	496	15	16	4
215	496	15	16	5
389	496	9	16	4
542	496	2	16	4
43	496	3	16	5
360	496	0	16	3
387	496	7	16	3
313	496	13	16	5
694	496	14	16	4
896	496	16	16	4
154	496	14	16	3
235	496	15	16	4
645	496	5	16	3
57	496	17	16	4
527	496	7	16	4
373	496	13	16	5
738	496	18	16	4
393	496	13	16	5
661	496	1	16	5
85	496	5	16	4
262	496	2	16	4
864	496	4	16	5
640	496	0	16	4
806	496	6	16	5
533	496	13	16	5
330	496	10	16	5
97	496	17	16	2
378	496	18	16	3
474	496	14	16	4
660	496	0	16	3
380	496	0	16	4
868	496	8	16	2
343	496	3	16	5
128	496	8	16	5
58	496	18	16	2
601	496	1	16	4
60	496	0	16	4
707	496	7	16	3
848	496	8	16	2
815	496	15	16	5
758	496	18	16	3
94	496	14	16	3
704	496	4	16	5
653	496	13	16	2
379	496	19	16	5
399	496	19	16	3
932	496	12	16	4
503	496	3	16	5
280	496	0	16	5
605	496	5	16	5
796	496	16	16	5
298	496	18	16	5
42	496	2	16	5
892	496	12	16	5
785	496	5	16	4
70	496	10	16	4
125	496	5	16	5
346	496	6	16	5
385	496	5	16	2
698	496	18	16	3
532	496	12	16	5
912	496	12	16	4
710	496	10	16	4
271	496	11	16	5
383	496	3	16	5
452	496	12	16	5
407	496	7	16	5
571	496	11	16	3
20	496	0	16	5
472	496	12	16	4
450	496	10	16	5
846	496	6	16	3
301	496	1	16	5
437	496	17	16	4
524	496	4	16	2
907	496	7	16	4
716	496	16	16	5
342	496	2	16	4
321	496	1	16	4
314	496	14	16	4
850	496	10	16	5
230	496	10	16	5
161	496	1	16	3
741	496	1	16	5
339	496	19	16	5
263	496	3	16	5
312	496	12	16	5
6	496	6	16	4
647	496	7	16	4
344	496	4	16	4
862	496	2	16	5
308	496	8	16	3
326	496	6	16	5
290	496	10	16	4
553	496	13	16	3
924	496	4	16	5
299	496	19	16	3
44	496	4	16	4
236	496	16	16	3
883	496	3	16	2
887	496	7	16	4
184	496	4	16	5
539	496	19	16	3
942	496	2	16	5
496	496	16	16	1
878	496	18	16	5
734	496	14	16	5
588	496	8	16	3
659	496	19	16	5
426	496	6	16	3
435	496	15	16	4
195	496	15	16	4
394	496	14	16	5
382	496	2	16	3
216	496	16	16	5
593	496	13	16	5
780	496	0	16	4
406	496	6	16	4
454	496	14	16	4
151	496	11	16	4
276	496	16	16	4
148	496	8	16	3
764	496	4	16	5
642	496	2	16	4
521	496	1	16	2
194	496	14	16	4
897	496	17	16	5
398	496	18	16	5
776	496	16	16	3
566	496	6	16	5
537	496	17	16	4
790	496	10	16	3
766	496	6	16	5
664	496	4	16	5
804	496	4	16	5
536	496	16	16	5
622	496	2	16	4
643	496	3	16	4
274	496	14	16	5
807	496	7	16	5
618	496	18	16	4
479	496	19	16	3
214	496	14	16	4
495	496	15	16	5
311	496	11	16	5
275	496	15	16	3
189	496	9	16	5
75	496	15	16	5
458	496	18	16	3
929	496	9	16	3
556	496	16	16	5
429	496	9	16	4
691	496	11	16	5
748	496	8	16	4
82	496	2	16	4
59	496	19	16	4
771	496	11	16	5
786	496	6	16	5
10	496	10	16	5
711	496	11	16	5
505	496	5	16	5
882	496	2	16	5
48	496	8	16	5
617	496	17	16	1
650	496	10	16	4
16	496	16	16	5
630	496	10	16	3
567	496	7	16	5
64	496	4	16	5
87	496	7	16	5
840	496	0	16	5
577	496	17	16	5
778	496	18	16	1
867	496	7	16	5
560	496	0	16	3
371	496	11	16	4
7	496	7	16	5
890	496	10	16	5
254	496	14	16	4
234	496	14	16	4
175	496	15	16	5
886	496	6	16	4
747	496	7	16	5
138	496	18	16	4
465	496	5	16	3
200	496	0	16	5
478	496	18	16	5
870	496	10	16	5
538	496	18	16	5
124	496	4	16	1
498	496	18	16	3
666	496	6	16	4
690	496	10	16	4
506	496	6	16	5
648	496	8	16	4
731	496	11	16	5
295	496	15	16	5
51	496	11	16	4
269	496	9	16	5
654	496	14	16	4
535	496	15	16	5
911	496	11	16	3
847	496	7	16	4
417	496	17	16	3
641	496	1	16	2
928	496	8	16	5
488	496	8	16	4
409	496	9	16	5
90	496	10	16	4
250	496	10	16	4
115	496	15	16	1
221	496	1	16	3
18	516	18	16	5
13	516	13	16	5
151	516	11	16	5
639	516	19	16	4
409	516	9	16	4
23	516	3	16	4
625	516	5	16	3
338	516	18	16	5
313	516	13	16	4
218	516	18	16	5
271	516	11	16	4
537	516	17	16	3
379	516	19	16	4
664	516	4	16	5
499	516	19	16	4
344	516	4	16	5
43	516	3	16	5
6	516	6	16	4
892	516	12	16	5
591	516	11	16	3
452	516	12	16	3
940	516	0	16	4
339	516	19	16	4
59	516	19	16	4
308	516	8	16	4
796	516	16	16	4
299	516	19	16	4
90	516	10	16	5
506	516	6	16	4
934	516	14	16	3
883	516	3	16	4
202	516	2	16	4
387	516	7	16	3
85	516	5	16	4
450	516	10	16	5
666	516	6	16	5
846	516	6	16	4
234	516	14	16	3
655	516	15	16	2
312	516	12	16	3
524	516	4	16	4
41	516	1	16	5
840	516	0	16	5
239	516	19	16	5
606	516	6	16	4
610	516	10	16	3
64	516	4	16	5
214	516	14	16	5
189	516	9	16	1
523	516	3	16	5
643	516	3	16	4
890	516	10	16	2
860	516	0	16	3
264	516	4	16	5
932	516	12	16	5
421	516	1	16	5
194	516	14	16	3
158	516	18	16	5
144	516	4	16	2
543	516	3	16	4
698	516	18	16	2
354	516	14	16	5
405	516	5	16	1
405	536	5	16	1
655	536	15	16	3
343	536	3	16	4
758	536	18	16	2
310	536	10	16	4
782	536	2	16	2
131	536	11	16	5
6	536	6	16	4
707	536	7	16	3
894	536	14	16	5
727	556	7	16	2
7	556	7	16	3
682	556	2	16	2
788	556	8	16	2
328	556	8	16	3
94	556	14	16	3
405	556	5	16	1
880	556	0	16	3
868	556	8	16	3
224	556	4	16	1
201	556	1	16	4
279	556	19	16	3
87	576	7	16	3
217	576	17	16	1
313	576	13	16	3
435	576	15	16	3
805	576	5	16	4
600	576	0	16	3
896	576	16	16	2
804	576	4	16	4
495	576	15	16	3
92	576	12	16	2
922	576	2	16	4
749	576	9	16	3
627	576	7	16	3
758	576	18	16	4
826	576	6	16	4
889	576	9	16	3
796	576	16	16	3
83	576	3	16	4
276	576	16	16	3
532	576	12	16	5
932	576	12	16	2
682	576	2	16	4
506	576	6	16	4
346	576	6	16	3
399	576	19	16	3
619	576	19	16	4
846	576	6	16	4
200	576	0	16	4
618	576	18	16	4
405	576	5	16	1
379	576	19	16	4
425	576	5	16	3
655	576	15	16	2
7	576	7	16	5
648	576	8	16	4
256	576	16	16	3
393	576	13	16	3
881	576	1	16	3
452	576	12	16	2
301	576	1	16	4
613	576	13	16	3
807	576	7	16	4
442	576	2	16	2
13	576	13	16	3
709	576	9	16	4
246	576	6	16	1
566	576	6	16	2
320	576	0	16	3
671	576	11	16	5
158	576	18	16	4
650	576	10	16	1
715	576	15	16	2
268	576	8	16	1
693	576	13	16	2
795	576	15	16	2
586	576	6	16	3
207	576	7	16	3
194	576	14	16	2
417	576	17	16	3
70	576	10	16	2
933	576	13	16	1
221	576	1	16	3
943	576	3	16	4
757	576	17	16	3
102	576	2	16	2
378	576	18	16	3
267	576	7	16	3
551	576	11	16	2
280	576	0	16	3
291	576	11	16	4
892	576	12	16	4
727	576	7	16	4
653	576	13	16	1
311	576	11	16	3
94	576	14	16	2
222	576	2	16	3
110	576	10	16	2
416	576	16	16	5
621	576	1	16	2
705	576	5	16	4
554	576	14	16	4
543	576	3	16	4
606	576	6	16	3
303	576	3	16	3
394	576	14	16	2
833	576	13	16	3
472	576	12	16	5
774	576	14	16	1
279	576	19	16	3
109	576	9	16	3
197	576	17	16	4
374	576	14	16	3
798	576	18	16	3
56	596	16	16	4
847	596	7	16	3
373	596	13	16	3
270	596	10	16	5
82	596	2	16	3
815	596	15	16	5
837	596	17	16	3
922	596	2	16	4
896	596	16	16	2
779	596	19	16	4
471	596	11	16	1
727	596	7	16	4
533	596	13	16	2
43	596	3	16	3
246	596	6	16	3
550	596	10	16	2
85	596	5	16	3
637	596	17	16	2
178	596	18	16	3
63	596	3	16	2
286	596	6	16	3
463	596	3	16	3
554	596	14	16	3
184	596	4	16	4
298	596	18	16	3
807	596	7	16	4
684	596	4	16	3
254	596	14	16	4
14	596	14	16	3
417	596	17	16	3
349	596	9	16	2
487	596	7	16	5
618	596	18	16	4
393	596	13	16	4
697	596	17	16	4
551	596	11	16	5
881	596	1	16	3
938	596	18	16	5
378	596	18	16	5
634	596	14	16	3
541	596	1	16	4
130	596	10	16	4
27	596	7	16	2
236	596	16	16	4
642	596	2	16	5
699	596	19	16	3
747	596	7	16	5
751	596	11	16	4
181	596	1	16	4
68	596	8	16	2
226	596	6	16	3
116	596	16	16	5
290	596	10	16	4
201	596	1	16	4
245	596	5	16	4
261	596	1	16	2
348	596	8	16	4
703	596	3	16	3
885	596	5	16	4
770	596	10	16	4
101	596	1	16	3
864	596	4	16	4
689	596	9	16	3
297	596	17	16	3
182	596	2	16	5
381	596	1	16	3
395	596	15	16	2
102	596	2	16	2
223	596	3	16	3
919	596	19	16	3
262	596	2	16	4
525	596	5	16	4
200	596	0	16	4
459	596	19	16	3
117	596	17	16	3
708	596	8	16	4
234	596	14	16	2
186	596	6	16	4
764	596	4	16	3
620	596	0	16	2
13	596	13	16	3
429	596	9	16	3
330	596	10	16	5
913	596	13	16	1
152	596	12	16	2
274	596	14	16	3
70	596	10	16	3
771	596	11	16	4
892	596	12	16	3
211	596	11	16	3
189	596	9	16	3
45	596	5	16	3
406	596	6	16	3
668	596	8	16	3
148	596	8	16	5
458	596	18	16	4
7	596	7	16	5
536	596	16	16	3
490	596	10	16	1
92	596	12	16	2
792	596	12	16	3
838	596	18	16	5
879	596	19	16	2
648	596	8	16	3
907	596	7	16	4
222	596	2	16	3
250	596	10	16	5
887	596	7	16	5
636	596	16	16	5
561	596	1	16	2
115	596	15	16	1
21	596	1	16	3
388	596	8	16	4
303	596	3	16	4
869	596	9	16	3
540	596	0	16	4
606	596	6	16	4
843	596	3	16	3
312	596	12	16	5
654	596	14	16	3
251	596	11	16	3
81	596	1	16	3
244	596	4	16	4
435	596	15	16	4
481	596	1	16	4
95	596	15	16	2
168	596	8	16	4
389	616	9	16	4
303	616	3	16	4
429	616	9	16	3
407	616	7	16	3
897	616	17	16	5
474	616	14	16	4
326	616	6	16	5
537	616	17	16	2
399	616	19	16	1
269	616	9	16	4
778	616	18	16	4
60	616	0	16	3
766	616	6	16	3
833	616	13	16	5
59	616	19	16	5
313	616	13	16	5
854	616	14	16	4
119	616	19	16	2
804	616	4	16	3
325	616	5	16	4
363	616	3	16	3
758	616	18	16	4
246	616	6	16	5
234	616	14	16	2
896	616	16	16	3
385	616	5	16	4
478	616	18	16	4
932	616	12	16	5
659	616	19	16	4
882	616	2	16	4
254	616	14	16	1
94	616	14	16	4
495	616	15	16	4
727	616	7	16	2
843	616	3	16	3
38	616	18	16	3
840	616	0	16	5
561	616	1	16	3
379	616	19	16	2
450	616	10	16	4
293	616	13	16	3
912	616	12	16	3
435	616	15	16	2
91	616	11	16	4
426	616	6	16	4
666	616	6	16	3
219	616	19	16	5
350	616	10	16	4
645	616	5	16	3
308	616	8	16	2
346	616	6	16	1
835	616	15	16	4
417	616	17	16	2
456	616	16	16	3
749	616	9	16	3
504	616	4	16	4
7	616	7	16	4
124	616	4	16	4
479	616	19	16	4
279	616	19	16	3
815	616	15	16	1
551	616	11	16	5
846	616	6	16	3
194	616	14	16	3
279	636	19	16	5
495	636	15	16	3
457	636	17	16	4
222	636	2	16	4
337	636	17	16	4
217	636	17	16	2
201	636	1	16	2
286	636	6	16	3
158	636	18	16	4
44	636	4	16	4
215	636	15	16	2
313	636	13	16	4
916	636	16	16	3
442	636	2	16	5
328	636	8	16	3
880	636	0	16	3
291	636	11	16	4
843	636	3	16	4
417	636	17	16	3
627	636	7	16	4
796	636	16	16	2
379	636	19	16	3
293	636	13	16	4
690	636	10	16	4
889	636	9	16	4
716	636	16	16	2
543	636	3	16	3
109	636	9	16	5
339	636	19	16	4
7	636	7	16	4
194	636	14	16	2
901	636	1	16	2
198	636	18	16	3
234	636	14	16	3
94	636	14	16	4
429	636	9	16	3
435	636	15	16	4
532	636	12	16	5
195	636	15	16	2
452	636	12	16	5
301	636	1	16	3
145	636	5	16	4
693	636	13	16	1
102	636	2	16	3
868	636	8	16	3
562	636	2	16	2
886	636	6	16	3
268	636	8	16	3
807	636	7	16	4
64	636	4	16	4
738	636	18	16	3
648	636	8	16	4
13	636	13	16	2
933	636	13	16	2
92	636	12	16	3
95	636	15	16	1
638	636	18	16	3
666	636	6	16	4
892	636	12	16	4
346	636	6	16	3
425	636	5	16	4
393	636	13	16	3
727	636	7	16	3
56	636	16	16	4
833	636	13	16	3
660	636	0	16	2
664	636	4	16	3
551	636	11	16	5
561	636	1	16	1
788	636	8	16	3
749	636	9	16	4
545	636	5	16	3
548	636	8	16	4
303	636	3	16	3
932	636	12	16	3
795	636	15	16	3
378	636	18	16	3
275	636	15	16	3
709	636	9	16	3
655	636	15	16	3
276	636	16	16	4
269	636	9	16	3
659	636	19	16	3
805	636	5	16	4
804	636	4	16	3
890	636	10	16	3
77	636	17	16	2
22	636	2	16	3
650	636	10	16	3
567	636	7	16	4
896	636	16	16	3
498	656	18	16	3
237	656	17	16	4
666	656	6	16	4
48	656	8	16	4
561	656	1	16	4
643	656	3	16	4
655	656	15	16	3
10	656	10	16	5
389	656	9	16	5
381	656	1	16	4
405	656	5	16	1
21	656	1	16	5
833	656	13	16	4
201	656	1	16	4
814	656	14	16	3
698	656	18	16	1
90	656	10	16	5
913	656	13	16	3
465	656	5	16	3
543	656	3	16	4
308	656	8	16	3
617	656	17	16	4
385	656	5	16	5
407	656	7	16	4
234	656	14	16	4
840	656	0	16	4
13	656	13	16	5
710	656	10	16	5
568	656	8	16	3
322	656	2	16	5
430	656	10	16	4
645	656	5	16	4
312	656	12	16	5
918	656	18	16	4
883	656	3	16	5
60	656	0	16	4
264	656	4	16	4
189	656	9	16	4
7	656	7	16	3
469	656	9	16	5
758	656	18	16	5
325	656	5	16	4
342	656	2	16	5
776	656	16	16	5
312	676	12	16	3
906	676	6	16	5
579	676	19	16	3
257	676	17	16	4
244	676	4	16	4
79	676	19	16	3
15	676	15	16	4
483	676	3	16	4
711	676	11	16	5
63	676	3	16	3
62	676	2	16	3
595	676	15	16	2
524	676	4	16	3
533	676	13	16	5
526	676	6	16	5
849	676	9	16	5
874	676	14	16	3
889	676	9	16	2
457	676	17	16	3
525	676	5	16	2
582	676	2	16	2
735	676	15	16	3
416	676	16	16	5
637	676	17	16	3
932	676	12	16	4
283	676	3	16	3
474	676	14	16	3
201	676	1	16	2
387	676	7	16	1
634	676	14	16	4
758	676	18	16	2
7	676	7	16	3
354	676	14	16	5
894	676	14	16	3
327	676	7	16	3
663	676	3	16	3
181	676	1	16	3
224	676	4	16	3
141	676	1	16	5
345	676	5	16	4
618	676	18	16	2
409	676	9	16	2
54	676	14	16	5
865	676	5	16	2
707	676	7	16	4
586	676	6	16	3
733	676	13	16	4
265	676	5	16	2
708	676	8	16	3
569	676	9	16	4
65	676	5	16	5
250	676	10	16	5
139	676	19	16	4
506	676	6	16	1
532	676	12	16	5
266	676	6	16	3
294	676	14	16	3
541	676	1	16	3
648	676	8	16	2
754	676	14	16	3
99	676	19	16	4
620	676	0	16	3
851	676	11	16	3
938	676	18	16	3
621	676	1	16	3
460	676	0	16	4
459	676	19	16	3
184	676	4	16	4
90	676	10	16	2
264	676	4	16	3
590	676	10	16	4
537	676	17	16	4
919	676	19	16	4
561	676	1	16	3
504	676	4	16	4
661	676	1	16	4
655	676	15	16	2
236	696	16	16	2
293	696	13	16	2
518	696	18	16	5
141	696	1	16	4
733	696	13	16	3
296	696	16	16	4
716	696	16	16	2
666	696	6	16	3
347	696	7	16	4
15	696	15	16	2
869	696	9	16	2
423	696	3	16	3
707	696	7	16	4
906	696	6	16	4
663	696	3	16	3
917	696	17	16	5
458	696	18	16	3
586	696	6	16	3
501	696	1	16	4
75	696	15	16	4
276	696	16	16	2
402	696	2	16	4
788	696	8	16	3
190	696	10	16	3
115	696	15	16	4
900	696	0	16	2
459	696	19	16	4
450	696	10	16	4
10	696	10	16	4
437	696	17	16	3
178	696	18	16	4
741	696	1	16	3
393	696	13	16	4
207	696	7	16	3
851	696	11	16	3
907	696	7	16	5
145	696	5	16	3
533	696	13	16	3
624	696	4	16	4
548	696	8	16	4
378	696	18	16	3
889	696	9	16	3
174	696	14	16	4
634	696	14	16	4
456	696	16	16	3
391	696	11	16	4
682	696	2	16	4
551	696	11	16	2
21	696	1	16	2
830	696	10	16	2
793	696	13	16	3
653	696	13	16	1
792	696	12	16	3
839	696	19	16	2
474	696	14	16	3
936	696	16	16	2
554	696	14	16	3
903	696	3	16	3
896	696	16	16	1
491	696	11	16	3
722	696	2	16	4
94	696	14	16	4
181	696	1	16	2
349	696	9	16	3
416	696	16	16	3
332	696	12	16	3
344	696	4	16	3
313	696	13	16	3
486	696	6	16	3
435	696	15	16	3
372	696	12	16	4
328	696	8	16	3
345	696	5	16	3
764	696	4	16	3
374	696	14	16	3
825	696	5	16	3
854	696	14	16	2
833	696	13	16	3
786	696	6	16	3
455	716	15	16	3
655	716	15	16	2
639	716	19	16	1
711	716	11	16	5
94	716	14	16	3
184	716	4	16	3
316	716	16	16	5
152	716	12	16	5
790	716	10	16	4
18	716	18	16	5
180	716	0	16	1
504	716	4	16	4
860	716	0	16	2
95	716	15	16	3
758	716	18	16	2
847	716	7	16	3
405	716	5	16	1
119	716	19	16	5
303	716	3	16	2
684	716	4	16	2
222	716	2	16	2
712	716	12	16	5
11	716	11	16	3
174	716	14	16	5
497	716	17	16	4
62	716	2	16	4
846	716	6	16	3
151	716	11	16	2
447	716	7	16	2
344	716	4	16	3
864	716	4	16	2
342	716	2	16	2
796	716	16	16	3
354	716	14	16	3
244	716	4	16	3
345	716	5	16	3
89	716	9	16	3
334	716	14	16	3
378	716	18	16	3
795	716	15	16	3
450	716	10	16	4
682	716	2	16	2
437	716	17	16	5
256	716	16	16	5
588	716	8	16	5
707	716	7	16	2
643	716	3	16	3
336	716	16	16	2
269	716	9	16	4
297	716	17	16	3
805	716	5	16	4
270	716	10	16	4
690	716	10	16	1
311	716	11	16	4
14	716	14	16	5
207	716	7	16	3
320	716	0	16	1
13	716	13	16	4
861	736	1	16	4
914	736	14	16	3
405	736	5	16	5
380	736	0	16	4
42	736	2	16	5
379	736	19	16	4
884	736	4	16	3
121	736	1	16	5
64	736	4	16	4
224	736	4	16	3
89	736	9	16	3
585	736	5	16	4
187	736	7	16	4
747	736	7	16	5
450	736	10	16	5
711	736	11	16	5
707	736	7	16	4
452	736	12	16	3
440	736	0	16	5
345	736	5	16	3
864	736	4	16	5
60	736	0	16	5
328	736	8	16	3
749	736	9	16	3
654	736	14	16	5
18	736	18	16	4
932	736	12	16	3
503	736	3	16	4
378	736	18	16	4
615	736	15	16	5
151	736	11	16	4
297	736	17	16	4
184	736	4	16	3
878	736	18	16	5
437	736	17	16	5
295	736	15	16	5
354	736	14	16	5
454	736	14	16	3
751	736	11	16	5
474	736	14	16	3
897	736	17	16	3
788	736	8	16	3
11	736	11	16	4
239	736	19	16	5
904	736	4	16	4
458	736	18	16	4
389	736	9	16	5
870	736	10	16	1
194	736	14	16	2
883	736	3	16	3
308	736	8	16	3
94	736	14	16	5
307	736	7	16	3
95	736	15	16	4
128	736	8	16	5
280	736	0	16	2
247	736	7	16	5
321	736	1	16	4
59	736	19	16	5
270	736	10	16	5
13	736	13	16	4
537	736	17	16	3
796	736	16	16	3
846	736	6	16	4
566	736	6	16	4
455	736	15	16	3
536	736	16	16	5
894	736	14	16	4
262	736	2	16	3
334	736	14	16	3
65	736	5	16	4
339	736	19	16	3
608	736	8	16	4
122	736	2	16	4
798	736	18	16	5
655	736	15	16	3
383	736	3	16	5
243	736	3	16	4
194	756	14	16	1
92	756	12	16	3
207	756	7	16	2
869	756	9	16	1
271	756	11	16	2
907	756	7	16	4
606	756	6	16	3
159	756	19	16	4
59	756	19	16	2
917	756	17	16	4
314	756	14	16	3
938	756	18	16	3
398	756	18	16	3
265	756	5	16	4
227	756	7	16	3
378	756	18	16	3
930	756	10	16	3
200	756	0	16	3
382	756	2	16	3
81	756	1	16	1
634	756	14	16	3
642	756	2	16	5
13	756	13	16	2
939	756	19	16	5
718	756	18	16	5
552	756	12	16	2
901	756	1	16	4
301	756	1	16	4
474	756	14	16	1
373	756	13	16	3
735	756	15	16	2
429	756	9	16	2
75	756	15	16	2
541	756	1	16	4
661	756	1	16	3
280	756	0	16	4
551	756	11	16	1
450	756	10	16	3
630	756	10	16	4
554	756	14	16	3
83	756	3	16	4
927	756	7	16	4
654	756	14	16	4
919	756	19	16	3
891	756	11	16	4
57	756	17	16	3
599	756	19	16	5
622	756	2	16	3
569	756	9	16	3
45	756	5	16	2
943	756	3	16	2
223	756	3	16	3
213	756	13	16	2
125	756	5	16	4
274	756	14	16	3
682	756	2	16	2
43	756	3	16	3
672	756	12	16	2
256	756	16	16	4
759	756	19	16	4
534	756	14	16	4
922	756	2	16	2
178	756	18	16	3
768	756	8	16	3
665	756	5	16	3
245	756	5	16	3
67	756	7	16	3
715	756	15	16	2
477	756	17	16	4
504	756	4	16	3
614	756	14	16	4
181	756	1	16	2
82	756	2	16	1
332	756	12	16	2
306	756	6	16	3
847	756	7	16	1
840	756	0	16	4
692	756	12	16	2
222	756	2	16	4
722	756	2	16	3
101	756	1	16	3
533	756	13	16	4
653	756	13	16	1
479	756	19	16	1
406	756	6	16	3
130	756	10	16	4
881	756	1	16	4
804	756	4	16	3
434	756	14	16	2
472	756	12	16	4
145	756	5	16	2
344	756	4	16	2
648	756	8	16	2
238	756	18	16	3
236	756	16	16	1
882	756	2	16	3
84	756	4	16	3
435	756	15	16	3
291	756	11	16	3
457	756	17	16	2
936	756	16	16	4
751	756	11	16	2
706	756	6	16	4
244	756	4	16	2
764	756	4	16	3
586	756	6	16	1
141	756	1	16	3
798	756	18	16	3
887	756	7	16	5
916	756	16	16	3
104	756	4	16	2
684	756	4	16	4
348	756	8	16	4
374	756	14	16	3
560	756	0	16	2
872	756	12	16	4
854	756	14	16	3
708	756	8	16	2
885	756	5	16	2
347	756	7	16	2
342	756	2	16	3
269	756	9	16	1
407	756	7	16	2
389	756	9	16	2
795	756	15	16	3
42	756	2	16	5
44	756	4	16	3
393	756	13	16	4
488	776	8	16	4
450	776	10	16	4
796	776	16	16	4
760	776	0	16	5
405	776	5	16	1
712	776	12	16	4
13	776	13	16	2
618	776	18	16	2
790	776	10	16	3
524	796	4	16	3
532	796	12	16	5
407	796	7	16	2
276	796	16	16	1
336	796	16	16	3
472	796	12	16	4
109	796	9	16	3
87	796	7	16	4
904	796	4	16	3
378	796	18	16	2
495	796	15	16	4
639	796	19	16	1
796	796	16	16	4
642	796	2	16	4
13	796	13	16	3
222	796	2	16	4
145	796	5	16	3
943	796	3	16	3
405	796	5	16	3
398	796	18	16	3
883	796	3	16	3
655	796	15	16	2
506	796	6	16	3
256	796	16	16	5
846	796	6	16	1
878	796	18	16	2
417	796	17	16	4
712	796	12	16	4
125	796	5	16	3
311	796	11	16	3
514	796	14	16	4
318	796	18	16	3
429	796	9	16	3
543	796	3	16	3
314	796	14	16	2
551	796	11	16	4
21	816	1	16	1
222	816	2	16	1
617	816	17	16	1
388	816	8	16	4
606	816	6	16	2
943	816	3	16	4
405	816	5	16	1
776	816	16	16	2
276	816	16	16	2
648	816	8	16	1
709	816	9	16	2
546	816	6	16	3
363	816	3	16	1
246	816	6	16	4
925	816	5	16	3
429	816	9	16	2
13	816	13	16	1
291	816	11	16	3
118	816	18	16	3
130	816	10	16	5
145	816	5	16	5
846	836	6	16	5
239	836	19	16	5
465	836	5	16	3
474	836	14	16	3
312	836	12	16	5
567	836	7	16	3
500	836	0	16	5
694	836	14	16	4
90	836	10	16	5
454	836	14	16	2
389	836	9	16	4
924	836	4	16	3
234	836	14	16	4
393	836	13	16	4
932	836	12	16	5
573	836	13	16	3
716	836	16	16	4
13	836	13	16	2
659	836	19	16	4
426	836	6	16	3
535	836	15	16	5
896	836	16	16	3
184	836	4	16	4
506	836	6	16	4
524	836	4	16	2
151	836	11	16	4
244	856	4	16	5
436	856	16	16	4
327	856	7	16	4
62	856	2	16	4
264	856	4	16	3
405	856	5	16	1
214	856	14	16	4
13	856	13	16	5
23	856	3	16	4
889	856	9	16	4
334	856	14	16	4
387	856	7	16	5
468	856	8	16	4
380	856	0	16	3
751	856	11	16	2
308	856	8	16	4
299	856	19	16	3
806	856	6	16	5
870	856	10	16	3
201	856	1	16	3
293	856	13	16	3
805	856	5	16	4
269	856	9	16	5
370	856	10	16	3
591	856	11	16	4
339	856	19	16	5
373	856	13	16	3
102	856	2	16	2
18	856	18	16	5
883	856	3	16	5
566	856	6	16	5
305	856	5	16	5
286	856	6	16	2
918	856	18	16	4
452	856	12	16	4
666	856	6	16	5
21	876	1	16	2
130	876	10	16	4
928	876	8	16	5
817	876	17	16	4
832	876	12	16	3
170	876	10	16	3
451	876	11	16	4
925	876	5	16	3
587	876	7	16	2
529	876	9	16	3
621	876	1	16	2
863	876	3	16	2
482	876	2	16	3
40	876	0	16	3
276	876	16	16	3
404	876	4	16	2
211	876	11	16	2
663	876	3	16	3
493	876	13	16	1
624	876	4	16	3
721	876	1	16	3
724	876	4	16	1
35	876	15	16	2
159	876	19	16	2
750	876	10	16	2
782	876	2	16	2
810	876	10	16	3
409	876	9	16	2
323	876	3	16	2
176	876	16	16	3
181	876	1	16	1
783	876	3	16	4
178	876	18	16	2
489	876	9	16	2
341	876	1	16	4
13	876	13	16	2
294	876	14	16	3
682	876	2	16	3
510	876	10	16	2
393	876	13	16	3
629	876	9	16	3
871	876	11	16	3
697	876	17	16	3
367	876	7	16	3
880	876	0	16	4
300	876	0	16	5
592	876	12	16	1
828	896	8	16	4
883	896	3	16	5
214	896	14	16	4
229	896	9	16	4
397	896	17	16	4
915	896	15	16	2
836	896	16	16	3
752	896	12	16	3
758	896	18	16	5
191	896	11	16	3
720	896	0	16	5
574	896	14	16	2
673	896	13	16	5
354	896	14	16	4
13	896	13	16	5
931	896	11	16	3
668	896	8	16	4
116	896	16	16	2
327	896	7	16	5
458	896	18	16	5
385	896	5	16	5
611	896	11	16	3
866	896	6	16	2
273	896	13	16	4
40	896	0	16	4
656	896	16	16	5
149	896	9	16	4
344	896	4	16	4
201	896	1	16	3
675	896	15	16	5
378	896	18	16	4
111	896	11	16	2
845	896	5	16	3
428	896	8	16	4
871	896	11	16	3
334	896	14	16	5
655	896	15	16	4
145	896	5	16	2
90	896	10	16	3
206	896	6	16	4
537	896	17	16	3
358	896	18	16	4
924	896	4	16	4
448	896	8	16	5
676	916	16	16	5
655	916	15	16	2
119	916	19	16	1
587	916	7	16	3
416	916	16	16	3
751	916	11	16	1
299	916	19	16	3
116	916	16	16	2
276	916	16	16	4
738	916	18	16	3
13	916	13	16	4
472	916	12	16	5
851	916	11	16	3
179	916	19	16	5
38	916	18	16	5
532	916	12	16	3
444	916	4	16	3
328	916	8	16	2
429	936	9	16	4
450	936	10	16	5
526	936	6	16	5
592	936	12	16	4
840	936	0	16	4
219	936	19	16	4
416	936	16	16	5
543	936	3	16	4
581	936	1	16	3
26	936	6	16	4
463	936	3	16	2
782	936	2	16	3
354	936	14	16	4
745	936	5	16	1
486	936	6	16	3
334	936	14	16	3
655	936	15	16	3
794	936	14	16	5
257	936	17	16	4
597	936	17	16	3
770	936	10	16	5
707	936	7	16	4
89	936	9	16	5
637	936	17	16	4
558	936	18	16	5
360	936	0	16	4
894	936	14	16	4
299	936	19	16	4
413	936	13	16	4
449	936	9	16	5
15	936	15	16	5
533	936	13	16	4
487	956	7	16	4
878	956	18	16	2
627	956	7	16	2
184	956	4	16	3
666	956	6	16	4
663	956	3	16	4
474	956	14	16	4
271	956	11	16	4
378	956	18	16	3
716	956	16	16	4
454	956	14	16	2
151	956	11	16	4
210	956	10	16	3
380	956	0	16	4
18	956	18	16	5
538	956	18	16	3
537	956	17	16	4
883	956	3	16	4
867	956	7	16	4
591	956	11	16	4
354	956	14	16	4
643	956	3	16	4
608	956	8	16	3
234	956	14	16	3
405	956	5	16	2
450	956	10	16	4
561	956	1	16	4
43	956	3	16	1
65	956	5	16	4
293	956	13	16	3
645	956	5	16	4
345	956	5	16	4
303	956	3	16	4
458	956	18	16	5
539	956	19	16	5
106	956	6	16	3
655	956	15	16	3
527	956	7	16	4
201	956	1	16	4
880	956	0	16	3
269	956	9	16	3
328	956	8	16	4
457	956	17	16	4
122	956	2	16	4
707	956	7	16	5
144	956	4	16	4
880	976	0	16	2
21	976	1	16	1
181	976	1	16	1
113	976	13	16	5
919	976	19	16	2
425	976	5	16	1
715	976	15	16	1
255	976	15	16	1
893	976	13	16	1
95	976	15	16	2
320	976	0	16	2
279	976	19	16	3
712	996	12	16	4
393	996	13	16	3
314	996	14	16	4
474	996	14	16	3
22	996	2	16	1
125	996	5	16	3
405	996	5	16	1
577	996	17	16	3
208	996	8	16	3
87	996	7	16	3
798	996	18	16	3
660	996	0	16	1
642	996	2	16	2
500	996	0	16	1
624	1016	4	16	3
109	1016	9	16	5
268	1016	8	16	3
168	1016	8	16	5
533	1016	13	16	3
119	1016	19	16	5
468	1016	8	16	3
474	1016	14	16	3
758	1016	18	16	4
178	1016	18	16	4
330	1016	10	16	3
92	1016	12	16	2
621	1016	1	16	4
649	1016	9	16	4
655	1016	15	16	3
749	1016	9	16	5
293	1016	13	16	2
55	1016	15	16	1
640	1016	0	16	3
606	1016	6	16	3
447	1016	7	16	3
622	1016	2	16	3
486	1016	6	16	2
38	1016	18	16	5
532	1016	12	16	4
497	1016	17	16	4
592	1016	12	16	4
297	1016	17	16	3
26	1016	6	16	3
578	1016	18	16	4
289	1016	9	16	5
804	1016	4	16	4
927	1016	7	16	5
314	1016	14	16	4
251	1016	11	16	3
160	1016	0	16	4
435	1016	15	16	4
130	1016	10	16	4
782	1016	2	16	3
157	1016	17	16	5
222	1016	2	16	3
507	1016	7	16	5
833	1016	13	16	1
337	1016	17	16	4
62	1016	2	16	4
715	1016	15	16	4
83	1016	3	16	4
144	1016	4	16	3
754	1016	14	16	4
540	1016	0	16	4
936	1016	16	16	3
593	1016	13	16	4
564	1016	4	16	2
253	1016	13	16	3
768	1016	8	16	2
597	1016	17	16	4
69	1016	9	16	3
864	1016	4	16	4
935	1016	15	16	4
303	1016	3	16	3
790	1016	10	16	2
560	1016	0	16	3
774	1016	14	16	3
117	1016	17	16	5
741	1016	1	16	3
276	1016	16	16	3
517	1016	17	16	1
342	1016	2	16	1
854	1016	14	16	2
347	1016	7	16	3
851	1016	11	16	5
54	1016	14	16	4
727	1016	7	16	3
223	1016	3	16	5
345	1016	5	16	3
484	1016	4	16	4
432	1016	12	16	3
445	1016	5	16	1
825	1016	5	16	3
759	1016	19	16	5
158	1016	18	16	3
807	1016	7	16	4
453	1016	13	16	4
738	1016	18	16	3
625	1016	5	16	2
647	1016	7	16	4
459	1016	19	16	4
643	1016	3	16	3
57	1016	17	16	4
548	1016	8	16	4
116	1016	16	16	2
938	1016	18	16	3
894	1016	14	16	3
467	1016	7	16	4
493	1016	13	16	4
287	1016	7	16	5
393	1016	13	16	5
907	1016	7	16	5
902	1016	2	16	2
265	1016	5	16	3
164	1016	4	16	3
416	1016	16	16	5
521	1016	1	16	3
757	1016	17	16	3
363	1016	3	16	4
99	1016	19	16	5
332	1016	12	16	5
291	1016	11	16	4
714	1016	14	16	5
417	1016	17	16	4
66	1016	6	16	3
221	1016	1	16	3
506	1016	6	16	4
294	1016	14	16	4
682	1016	2	16	2
921	1016	1	16	4
653	1016	13	16	3
619	1016	19	16	4
487	1016	7	16	5
654	1016	14	16	4
889	1016	9	16	3
386	1016	6	16	4
334	1016	14	16	3
32	1016	12	16	1
401	1016	1	16	3
716	1016	16	16	3
186	1016	6	16	5
429	1016	9	16	4
249	1016	9	16	3
104	1016	4	16	1
806	1016	6	16	1
87	1016	7	16	4
880	1016	0	16	4
479	1016	19	16	3
899	1016	19	16	3
301	1016	1	16	4
425	1016	5	16	3
299	1036	19	16	2
389	1036	9	16	2
924	1036	4	16	2
642	1036	2	16	4
405	1036	5	16	1
437	1036	17	16	5
125	1036	5	16	2
417	1036	17	16	3
620	1036	0	16	4
796	1036	16	16	4
880	1036	0	16	2
795	1036	15	16	2
49	1036	9	16	2
476	1036	16	16	2
621	1036	1	16	1
541	1036	1	16	2
276	1036	16	16	2
38	1036	18	16	4
472	1036	12	16	4
450	1036	10	16	2
56	1036	16	16	2
773	1036	13	16	3
712	1036	12	16	5
523	1036	3	16	4
189	1056	9	16	3
299	1056	19	16	4
239	1056	19	16	5
804	1056	4	16	4
327	1056	7	16	2
363	1056	3	16	4
828	1056	8	16	1
201	1056	1	16	2
43	1056	3	16	3
276	1056	16	16	4
49	1076	9	16	2
405	1076	5	16	2
429	1076	9	16	2
393	1076	13	16	3
807	1076	7	16	3
798	1076	18	16	3
642	1076	2	16	2
796	1076	16	16	2
868	1076	8	16	1
804	1076	4	16	3
727	1076	7	16	2
102	1076	2	16	2
57	1096	17	16	3
345	1096	5	16	3
782	1096	2	16	2
254	1116	14	16	3
882	1116	2	16	4
312	1116	12	16	3
887	1116	7	16	5
932	1116	12	16	4
450	1116	10	16	3
601	1116	1	16	4
495	1116	15	16	3
95	1116	15	16	4
426	1116	6	16	4
311	1116	11	16	3
380	1116	0	16	4
59	1116	19	16	3
749	1136	9	16	4
429	1136	9	16	4
551	1136	11	16	5
532	1136	12	16	2
244	1136	4	16	3
627	1136	7	16	4
201	1136	1	16	1
506	1136	6	16	3
642	1136	2	16	4
297	1136	17	16	3
535	1136	15	16	4
455	1136	15	16	3
504	1136	4	16	5
530	1136	10	16	4
62	1136	2	16	3
919	1136	19	16	2
85	1136	5	16	3
128	1136	8	16	3
655	1136	15	16	2
416	1136	16	16	4
653	1136	13	16	2
152	1136	12	16	5
184	1136	4	16	4
90	1136	10	16	3
314	1136	14	16	5
328	1136	8	16	4
887	1136	7	16	5
130	1136	10	16	4
693	1136	13	16	3
76	1156	16	16	3
86	1176	6	16	5
206	1176	6	16	1
486	1176	6	16	3
724	1176	4	16	1
466	1176	6	16	5
139	1176	19	16	4
448	1176	8	16	2
696	1176	16	16	4
235	1176	15	16	5
646	1176	6	16	4
655	1176	15	16	4
129	1176	9	16	4
713	1176	13	16	3
871	1176	11	16	3
405	1176	5	16	3
720	1176	0	16	5
648	1176	8	16	1
681	1176	1	16	4
557	1176	17	16	5
707	1176	7	16	2
409	1176	9	16	4
752	1176	12	16	2
90	1196	10	16	4
655	1196	15	16	3
828	1196	8	16	2
116	1216	16	16	3
92	1216	12	16	4
622	1216	2	16	4
463	1216	3	16	3
145	1216	5	16	2
782	1216	2	16	2
100	1236	0	16	3
116	1256	16	16	1
782	1256	2	16	2
655	1256	15	16	3
592	1276	12	16	1
314	1276	14	16	4
130	1276	10	16	4
851	1276	11	16	2
181	1276	1	16	1
487	1276	7	16	2
663	1276	3	16	3
880	1276	0	16	3
721	1296	1	16	3
297	1296	17	16	4
331	1296	11	16	5
149	1296	9	16	3
628	1296	8	16	5
408	1296	8	16	4
880	1296	0	16	3
390	1296	10	16	2
704	1296	4	16	4
898	1296	18	16	4
451	1296	11	16	3
655	1296	15	16	3
429	1296	9	16	2
601	1296	1	16	1
204	1296	4	16	5
427	1296	7	16	5
782	1296	2	16	3
309	1296	9	16	2
181	1296	1	16	1
863	1296	3	16	3
351	1316	11	16	4
503	1316	3	16	1
617	1316	17	16	1
286	1316	6	16	5
179	1316	19	16	3
531	1316	11	16	4
405	1316	5	16	1
642	1336	2	16	2
181	1336	1	16	1
279	1336	19	16	1
416	1336	16	16	1
267	1336	7	16	1
699	1336	19	16	3
186	1336	6	16	3
290	1336	10	16	3
222	1336	2	16	2
577	1336	17	16	1
655	1356	15	16	3
592	1356	12	16	4
181	1356	1	16	1
551	1376	11	16	1
872	1376	12	16	2
279	1376	19	16	4
648	1376	8	16	2
181	1376	1	16	1
851	1376	11	16	2
291	1376	11	16	3
565	1396	5	16	5
535	1396	15	16	4
184	1396	4	16	4
358	1396	18	16	4
399	1396	19	16	4
276	1416	16	16	3
425	1416	5	16	3
417	1416	17	16	2
543	1416	3	16	2
195	1416	15	16	2
655	1436	15	16	2
207	1436	7	16	3
308	1456	8	16	4
932	1456	12	16	4
747	1456	7	16	3
524	1456	4	16	3
385	1456	5	16	4
305	1456	5	16	4
234	1456	14	16	4
268	1476	8	16	2
279	1496	19	16	3
887	1496	7	16	4
880	1496	0	16	4
532	1496	12	16	2
336	1496	16	16	1
416	1516	16	16	5
655	1516	15	16	3
312	1516	12	16	4
385	1536	5	16	5
405	1556	5	16	1
559	1556	19	16	3
405	1576	5	16	1
425	1596	5	16	2
500	1616	0	16	4
655	1636	15	16	4
883	1656	3	16	5
713	1656	13	16	2
851	1676	11	16	2
