296	10	16	10	2
239	10	19	10	5
416	10	16	10	3
243	10	3	10	4
430	10	10	10	4
201	10	1	10	3
518	10	18	10	3
506	10	6	10	2
312	10	12	10	5
883	10	3	10	5
79	10	19	10	5
460	10	0	10	3
354	10	14	10	5
500	10	0	10	3
151	10	11	10	5
536	10	16	10	4
2	10	2	10	2
450	10	10	10	4
158	10	18	10	4
886	10	6	10	3
851	10	11	10	3
63	10	3	10	4
230	10	10	10	3
189	10	9	10	5
573	10	13	10	4
378	10	18	10	3
467	10	7	10	4
49	10	9	10	3
567	10	7	10	4
707	10	7	10	5
234	10	14	10	3
357	10	17	10	5
733	10	13	10	3
498	10	18	10	5
828	10	8	10	3
343	10	3	10	4
537	10	17	10	4
59	10	19	10	4
181	10	1	10	2
699	10	19	10	4
402	10	2	10	2
85	10	5	10	4
104	10	4	10	2
327	10	7	10	4
636	10	16	10	5
473	10	13	10	3
292	10	12	10	5
299	10	19	10	5
469	10	9	10	5
360	10	0	10	5
7	10	7	10	4
870	10	10	10	4
565	10	5	10	5
90	10	10	10	5
108	10	8	10	5
503	10	3	10	5
788	10	8	10	4
561	10	1	10	3
64	10	4	10	5
328	10	8	10	4
862	10	2	10	5
662	10	2	10	4
585	10	5	10	3
435	10	15	10	5
790	10	10	10	1
829	10	9	10	3
711	10	11	10	5
387	10	7	10	4
745	10	5	10	5
1	10	1	10	3
496	10	16	10	5
861	10	1	10	3
486	10	6	10	4
294	10	14	10	3
423	10	3	10	4
279	10	19	10	4
406	10	6	10	3
463	10	3	10	1
349	10	9	10	5
795	10	15	10	4
765	10	5	10	4
514	10	14	10	4
698	10	18	10	4
268	10	8	10	4
334	10	14	10	4
533	10	13	10	2
804	10	4	10	4
894	10	14	10	4
906	10	6	10	4
607	30	7	10	4
321	30	1	10	4
308	30	8	10	4
90	30	10	10	5
194	30	14	10	3
406	30	6	10	4
916	30	16	10	4
894	30	14	10	4
385	30	5	10	5
932	30	12	10	4
1	30	1	10	3
622	30	2	10	4
60	30	0	10	5
568	30	8	10	4
903	30	3	10	5
833	30	13	10	4
655	30	15	10	5
565	30	5	10	5
279	30	19	10	2
59	30	19	10	5
883	30	3	10	4
747	30	7	10	5
535	30	15	10	4
645	30	5	10	4
500	30	0	10	4
234	30	14	10	4
537	30	17	10	3
585	30	5	10	4
189	30	9	10	4
641	30	1	10	4
339	30	19	10	3
409	30	9	10	4
85	30	5	10	3
381	30	1	10	4
405	30	5	10	1
756	30	16	10	4
437	30	17	10	4
794	50	14	10	5
79	50	19	10	4
644	50	4	10	4
49	50	9	10	1
42	50	2	10	5
344	50	4	10	5
823	50	3	10	5
363	50	3	10	5
216	50	16	10	4
890	50	10	10	5
854	50	14	10	4
666	50	6	10	3
361	50	1	10	5
389	50	9	10	5
934	50	14	10	5
399	50	19	10	3
676	50	16	10	5
723	50	3	10	4
797	50	17	10	5
121	50	1	10	5
804	50	4	10	4
653	50	13	10	5
18	50	18	10	4
474	50	14	10	5
5	50	5	10	4
851	50	11	10	5
72	50	12	10	2
686	50	6	10	4
705	50	5	10	4
324	50	4	10	5
550	50	10	10	5
512	50	12	10	5
437	50	17	10	5
68	50	8	10	5
526	50	6	10	5
678	50	18	10	4
643	50	3	10	4
463	50	3	10	4
573	50	13	10	4
747	50	7	10	5
303	50	3	10	5
435	50	15	10	5
288	50	8	10	4
454	50	14	10	4
580	50	0	10	5
936	50	16	10	4
901	50	1	10	4
470	50	10	10	5
1	50	1	10	5
184	50	4	10	4
201	50	1	10	4
761	50	1	10	5
557	50	17	10	4
392	50	12	10	5
94	50	14	10	5
498	50	18	10	4
592	50	12	10	5
745	50	5	10	2
889	50	9	10	4
563	50	3	10	5
506	50	6	10	5
753	50	13	10	4
247	50	7	10	5
310	50	10	10	5
249	50	9	10	4
22	50	2	10	5
380	50	0	10	4
868	50	8	10	5
538	50	18	10	5
490	50	10	10	5
738	50	18	10	5
445	50	5	10	2
700	50	0	10	5
870	50	10	10	3
486	50	6	10	5
426	50	6	10	4
465	50	5	10	4
455	50	15	10	5
108	50	8	10	4
69	50	9	10	5
664	50	4	10	5
10	50	10	10	5
494	50	14	10	5
379	50	19	10	4
765	50	5	10	2
621	50	1	10	5
848	50	8	10	5
549	50	9	10	5
346	50	6	10	5
189	50	9	10	5
343	50	3	10	5
327	50	7	10	3
839	50	19	10	5
674	50	14	10	4
844	50	4	10	5
157	50	17	10	4
893	50	13	10	5
530	50	10	10	4
546	50	6	10	5
482	50	2	10	4
340	50	0	10	4
43	50	3	10	4
785	50	5	10	5
524	50	4	10	4
679	50	19	10	5
141	50	1	10	4
2	50	2	10	5
807	50	7	10	5
231	50	11	10	4
602	50	2	10	5
680	50	0	10	5
322	50	2	10	5
897	50	17	10	5
883	50	3	10	4
551	50	11	10	2
623	50	3	10	5
280	50	0	10	3
89	50	9	10	5
552	50	12	10	4
660	50	0	10	4
579	50	19	10	5
475	50	15	10	5
471	50	11	10	3
14	50	14	10	5
749	50	9	10	5
869	50	9	10	4
596	50	16	10	5
332	50	12	10	5
771	50	11	10	4
834	50	14	10	5
505	50	5	10	3
70	50	10	10	4
913	50	13	10	4
65	50	5	10	5
250	50	10	10	5
150	50	10	10	5
730	50	10	10	4
682	50	2	10	5
719	50	19	10	2
619	50	19	10	4
467	50	7	10	4
701	50	1	10	5
429	50	9	10	5
99	50	19	10	5
603	50	3	10	5
576	50	16	10	4
318	50	18	10	2
575	50	15	10	2
689	50	9	10	5
931	50	11	10	3
907	50	7	10	4
115	50	15	10	5
55	50	15	10	4
495	50	15	10	5
305	50	5	10	5
937	50	17	10	5
268	50	8	10	5
336	50	16	10	4
595	50	15	10	5
293	50	13	10	5
137	50	17	10	5
545	50	5	10	5
145	50	5	10	5
169	50	9	10	5
287	50	7	10	5
161	50	1	10	2
553	50	13	10	4
251	50	11	10	5
386	50	6	10	4
337	50	17	10	5
516	50	16	10	5
799	50	19	10	4
4	50	4	10	5
885	50	5	10	3
843	50	3	10	3
30	50	10	10	3
622	50	2	10	5
257	50	17	10	5
514	50	14	10	5
780	50	0	10	5
493	50	13	10	5
800	50	0	10	4
320	50	0	10	4
815	50	15	10	5
521	50	1	10	4
662	50	2	10	3
661	50	1	10	5
95	50	15	10	5
321	50	1	10	4
606	50	6	10	5
123	50	3	10	3
699	50	19	10	3
158	50	18	10	4
254	50	14	10	5
378	50	18	10	4
786	50	6	10	4
488	50	8	10	4
739	50	19	10	4
117	50	17	10	5
694	50	14	10	5
64	50	4	10	5
25	50	5	10	5
715	50	15	10	5
246	50	6	10	5
263	50	3	10	5
77	50	17	10	4
265	50	5	10	2
116	50	16	10	3
452	50	12	10	5
175	50	15	10	5
922	50	2	10	5
517	50	17	10	5
648	50	8	10	5
479	50	19	10	4
21	50	1	10	3
299	50	19	10	4
352	50	12	10	5
87	50	7	10	5
345	50	5	10	5
527	50	7	10	4
459	50	19	10	4
20	50	0	10	3
838	50	18	10	5
416	50	16	10	5
421	50	1	10	5
577	50	17	10	4
447	50	7	10	5
472	50	12	10	5
403	50	3	10	5
507	50	7	10	5
540	50	0	10	5
790	50	10	10	4
588	50	8	10	5
684	50	4	10	4
908	50	8	10	4
330	50	10	10	5
669	50	9	10	5
271	50	11	10	5
270	50	10	10	5
468	50	8	10	5
393	50	13	10	5
594	50	14	10	3
654	50	14	10	5
548	50	8	10	5
663	50	3	10	5
215	50	15	10	5
796	50	16	10	5
513	50	13	10	5
286	50	6	10	4
892	50	12	10	5
102	50	2	10	4
311	50	11	10	5
198	50	18	10	5
406	50	6	10	5
659	50	19	10	3
672	50	12	10	3
503	50	3	10	5
560	50	0	10	5
96	50	16	10	5
624	50	4	10	5
902	50	2	10	5
151	50	11	10	5
751	50	11	10	5
203	50	3	10	5
630	50	10	10	3
586	50	6	10	4
830	50	10	10	5
638	50	18	10	4
597	50	17	10	5
466	50	6	10	5
758	50	18	10	4
91	50	11	10	5
127	50	7	10	4
373	50	13	10	5
391	50	11	10	4
600	50	0	10	4
82	50	2	10	5
759	50	19	10	4
283	50	3	10	5
57	50	17	10	5
504	50	4	10	3
881	50	1	10	3
704	50	4	10	5
232	50	12	10	4
407	50	7	10	4
453	50	13	10	5
537	50	17	10	4
835	50	15	10	4
425	50	5	10	5
153	50	13	10	1
500	50	0	10	3
882	50	2	10	5
832	50	12	10	3
401	50	1	10	1
831	50	11	10	5
825	50	5	10	4
385	50	5	10	1
109	50	9	10	5
307	50	7	10	5
650	50	10	10	5
56	50	16	10	5
60	50	0	10	5
766	50	6	10	4
798	50	18	10	5
943	50	3	10	4
405	50	5	10	5
267	50	7	10	5
210	50	10	10	5
272	50	12	10	4
244	50	4	10	5
235	50	15	10	5
113	50	13	10	5
864	50	4	10	5
103	50	3	10	5
62	50	2	10	5
847	50	7	10	4
714	50	14	10	5
776	50	16	10	5
262	50	2	10	2
296	50	16	10	5
188	50	8	10	4
541	50	1	10	5
461	50	1	10	3
132	50	12	10	3
852	50	12	10	5
760	50	0	10	3
15	50	15	10	5
846	50	6	10	5
539	50	19	10	3
773	50	13	10	5
555	50	15	10	5
279	50	19	10	3
620	50	0	10	4
217	50	17	10	1
433	50	13	10	5
27	50	7	10	3
409	50	9	10	5
533	50	13	10	5
297	50	17	10	5
806	50	6	10	5
354	50	14	10	4
245	50	5	10	4
436	50	16	10	4
523	50	3	10	5
894	50	14	10	4
339	50	19	10	4
213	50	13	10	5
770	50	10	10	3
497	50	17	10	5
569	50	9	10	5
919	50	19	10	3
438	50	18	10	5
711	50	11	10	4
104	50	4	10	5
709	50	9	10	5
637	50	17	10	4
625	50	5	10	5
368	50	8	10	4
668	50	8	10	5
744	50	4	10	3
741	50	1	10	5
301	50	1	10	5
632	50	12	10	5
44	50	4	10	5
192	50	12	10	4
734	50	14	10	4
80	50	0	10	3
633	50	13	10	4
896	50	16	10	5
234	50	14	10	4
124	50	4	10	3
256	50	16	10	4
483	50	3	10	5
294	50	14	10	5
83	50	3	10	3
125	50	5	10	5
566	50	6	10	2
275	50	15	10	4
710	50	10	10	4
197	50	17	10	5
940	50	0	10	4
916	50	16	10	5
763	50	3	10	4
862	50	2	10	5
326	50	6	10	5
938	50	18	10	5
921	50	1	10	4
313	50	13	10	5
764	50	4	10	3
875	50	15	10	5
458	50	18	10	2
871	50	11	10	5
214	50	14	10	3
756	50	16	10	4
398	50	18	10	5
480	50	0	10	4
774	50	14	10	4
370	50	10	10	4
484	50	4	10	5
295	50	15	10	5
325	50	5	10	5
387	50	7	10	5
411	50	11	10	5
923	50	3	10	5
708	50	8	10	5
397	50	17	10	5
867	50	7	10	5
292	50	12	10	4
536	50	16	10	5
584	50	4	10	4
41	50	1	10	5
528	50	8	10	5
222	50	2	10	4
649	50	9	10	4
7	50	7	10	5
930	50	10	10	2
13	50	13	10	5
419	50	19	10	5
374	50	14	10	3
422	50	2	10	4
736	50	16	10	3
645	50	5	10	4
120	50	0	10	4
509	50	9	10	5
53	50	13	10	4
793	50	13	10	5
194	50	14	10	3
887	50	7	10	5
697	50	17	10	5
66	50	6	10	5
895	50	15	10	5
781	50	1	10	5
903	50	3	10	5
119	50	19	10	5
933	50	13	10	4
464	50	4	10	4
160	50	0	10	4
613	50	13	10	5
880	50	0	10	5
610	50	10	10	4
840	50	0	10	4
826	50	6	10	5
23	50	3	10	4
209	50	9	10	5
371	50	11	10	4
350	50	10	10	5
535	50	15	10	5
658	50	18	10	4
328	50	8	10	4
71	50	11	10	3
693	50	13	10	3
236	50	16	10	3
562	50	2	10	5
230	50	10	10	5
402	50	2	10	4
554	50	14	10	4
746	50	6	10	5
444	50	4	10	5
561	50	1	10	3
698	50	18	10	5
432	50	12	10	5
779	50	19	10	5
496	50	16	10	5
424	50	4	10	3
782	50	2	10	3
46	50	6	10	4
312	50	12	10	5
162	50	2	10	5
564	50	4	10	4
924	50	4	10	5
748	50	8	10	5
641	50	1	10	3
727	50	7	10	4
8	50	8	10	5
233	50	13	10	3
508	50	8	10	5
298	50	18	10	5
878	50	18	10	4
618	50	18	10	5
413	50	13	10	5
183	50	3	10	2
642	50	2	10	5
221	50	1	10	4
92	50	12	10	5
360	50	0	10	4
12	50	12	10	4
26	50	6	10	4
716	50	16	10	5
176	50	16	10	5
805	50	5	10	4
130	50	10	10	5
456	50	16	10	4
629	50	9	10	5
182	50	2	10	5
691	50	11	10	4
144	50	4	10	5
32	50	12	10	4
323	50	3	10	5
703	50	3	10	5
395	50	15	10	5
717	50	17	10	4
148	50	8	10	5
248	50	8	10	5
58	50	18	10	4
329	50	9	10	4
886	50	6	10	5
290	50	10	10	5
478	50	18	10	3
910	50	10	10	5
593	50	13	10	4
9	50	9	10	5
308	50	8	10	5
891	50	11	10	4
899	50	19	10	5
768	50	8	10	4
481	50	1	10	4
381	50	1	10	5
63	50	3	10	4
721	50	1	10	5
276	50	16	10	5
665	50	5	10	4
735	50	15	10	5
277	50	17	10	3
54	50	14	10	5
487	50	7	10	4
334	50	14	10	5
833	50	13	10	2
706	50	6	10	5
274	50	14	10	5
359	50	19	10	5
128	50	8	10	4
367	50	7	10	5
382	50	2	10	1
417	50	17	10	3
634	50	14	10	4
28	50	8	10	4
795	50	15	10	3
178	50	18	10	5
457	50	17	10	5
185	50	5	10	4
542	50	2	10	4
929	50	9	10	4
6	50	6	10	4
227	50	7	10	4
316	50	16	10	1
45	50	5	10	5
942	50	2	10	5
394	50	14	10	5
239	50	19	10	5
97	50	17	10	5
253	50	13	10	4
582	50	2	10	5
581	50	1	10	4
655	50	15	10	4
850	50	10	10	5
177	50	17	10	5
712	50	12	10	4
671	50	11	10	5
789	50	9	10	5
174	50	14	10	4
567	50	7	10	1
51	50	11	10	5
37	50	17	10	5
757	50	17	10	4
917	50	17	10	3
601	50	1	10	5
200	50	0	10	5
450	50	10	10	5
101	50	1	10	4
499	50	19	10	3
48	50	8	10	4
430	50	10	10	4
59	50	19	10	5
269	50	9	10	3
369	50	9	10	5
608	50	8	10	1
879	50	19	10	4
154	50	14	10	5
85	50	5	10	5
347	50	7	10	5
742	50	2	10	4
791	50	11	10	5
291	50	11	10	5
398	70	18	10	4
795	70	15	10	3
314	70	14	10	1
1	70	1	10	3
821	70	1	10	4
940	70	0	10	3
806	70	6	10	2
76	70	16	10	4
479	70	19	10	4
838	70	18	10	4
178	70	18	10	4
82	70	2	10	4
654	70	14	10	4
527	70	7	10	4
299	70	19	10	3
334	70	14	10	3
487	70	7	10	3
679	70	19	10	4
401	70	1	10	4
542	70	2	10	4
297	70	17	10	5
95	70	15	10	4
286	70	6	10	5
481	70	1	10	5
780	70	0	10	2
416	70	16	10	5
664	70	4	10	3
59	70	19	10	3
508	70	8	10	4
187	70	7	10	4
64	70	4	10	5
269	70	9	10	1
861	70	1	10	4
361	70	1	10	4
608	70	8	10	4
488	70	8	10	3
62	70	2	10	3
500	70	0	10	4
279	70	19	10	1
222	70	2	10	3
643	70	3	10	3
537	70	17	10	4
13	70	13	10	3
257	70	17	10	4
102	70	2	10	3
87	70	7	10	5
786	70	6	10	4
210	70	10	10	4
618	70	18	10	3
449	70	9	10	4
452	70	12	10	5
699	70	19	10	4
468	70	8	10	3
158	70	18	10	4
234	70	14	10	3
208	70	8	10	3
198	70	18	10	3
878	70	18	10	3
447	70	7	10	3
741	70	1	10	4
565	70	5	10	5
84	70	4	10	5
684	70	4	10	4
622	70	2	10	3
715	70	15	10	3
11	70	11	10	4
125	70	5	10	3
497	70	17	10	4
773	70	13	10	3
659	70	19	10	4
207	70	7	10	3
751	70	11	10	4
627	70	7	10	4
345	70	5	10	5
90	70	10	10	5
524	70	4	10	4
585	70	5	10	5
354	70	14	10	3
215	70	15	10	3
882	70	2	10	3
647	70	7	10	3
503	70	3	10	4
919	70	19	10	4
846	70	6	10	4
151	70	11	10	4
85	70	5	10	4
605	70	5	10	3
896	70	16	10	4
425	70	5	10	3
504	70	4	10	3
892	70	12	10	4
653	70	13	10	2
213	70	13	10	3
283	70	3	10	4
235	70	15	10	5
648	70	8	10	2
83	70	3	10	4
918	70	18	10	3
523	70	3	10	5
60	70	0	10	4
840	70	0	10	3
56	70	16	10	4
711	70	11	10	5
407	70	7	10	4
311	70	11	10	4
862	70	2	10	4
122	70	2	10	5
764	70	4	10	4
98	70	18	10	3
429	70	9	10	4
625	70	5	10	3
889	70	9	10	3
630	70	10	10	2
106	70	6	10	3
561	70	1	10	4
374	70	14	10	4
405	70	5	10	3
707	70	7	10	3
554	70	14	10	4
484	70	4	10	5
639	70	19	10	3
295	70	15	10	5
194	70	14	10	3
233	70	13	10	5
312	70	12	10	5
932	70	12	10	4
363	70	3	10	2
847	70	7	10	3
658	70	18	10	3
645	70	5	10	4
328	70	8	10	4
144	70	4	10	4
378	70	18	10	4
221	70	1	10	3
450	70	10	10	4
716	70	16	10	4
881	70	1	10	2
640	70	0	10	4
58	70	18	10	4
16	70	16	10	4
610	70	10	10	4
148	70	8	10	5
10	70	10	10	4
38	70	18	10	5
440	70	0	10	4
655	70	15	10	2
727	70	7	10	5
768	70	8	10	4
270	70	10	10	5
393	70	13	10	3
344	70	4	10	3
174	70	14	10	5
347	70	7	10	2
593	70	13	10	5
23	70	3	10	2
592	70	12	10	4
28	70	8	10	4
42	70	2	10	3
6	70	6	10	3
196	70	16	10	3
804	70	4	10	4
184	70	4	10	4
916	70	16	10	4
566	70	6	10	4
14	70	14	10	1
412	70	12	10	4
457	70	17	10	4
303	70	3	10	4
543	70	3	10	4
72	70	12	10	4
308	70	8	10	4
829	70	9	10	4
514	70	14	10	5
454	70	14	10	4
49	70	9	10	2
747	70	7	10	4
535	70	15	10	4
437	70	17	10	3
43	70	3	10	4
109	70	9	10	4
788	70	8	10	4
591	70	11	10	4
247	70	7	10	5
690	70	10	10	2
201	70	1	10	3
7	70	7	10	1
455	70	15	10	3
417	70	17	10	4
476	70	16	10	3
790	70	10	10	3
877	70	17	10	5
828	70	8	10	3
563	70	3	10	4
305	70	5	10	4
327	70	7	10	4
666	70	6	10	4
18	70	18	10	4
293	70	13	10	3
280	70	0	10	4
318	70	18	10	5
844	70	4	10	4
721	70	1	10	3
819	70	19	10	4
65	70	5	10	1
475	70	15	10	4
615	70	15	10	4
576	70	16	10	5
276	70	16	10	4
224	70	4	10	2
230	70	10	10	4
264	70	4	10	4
530	70	10	10	4
94	70	14	10	4
934	70	14	10	4
885	70	5	10	5
268	70	8	10	3
474	70	14	10	4
763	70	3	10	5
244	70	4	10	4
336	70	16	10	5
880	70	0	10	4
884	70	4	10	4
119	70	19	10	3
642	70	2	10	2
330	70	10	10	4
128	70	8	10	3
373	70	13	10	4
161	70	1	10	3
307	70	7	10	4
536	70	16	10	2
623	70	3	10	4
933	70	13	10	2
506	70	6	10	4
262	70	2	10	4
579	70	19	10	3
883	70	3	10	3
532	70	12	10	4
682	70	2	10	4
5	70	5	10	4
894	70	14	10	3
291	70	11	10	4
332	70	12	10	2
406	70	6	10	3
271	70	11	10	5
559	70	19	10	3
661	70	1	10	4
860	70	0	10	5
870	70	10	10	4
551	70	11	10	4
533	70	13	10	4
864	70	4	10	4
389	90	9	10	3
450	90	10	10	4
1	90	1	10	4
727	90	7	10	3
394	90	14	10	3
916	90	16	10	3
194	90	14	10	3
7	90	7	10	3
690	90	10	10	1
336	90	16	10	5
320	90	0	10	4
805	90	5	10	2
642	90	2	10	4
823	90	3	10	4
326	90	6	10	1
297	90	17	10	4
790	90	10	10	2
887	90	7	10	5
868	90	8	10	3
363	90	3	10	5
477	90	17	10	4
244	90	4	10	4
11	90	11	10	2
13	90	13	10	3
56	90	16	10	2
846	90	6	10	2
303	90	3	10	4
881	90	1	10	3
373	90	13	10	4
541	90	1	10	4
301	90	1	10	3
622	90	2	10	4
95	90	15	10	2
59	90	19	10	2
472	90	12	10	5
44	90	4	10	2
542	90	2	10	4
648	90	8	10	3
393	90	13	10	2
178	90	18	10	3
442	90	2	10	3
618	90	18	10	1
506	90	6	10	2
436	90	16	10	3
806	90	6	10	4
504	90	4	10	3
497	90	17	10	4
314	90	14	10	2
659	90	19	10	2
766	90	6	10	1
453	90	13	10	3
521	90	1	10	2
883	90	3	10	3
416	90	16	10	4
715	90	15	10	5
773	90	13	10	4
712	90	12	10	3
279	90	19	10	3
417	90	17	10	3
262	90	2	10	4
130	90	10	10	4
751	90	11	10	3
537	90	17	10	1
254	90	14	10	1
222	90	2	10	2
660	90	0	10	2
5	90	5	10	3
880	90	0	10	3
551	90	11	10	1
495	90	15	10	4
327	90	7	10	3
405	90	5	10	4
286	90	6	10	4
109	90	9	10	3
844	90	4	10	3
87	90	7	10	2
437	90	17	10	3
343	90	3	10	4
379	90	19	10	2
476	90	16	10	3
291	90	11	10	5
280	90	0	10	4
23	90	3	10	2
399	90	19	10	2
429	90	9	10	4
94	90	14	10	3
435	90	15	10	4
892	90	12	10	2
49	90	9	10	1
361	90	1	10	2
904	90	4	10	2
125	90	5	10	5
870	90	10	10	4
798	90	18	10	3
270	90	10	10	5
541	110	1	10	4
846	110	6	10	3
13	110	13	10	3
749	110	9	10	2
892	110	12	10	3
577	110	17	10	4
450	110	10	10	4
1	110	1	10	1
95	110	15	10	2
588	110	8	10	3
798	110	18	10	4
712	110	12	10	5
648	110	8	10	3
405	110	5	10	1
633	110	13	10	3
83	110	3	10	4
543	110	3	10	2
196	110	16	10	1
346	110	6	10	2
591	110	11	10	2
5	110	5	10	1
399	110	19	10	2
22	110	2	10	1
933	110	13	10	1
642	110	2	10	2
378	110	18	10	3
11	110	11	10	3
880	110	0	10	3
373	110	13	10	3
566	110	6	10	1
393	110	13	10	2
788	130	8	10	2
406	130	6	10	3
839	130	19	10	3
825	130	5	10	2
271	130	11	10	1
343	130	3	10	3
159	130	19	10	1
590	130	10	10	1
717	130	17	10	2
234	130	14	10	1
104	130	4	10	1
279	130	19	10	1
181	130	1	10	1
257	130	17	10	2
900	130	0	10	1
1	130	1	10	3
733	130	13	10	2
693	130	13	10	1
334	130	14	10	4
503	130	3	10	5
339	130	19	10	4
561	130	1	10	4
722	130	2	10	4
917	150	17	10	5
514	150	14	10	3
474	150	14	10	5
150	150	10	10	3
216	150	16	10	5
323	150	3	10	4
868	150	8	10	5
680	150	0	10	5
285	150	5	10	5
327	150	7	10	4
682	150	2	10	4
592	150	12	10	5
293	150	13	10	3
227	150	7	10	3
63	150	3	10	4
534	150	14	10	3
176	150	16	10	4
374	150	14	10	4
643	150	3	10	5
533	150	13	10	3
207	150	7	10	3
640	150	0	10	4
606	150	6	10	4
490	150	10	10	5
758	150	18	10	5
406	150	6	10	4
708	150	8	10	4
130	150	10	10	5
916	150	16	10	4
416	150	16	10	5
306	150	6	10	5
339	150	19	10	4
632	150	12	10	2
669	150	9	10	3
357	150	17	10	4
778	150	18	10	3
447	150	7	10	4
334	150	14	10	4
85	150	5	10	3
493	150	13	10	5
445	150	5	10	2
689	150	9	10	4
467	150	7	10	4
608	150	8	10	3
472	150	12	10	3
867	150	7	10	5
501	150	1	10	5
365	150	5	10	5
663	150	3	10	5
299	150	19	10	5
940	150	0	10	3
634	150	14	10	3
487	150	7	10	5
203	150	3	10	5
806	150	6	10	4
555	150	15	10	4
831	150	11	10	3
542	150	2	10	2
540	150	0	10	3
314	150	14	10	4
1	150	1	10	5
624	150	4	10	4
473	150	13	10	5
795	150	15	10	3
463	150	3	10	2
537	150	17	10	3
76	150	16	10	5
381	150	1	10	4
232	150	12	10	3
618	150	18	10	2
345	150	5	10	5
274	150	14	10	5
508	150	8	10	5
557	150	17	10	3
361	150	1	10	2
733	150	13	10	2
13	150	13	10	5
226	150	6	10	4
715	150	15	10	4
296	150	16	10	1
524	150	4	10	2
125	150	5	10	1
138	150	18	10	3
468	150	8	10	5
892	150	12	10	5
301	150	1	10	4
104	150	4	10	5
373	150	13	10	4
637	150	17	10	1
442	150	2	10	4
363	150	3	10	5
292	150	12	10	4
793	150	13	10	4
279	150	19	10	3
17	150	17	10	5
58	150	18	10	4
677	150	17	10	3
303	150	3	10	5
484	150	4	10	4
697	150	17	10	5
90	150	10	10	3
160	150	0	10	4
221	150	1	10	5
486	150	6	10	3
182	150	2	10	3
886	150	6	10	4
717	150	17	10	4
432	150	12	10	5
774	150	14	10	1
26	150	6	10	3
81	150	1	10	3
655	150	15	10	3
833	150	13	10	3
382	150	2	10	2
239	150	19	10	5
789	150	9	10	5
145	150	5	10	5
590	150	10	10	5
794	150	14	10	4
201	150	1	10	4
723	150	3	10	3
79	150	19	10	3
412	150	12	10	4
222	150	2	10	3
177	150	17	10	4
456	150	16	10	4
324	150	4	10	4
157	150	17	10	5
635	150	15	10	3
834	150	14	10	5
189	150	9	10	4
823	150	3	10	4
69	150	9	10	5
343	150	3	10	4
276	150	16	10	4
429	150	9	10	5
89	150	9	10	5
264	150	4	10	5
905	150	5	10	4
181	150	1	10	1
889	150	9	10	5
478	150	18	10	4
880	150	0	10	4
139	150	19	10	4
805	150	5	10	5
526	150	6	10	2
342	150	2	10	3
74	150	14	10	3
322	150	2	10	4
496	150	16	10	2
70	150	10	10	3
854	150	14	10	3
498	150	18	10	3
874	150	14	10	4
117	150	17	10	4
470	150	10	10	5
551	150	11	10	3
6	170	6	10	4
455	170	15	10	3
543	170	3	10	4
299	170	19	10	5
823	170	3	10	4
889	170	9	10	4
767	170	7	10	5
514	170	14	10	3
232	170	12	10	5
189	170	9	10	4
59	170	19	10	4
940	170	0	10	4
655	170	15	10	3
204	170	4	10	5
94	170	14	10	5
843	170	3	10	1
855	170	15	10	2
18	170	18	10	5
95	170	15	10	5
392	170	12	10	5
883	170	3	10	3
861	170	1	10	5
236	170	16	10	5
207	170	7	10	4
553	170	13	10	4
500	170	0	10	5
567	170	7	10	3
916	170	16	10	4
592	170	12	10	5
556	170	16	10	4
85	170	5	10	4
437	170	17	10	5
758	170	18	10	5
934	170	14	10	4
370	170	10	10	4
326	170	6	10	2
870	170	10	10	5
90	170	10	10	5
269	170	9	10	2
731	170	11	10	5
144	170	4	10	4
361	170	1	10	5
279	170	19	10	3
271	170	11	10	5
151	170	11	10	5
334	170	14	10	3
1	170	1	10	5
561	170	1	10	4
41	170	1	10	4
932	170	12	10	4
765	170	5	10	5
878	170	18	10	4
409	170	9	10	4
456	170	16	10	5
321	170	1	10	4
524	170	4	10	4
316	170	16	10	4
565	170	5	10	5
10	170	10	10	4
711	170	11	10	5
303	170	3	10	5
339	170	19	10	5
707	170	7	10	5
468	170	8	10	4
806	170	6	10	5
585	170	5	10	5
12	170	12	10	4
840	170	0	10	4
380	170	0	10	4
535	170	15	10	4
449	170	9	10	4
704	170	4	10	3
691	170	11	10	5
773	170	13	10	5
62	170	2	10	3
406	170	6	10	3
373	170	13	10	5
539	170	19	10	5
918	170	18	10	4
311	170	11	10	5
617	170	17	10	1
537	170	17	10	3
474	170	14	10	4
354	170	14	10	4
450	170	10	10	5
234	170	14	10	5
566	170	6	10	5
72	170	12	10	3
235	170	15	10	4
452	170	12	10	4
308	170	8	10	3
909	170	9	10	5
213	170	13	10	5
894	170	14	10	4
686	170	6	10	5
829	170	9	10	4
338	170	18	10	5
13	170	13	10	5
877	170	17	10	5
615	170	15	10	4
405	170	5	10	1
661	170	1	10	4
493	170	13	10	3
48	170	8	10	4
639	170	19	10	4
82	170	2	10	4
854	170	14	10	4
312	170	12	10	5
96	170	16	10	5
836	170	16	10	5
828	170	8	10	3
659	170	19	10	3
184	170	4	10	5
527	170	7	10	3
345	170	5	10	5
305	170	5	10	4
360	170	0	10	5
848	170	8	10	5
640	170	0	10	5
429	170	9	10	5
23	170	3	10	4
465	190	5	10	4
655	190	15	10	3
96	190	16	10	4
846	190	6	10	5
327	190	7	10	4
514	190	14	10	5
707	190	7	10	5
420	190	0	10	5
62	190	2	10	5
75	190	15	10	5
537	190	17	10	4
889	190	9	10	3
625	190	5	10	3
871	190	11	10	2
921	190	1	10	2
899	190	19	10	4
239	190	19	10	1
197	190	17	10	3
618	190	18	10	4
934	190	14	10	4
85	190	5	10	4
11	190	11	10	3
457	190	17	10	5
505	190	5	10	4
59	190	19	10	5
380	190	0	10	5
279	190	19	10	3
321	190	1	10	4
826	190	6	10	3
334	190	14	10	4
669	190	9	10	3
883	190	3	10	4
745	190	5	10	5
406	190	6	10	5
13	190	13	10	4
567	190	7	10	4
838	190	18	10	4
890	190	10	10	4
615	190	15	10	3
425	190	5	10	3
7	190	7	10	5
585	190	5	10	4
553	190	13	10	5
405	190	5	10	2
815	190	15	10	5
458	190	18	10	4
498	190	18	10	4
503	190	3	10	5
122	190	2	10	4
125	190	5	10	5
316	190	16	10	5
90	190	10	10	5
864	190	4	10	4
387	190	7	10	5
95	190	15	10	4
144	190	4	10	5
622	190	2	10	4
44	190	4	10	5
350	190	10	10	4
479	190	19	10	4
201	190	1	10	4
354	190	14	10	4
527	190	7	10	4
1	190	1	10	5
92	190	12	10	4
829	190	9	10	4
916	190	16	10	4
805	190	5	10	5
361	190	1	10	5
496	190	16	10	5
763	190	3	10	4
429	190	9	10	5
325	190	5	10	4
437	190	17	10	3
158	190	18	10	5
930	190	10	10	4
288	190	8	10	1
562	190	2	10	4
151	190	11	10	4
918	190	18	10	5
698	190	18	10	5
747	190	7	10	4
533	190	13	10	2
450	190	10	10	4
716	190	16	10	5
474	190	14	10	3
840	190	0	10	5
491	190	11	10	4
235	190	15	10	4
373	190	13	10	5
911	190	11	10	5
417	190	17	10	5
148	190	8	10	2
312	190	12	10	5
896	190	16	10	5
8	190	8	10	4
94	190	14	10	5
299	190	19	10	5
305	190	5	10	3
237	190	17	10	4
488	190	8	10	5
535	190	15	10	4
18	190	18	10	4
234	190	14	10	3
271	190	11	10	4
894	190	14	10	5
608	190	8	10	4
480	190	0	10	5
64	190	4	10	4
128	190	8	10	4
253	190	13	10	5
435	190	15	10	4
536	190	16	10	5
292	190	12	10	5
682	190	2	10	4
481	190	1	10	5
828	190	8	10	3
344	190	4	10	5
295	190	15	10	4
543	190	3	10	5
565	190	5	10	5
339	190	19	10	4
731	190	11	10	5
331	190	11	10	3
535	210	15	10	5
476	210	16	10	4
397	210	17	10	4
236	210	16	10	2
393	210	13	10	4
523	210	3	10	5
622	210	2	10	3
862	210	2	10	4
184	210	4	10	4
83	210	3	10	5
930	210	10	10	2
326	210	6	10	3
847	210	7	10	3
374	210	14	10	4
352	210	12	10	3
758	210	18	10	4
411	210	11	10	5
668	210	8	10	5
407	210	7	10	4
763	210	3	10	3
559	210	19	10	4
42	210	2	10	5
643	210	3	10	4
606	210	6	10	3
835	210	15	10	5
648	210	8	10	4
541	210	1	10	5
370	210	10	10	3
632	210	12	10	5
638	210	18	10	4
741	210	1	10	3
70	210	10	10	4
354	210	14	10	3
600	210	0	10	4
406	210	6	10	5
882	210	2	10	4
653	210	13	10	4
704	210	4	10	4
313	210	13	10	4
19	210	19	10	3
830	210	10	10	5
497	210	17	10	4
193	210	13	10	4
198	210	18	10	4
521	210	1	10	3
751	210	11	10	5
503	210	3	10	5
684	210	4	10	3
943	210	3	10	4
513	210	13	10	5
207	210	7	10	3
230	210	10	10	5
536	210	16	10	5
786	210	6	10	4
623	210	3	10	5
4	210	4	10	3
425	210	5	10	3
650	210	10	10	3
885	210	5	10	5
187	210	7	10	4
922	210	2	10	3
248	210	8	10	3
712	210	12	10	5
94	210	14	10	4
99	210	19	10	5
286	210	6	10	5
487	210	7	10	4
493	210	13	10	5
798	210	18	10	4
62	210	2	10	4
815	210	15	10	2
942	210	2	10	4
269	210	9	10	1
781	210	1	10	4
51	210	11	10	4
709	210	9	10	4
222	210	2	10	4
481	210	1	10	4
183	210	3	10	3
896	210	16	10	4
807	210	7	10	4
371	210	11	10	4
399	210	19	10	3
576	210	16	10	4
664	210	4	10	4
290	210	10	10	5
618	210	18	10	3
843	210	3	10	3
588	210	8	10	4
210	210	10	10	5
472	210	12	10	5
806	210	6	10	5
506	210	6	10	5
693	210	13	10	3
59	210	19	10	4
334	210	14	10	3
831	210	11	10	5
85	210	5	10	3
795	210	15	10	4
299	210	19	10	4
297	210	17	10	4
780	210	0	10	5
91	210	11	10	5
245	210	5	10	3
934	210	14	10	4
836	210	16	10	4
527	210	7	10	4
409	210	9	10	4
251	210	11	10	4
505	210	5	10	4
542	210	2	10	3
345	210	5	10	4
264	210	4	10	5
586	210	6	10	4
838	210	18	10	4
401	210	1	10	4
296	210	16	10	3
826	210	6	10	5
95	210	15	10	5
537	210	17	10	3
311	210	11	10	5
268	210	8	10	3
871	210	11	10	5
654	210	14	10	5
659	210	19	10	5
102	210	2	10	3
880	210	0	10	4
805	210	5	10	3
246	210	6	10	3
528	210	8	10	5
256	210	16	10	4
128	210	8	10	4
466	210	6	10	4
178	210	18	10	5
262	210	2	10	3
64	210	4	10	3
698	210	18	10	5
796	210	16	10	3
508	210	8	10	4
545	210	5	10	5
1	210	1	10	4
911	210	11	10	3
840	210	0	10	3
666	210	6	10	2
77	210	17	10	3
488	210	8	10	4
416	210	16	10	5
5	210	5	10	3
663	210	3	10	3
56	210	16	10	5
889	210	9	10	4
161	210	1	10	2
453	210	13	10	4
254	210	14	10	5
249	210	9	10	3
20	210	0	10	4
627	210	7	10	3
892	210	12	10	4
694	210	14	10	4
524	210	4	10	3
158	210	18	10	4
890	210	10	10	4
87	210	7	10	5
577	210	17	10	3
215	210	15	10	4
500	210	0	10	3
263	210	3	10	3
60	210	0	10	4
474	210	14	10	5
301	210	1	10	4
125	210	5	10	5
118	210	18	10	5
272	210	12	10	5
605	210	5	10	3
846	210	6	10	5
642	210	2	10	5
283	210	3	10	5
667	210	7	10	3
137	210	17	10	5
450	210	10	10	3
217	210	17	10	4
773	210	13	10	2
14	210	14	10	5
734	210	14	10	3
323	210	3	10	4
234	210	14	10	3
756	210	16	10	4
661	210	1	10	5
504	210	4	10	4
151	210	11	10	4
98	210	18	10	4
279	210	19	10	4
106	210	6	10	4
625	210	5	10	3
275	210	15	10	4
749	210	9	10	4
442	210	2	10	3
18	210	18	10	5
117	210	17	10	4
295	210	15	10	4
452	210	12	10	4
109	210	9	10	5
276	210	16	10	4
479	210	19	10	4
870	210	10	10	4
495	210	15	10	5
325	210	5	10	2
610	210	10	10	3
484	210	4	10	5
197	210	17	10	5
774	210	14	10	1
655	210	15	10	3
8	210	8	10	4
727	210	7	10	3
221	210	1	10	5
429	210	9	10	4
259	210	19	10	4
932	210	12	10	4
850	210	10	10	5
913	210	13	10	2
373	210	13	10	5
921	210	1	10	4
897	210	17	10	5
188	210	8	10	4
194	210	14	10	3
58	210	18	10	4
395	210	15	10	5
81	210	1	10	4
538	210	18	10	3
308	210	8	10	4
639	210	19	10	3
456	210	16	10	3
757	210	17	10	4
7	210	7	10	4
665	210	5	10	4
177	210	17	10	4
13	210	13	10	3
532	210	12	10	5
239	210	19	10	4
747	210	7	10	4
363	210	3	10	4
200	210	0	10	5
174	210	14	10	4
716	210	16	10	5
566	210	6	10	4
307	210	7	10	2
435	210	15	10	4
360	210	0	10	4
291	210	11	10	5
48	210	8	10	3
201	210	1	10	2
933	210	13	10	3
705	210	5	10	5
887	210	7	10	5
823	210	3	10	4
305	210	5	10	3
320	210	0	10	5
901	210	1	10	4
498	210	18	10	2
114	210	14	10	3
344	210	4	10	4
927	210	7	10	5
499	210	19	10	3
271	210	11	10	4
883	210	3	10	4
710	210	10	10	4
868	210	8	10	5
417	210	17	10	3
867	210	7	10	5
603	210	3	10	4
267	210	7	10	4
682	210	2	10	4
332	210	12	10	5
437	210	17	10	3
533	210	13	10	5
551	210	11	10	4
92	210	12	10	4
327	210	7	10	3
336	210	16	10	5
216	210	16	10	4
514	210	14	10	5
844	210	4	10	4
790	210	10	10	4
43	210	3	10	5
848	210	8	10	5
22	210	2	10	3
563	210	3	10	4
385	210	5	10	1
405	210	5	10	5
130	210	10	10	5
318	210	18	10	4
379	210	19	10	4
303	210	3	10	4
591	210	11	10	3
65	210	5	10	4
389	210	9	10	2
738	210	18	10	5
293	210	13	10	3
346	210	6	10	4
601	210	1	10	4
454	210	14	10	4
347	210	7	10	4
864	210	4	10	4
37	210	17	10	4
378	210	18	10	4
288	210	8	10	3
660	210	0	10	4
72	210	12	10	4
330	210	10	10	5
579	210	19	10	3
394	210	14	10	4
690	210	10	10	3
119	210	19	10	5
910	210	10	10	4
671	210	11	10	5
593	210	13	10	2
916	210	16	10	4
629	210	9	10	5
253	210	13	10	4
903	210	3	10	4
746	210	6	10	5
457	210	17	10	5
640	210	0	10	5
543	210	3	10	3
298	210	18	10	5
350	210	10	10	4
561	210	1	10	3
748	210	8	10	3
804	210	4	10	5
387	210	7	10	4
280	210	0	10	2
435	230	15	10	3
85	230	5	10	3
270	230	10	10	3
373	230	13	10	4
807	230	7	10	4
62	230	2	10	2
862	230	2	10	3
398	230	18	10	3
766	230	6	10	3
588	230	8	10	1
178	230	18	10	4
653	230	13	10	3
210	230	10	10	3
42	230	2	10	5
472	230	12	10	5
222	230	2	10	4
127	230	7	10	5
705	230	5	10	4
1	230	1	10	4
91	230	11	10	4
554	230	14	10	5
264	230	4	10	4
411	230	11	10	3
533	230	13	10	4
648	230	8	10	5
833	230	13	10	1
347	230	7	10	4
698	230	18	10	3
130	230	10	10	3
806	230	6	10	4
110	230	10	10	3
72	230	12	10	1
882	230	2	10	5
788	230	8	10	3
601	230	1	10	4
702	230	2	10	4
297	230	17	10	2
823	230	3	10	3
334	230	14	10	4
211	230	11	10	3
183	230	3	10	5
94	230	14	10	2
711	230	11	10	3
459	230	19	10	4
290	230	10	10	4
92	230	12	10	3
22	230	2	10	4
927	230	7	10	5
562	230	2	10	1
815	230	15	10	5
280	230	0	10	3
483	230	3	10	5
311	230	11	10	5
943	230	3	10	1
474	230	14	10	3
933	230	13	10	3
790	230	10	10	4
235	230	15	10	4
56	230	16	10	5
23	230	3	10	4
394	230	14	10	3
734	230	14	10	2
881	230	1	10	4
288	230	8	10	2
145	230	5	10	5
749	230	9	10	3
756	230	16	10	3
307	230	7	10	5
830	230	10	10	3
455	230	15	10	3
664	230	4	10	3
407	230	7	10	4
694	230	14	10	4
275	230	15	10	3
417	230	17	10	3
536	230	16	10	5
745	230	5	10	2
650	230	10	10	4
932	230	12	10	4
586	230	6	10	2
921	230	1	10	3
712	230	12	10	3
487	230	7	10	5
864	230	4	10	2
215	230	15	10	3
763	230	3	10	3
60	230	0	10	4
566	230	6	10	2
442	230	2	10	3
603	230	3	10	4
327	230	7	10	4
301	230	1	10	4
198	230	18	10	3
10	230	10	10	4
524	230	4	10	3
158	230	18	10	2
399	230	19	10	3
13	230	13	10	3
197	230	17	10	4
846	230	6	10	3
293	230	13	10	2
577	230	17	10	3
804	230	4	10	4
890	230	10	10	3
627	230	7	10	4
774	230	14	10	2
796	230	16	10	5
484	230	4	10	5
843	230	3	10	3
488	230	8	10	3
551	230	11	10	5
303	230	3	10	3
11	230	11	10	4
532	230	12	10	5
295	230	15	10	4
727	230	7	10	3
254	230	14	10	4
315	230	15	10	4
450	230	10	10	4
279	230	19	10	4
16	230	16	10	5
416	230	16	10	4
457	230	17	10	4
868	230	8	10	3
135	230	15	10	3
7	230	7	10	3
162	230	2	10	2
64	230	4	10	5
387	230	7	10	3
892	230	12	10	4
59	230	19	10	4
328	230	8	10	3
5	230	5	10	3
922	230	2	10	4
151	230	11	10	3
537	230	17	10	2
716	230	16	10	3
506	230	6	10	4
425	230	5	10	4
545	230	5	10	5
160	230	0	10	2
746	230	6	10	1
337	230	17	10	5
221	230	1	10	3
622	230	2	10	3
880	230	0	10	3
268	230	8	10	3
495	230	15	10	5
508	230	8	10	2
363	230	3	10	2
332	230	12	10	5
479	230	19	10	4
606	230	6	10	2
28	230	8	10	4
109	230	9	10	5
497	230	17	10	2
102	230	2	10	2
313	230	13	10	3
521	230	1	10	3
584	230	4	10	4
194	230	14	10	1
37	230	17	10	4
374	230	14	10	5
326	230	6	10	3
405	230	5	10	2
246	230	6	10	3
82	230	2	10	2
276	230	16	10	4
87	230	7	10	5
638	230	18	10	5
308	230	8	10	4
256	230	16	10	4
70	230	10	10	4
897	230	17	10	4
660	230	0	10	3
916	230	16	10	3
379	230	19	10	4
826	230	6	10	4
757	230	17	10	4
267	230	7	10	4
201	230	1	10	3
786	230	6	10	4
886	230	6	10	2
600	230	0	10	4
758	230	18	10	4
661	230	1	10	4
542	230	2	10	4
429	230	9	10	2
901	230	1	10	5
899	230	19	10	4
778	230	18	10	2
44	230	4	10	2
378	230	18	10	3
709	230	9	10	2
200	230	0	10	5
896	230	16	10	4
738	230	18	10	4
561	230	1	10	3
693	230	13	10	2
516	250	16	10	4
867	250	7	10	4
119	250	19	10	2
320	250	0	10	4
109	250	9	10	2
248	250	8	10	3
268	250	8	10	4
159	250	19	10	3
807	250	7	10	4
141	250	1	10	4
676	250	16	10	4
121	250	1	10	2
221	250	1	10	5
160	250	0	10	4
460	250	0	10	2
727	250	7	10	5
938	250	18	10	3
301	250	1	10	4
500	250	0	10	4
279	250	19	10	3
647	250	7	10	3
249	250	9	10	4
796	250	16	10	5
931	250	11	10	2
53	250	13	10	2
852	250	12	10	4
1	250	1	10	4
528	250	8	10	3
548	250	8	10	5
540	250	0	10	4
416	250	16	10	4
851	250	11	10	5
507	250	7	10	5
831	250	11	10	5
560	250	0	10	4
580	250	0	10	5
521	250	1	10	3
648	250	8	10	4
896	250	16	10	3
751	250	11	10	3
407	250	7	10	4
339	250	19	10	5
916	250	16	10	4
711	250	11	10	2
748	250	8	10	5
387	250	7	10	4
758	250	18	10	4
329	250	9	10	3
910	250	10	10	1
359	250	19	10	4
671	250	11	10	5
367	250	7	10	5
592	250	12	10	4
601	250	1	10	4
621	250	1	10	4
936	250	16	10	5
130	250	10	10	3
327	250	7	10	2
552	250	12	10	3
5	250	5	10	3
738	250	18	10	4
293	250	13	10	3
660	250	0	10	4
287	250	7	10	3
267	250	7	10	5
532	250	12	10	3
883	250	3	10	3
22	250	2	10	5
227	250	7	10	2
606	250	6	10	4
62	250	2	10	5
459	250	19	10	5
85	250	5	10	3
296	250	16	10	2
843	250	3	10	4
472	250	12	10	5
479	250	19	10	4
586	250	6	10	3
578	250	18	10	2
432	250	12	10	1
291	250	11	10	4
145	250	5	10	5
901	250	1	10	3
392	250	12	10	3
546	250	6	10	4
526	250	6	10	2
222	250	2	10	2
894	250	14	10	4
57	250	17	10	3
77	250	17	10	3
393	250	13	10	4
880	250	0	10	3
854	250	14	10	4
251	250	11	10	3
506	250	6	10	2
137	250	17	10	5
157	250	17	10	1
458	250	18	10	1
429	250	9	10	2
486	250	6	10	1
413	250	13	10	3
790	250	10	10	5
774	250	14	10	3
270	250	10	10	2
422	250	2	10	5
292	250	12	10	3
714	250	14	10	5
276	250	16	10	4
343	250	3	10	5
232	250	12	10	4
654	250	14	10	1
770	250	10	10	5
297	250	17	10	1
582	250	2	10	3
493	250	13	10	4
337	250	17	10	3
699	250	19	10	4
385	250	5	10	3
513	250	13	10	3
622	250	2	10	4
23	250	3	10	4
642	250	2	10	5
417	250	17	10	4
864	250	4	10	3
682	250	2	10	4
43	250	3	10	2
92	250	12	10	4
603	250	3	10	5
454	250	14	10	4
346	250	6	10	3
742	250	2	10	3
782	250	2	10	4
52	250	12	10	3
63	250	3	10	5
825	250	5	10	5
176	250	16	10	4
394	250	14	10	4
899	250	19	10	2
32	250	12	10	4
804	250	4	10	4
919	250	19	10	3
649	250	9	10	3
862	250	2	10	5
425	250	5	10	4
497	250	17	10	3
103	250	3	10	4
286	250	6	10	4
116	250	16	10	4
902	250	2	10	4
815	250	15	10	1
689	250	9	10	5
922	250	2	10	2
334	250	14	10	3
483	250	3	10	3
183	250	3	10	2
44	250	4	10	5
203	250	3	10	4
644	250	4	10	4
463	250	3	10	4
246	250	6	10	4
624	250	4	10	4
709	250	9	10	4
95	250	15	10	4
178	250	18	10	4
294	250	14	10	5
525	250	5	10	3
733	250	13	10	1
226	250	6	10	4
715	250	15	10	2
263	250	3	10	2
158	250	18	10	4
597	250	17	10	4
186	250	6	10	1
630	250	10	10	1
104	250	4	10	3
625	250	5	10	4
793	250	13	10	4
484	250	4	10	4
749	250	9	10	3
214	250	14	10	2
697	250	17	10	4
717	250	17	10	1
833	250	13	10	3
363	250	3	10	1
26	250	6	10	3
655	250	15	10	3
435	250	15	10	4
184	250	4	10	4
757	250	17	10	4
303	250	3	10	4
324	250	4	10	4
829	250	9	10	3
455	250	15	10	3
837	250	17	10	2
889	250	9	10	4
94	250	14	10	4
54	250	14	10	4
222	270	2	10	2
915	270	15	10	3
176	270	16	10	4
100	270	0	10	3
359	270	19	10	4
587	270	7	10	4
130	270	10	10	5
171	270	11	10	4
13	270	13	10	4
191	270	11	10	3
650	270	10	10	4
798	270	18	10	4
380	270	0	10	3
408	270	8	10	5
125	270	5	10	4
29	270	9	10	4
919	270	19	10	4
526	270	6	10	3
39	270	19	10	4
699	270	19	10	4
357	270	17	10	5
226	270	6	10	4
353	270	13	10	2
846	270	6	10	3
489	270	9	10	4
181	270	1	10	4
762	270	2	10	4
557	270	17	10	3
782	270	2	10	4
920	270	0	10	3
1	270	1	10	5
796	270	16	10	4
544	270	4	10	3
854	270	14	10	4
537	270	17	10	3
713	270	13	10	2
683	270	3	10	3
574	270	14	10	3
758	270	18	10	4
841	270	1	10	4
548	270	8	10	5
276	270	16	10	4
898	270	18	10	4
641	270	1	10	3
303	270	3	10	4
842	270	2	10	5
262	270	2	10	3
863	270	3	10	3
529	270	9	10	4
775	270	15	10	2
232	270	12	10	3
328	270	8	10	2
129	270	9	10	3
621	270	1	10	4
871	270	11	10	5
757	270	17	10	3
666	270	6	10	3
40	270	0	10	3
339	270	19	10	2
417	270	17	10	2
446	270	6	10	4
414	270	14	10	5
451	270	11	10	4
404	270	4	10	4
76	270	16	10	3
750	270	10	10	4
894	270	14	10	3
450	270	10	10	4
299	270	19	10	4
540	270	0	10	4
250	270	10	10	4
463	270	3	10	3
420	270	0	10	3
624	270	4	10	3
379	270	19	10	3
695	270	15	10	4
464	270	4	10	4
843	270	3	10	4
629	270	9	10	3
105	270	5	10	5
90	270	10	10	4
752	270	12	10	4
813	270	13	10	5
502	270	2	10	2
215	270	15	10	3
697	270	17	10	5
676	270	16	10	4
49	270	9	10	2
867	270	7	10	5
479	270	19	10	4
853	270	13	10	4
85	270	5	10	3
655	270	15	10	4
165	270	5	10	4
324	270	4	10	5
147	270	7	10	3
241	270	1	10	3
363	270	3	10	2
626	270	6	10	2
856	270	16	10	3
145	270	5	10	5
422	270	2	10	3
751	270	11	10	4
116	270	16	10	3
413	270	13	10	4
486	270	6	10	2
260	270	0	10	5
284	270	4	10	3
393	270	13	10	5
448	270	8	10	5
483	270	3	10	3
104	270	4	10	4
392	270	12	10	4
86	270	6	10	5
285	270	5	10	4
454	270	14	10	4
828	270	8	10	5
883	270	3	10	4
831	270	11	10	4
455	270	15	10	4
681	270	1	10	1
656	270	16	10	3
409	270	9	10	2
302	270	2	10	2
560	270	0	10	4
183	270	3	10	3
784	270	4	10	3
808	270	8	10	4
177	270	17	10	1
628	270	8	10	5
487	270	7	10	5
877	270	17	10	4
62	270	2	10	2
906	270	6	10	4
354	270	14	10	5
788	270	8	10	2
303	290	3	10	4
268	290	8	10	3
931	290	11	10	2
521	290	1	10	3
916	290	16	10	3
22	290	2	10	5
417	290	17	10	4
279	290	19	10	4
717	290	17	10	3
234	290	14	10	3
534	290	14	10	4
889	290	9	10	2
334	290	14	10	3
385	290	5	10	3
181	290	1	10	2
244	290	4	10	3
825	290	5	10	4
679	290	19	10	2
249	290	9	10	2
42	290	2	10	3
11	290	11	10	3
167	290	7	10	3
104	290	4	10	4
207	290	7	10	2
677	290	17	10	1
295	290	15	10	4
62	290	2	10	3
363	290	3	10	3
447	290	7	10	4
922	290	2	10	4
347	290	7	10	3
382	290	2	10	4
43	290	3	10	4
894	290	14	10	2
804	290	4	10	4
99	290	19	10	4
393	290	13	10	3
669	290	9	10	2
108	290	8	10	4
601	290	1	10	3
276	290	16	10	4
893	290	13	10	3
293	290	13	10	2
248	290	8	10	3
483	290	3	10	3
650	290	10	10	2
429	290	9	10	3
682	290	2	10	1
450	290	10	10	4
141	290	1	10	1
439	290	19	10	4
407	290	7	10	3
32	290	12	10	3
291	290	11	10	4
897	290	17	10	4
653	290	13	10	3
151	290	11	10	1
537	290	17	10	2
851	290	11	10	4
595	290	15	10	4
75	290	15	10	4
286	290	6	10	3
79	290	19	10	3
435	290	15	10	3
634	290	14	10	3
747	290	7	10	3
210	290	10	10	4
938	290	18	10	3
49	290	9	10	2
336	290	16	10	3
852	290	12	10	4
741	290	1	10	3
847	290	7	10	4
882	290	2	10	4
452	290	12	10	2
13	290	13	10	4
130	290	10	10	3
660	290	0	10	4
59	290	19	10	3
864	290	4	10	3
95	290	15	10	3
907	290	7	10	4
648	290	8	10	3
344	290	4	10	2
157	290	17	10	4
758	290	18	10	5
158	290	18	10	4
872	290	12	10	2
733	290	13	10	4
854	290	14	10	1
373	290	13	10	5
524	290	4	10	2
252	290	12	10	3
2	290	2	10	3
125	290	5	10	4
885	290	5	10	1
440	310	0	10	3
85	310	5	10	3
179	310	19	10	4
258	310	18	10	5
424	310	4	10	3
504	310	4	10	4
931	310	11	10	3
673	310	13	10	5
271	310	11	10	3
281	310	1	10	4
112	310	12	10	4
351	310	11	10	5
804	310	4	10	4
428	310	8	10	4
393	310	13	10	4
860	310	0	10	4
284	310	4	10	3
190	310	10	10	4
550	310	10	10	5
99	310	19	10	3
115	310	15	10	3
752	310	12	10	1
423	310	3	10	3
6	310	6	10	2
15	310	15	10	4
119	310	19	10	5
880	310	0	10	3
304	310	4	10	3
104	310	4	10	2
661	310	1	10	2
830	310	10	10	4
324	310	4	10	4
551	310	11	10	4
666	310	6	10	5
241	310	1	10	4
462	310	2	10	5
726	310	6	10	4
768	310	8	10	4
206	310	6	10	5
587	310	7	10	3
697	310	17	10	3
388	310	8	10	5
835	310	15	10	4
856	310	16	10	3
149	310	9	10	2
589	310	9	10	5
624	310	4	10	4
710	310	10	10	3
454	310	14	10	4
863	310	3	10	5
244	310	4	10	3
829	310	9	10	3
507	310	7	10	4
772	310	12	10	4
64	310	4	10	4
940	310	0	10	3
36	310	16	10	4
751	310	11	10	3
851	310	11	10	5
540	310	0	10	4
392	310	12	10	4
720	310	0	10	4
416	310	16	10	5
58	310	18	10	4
813	310	13	10	4
707	310	7	10	4
356	310	16	10	3
211	310	11	10	3
871	310	11	10	3
910	310	10	10	3
696	310	16	10	4
82	310	2	10	4
414	310	14	10	4
529	310	9	10	4
355	310	15	10	4
40	310	0	10	3
338	310	18	10	3
19	310	19	10	4
775	310	15	10	3
532	310	12	10	4
2	310	2	10	4
463	310	3	10	3
713	310	13	10	4
630	310	10	10	3
653	310	13	10	4
548	310	8	10	3
524	310	4	10	4
755	310	15	10	4
894	310	14	10	3
655	310	15	10	3
516	310	16	10	4
528	310	8	10	3
520	310	0	10	4
845	310	5	10	4
646	310	6	10	3
729	310	9	10	3
13	310	13	10	4
898	310	18	10	4
129	310	9	10	2
681	310	1	10	3
90	310	10	10	3
61	310	1	10	4
311	310	11	10	4
404	310	4	10	4
449	310	9	10	3
34	310	14	10	4
872	310	12	10	4
920	310	0	10	4
208	310	8	10	4
193	310	13	10	4
544	310	4	10	2
334	310	14	10	3
450	310	10	10	4
100	310	0	10	3
204	310	4	10	1
758	310	18	10	3
537	310	17	10	3
913	310	13	10	3
116	310	16	10	4
919	310	19	10	3
171	310	11	10	4
869	310	9	10	4
489	310	9	10	4
631	310	11	10	4
722	310	2	10	4
724	310	4	10	5
782	310	2	10	4
379	310	19	10	4
145	310	5	10	4
159	310	19	10	5
942	310	2	10	4
896	310	16	10	4
787	310	7	10	5
915	310	15	10	3
425	310	5	10	3
408	310	8	10	4
669	310	9	10	4
374	310	14	10	5
574	310	14	10	4
784	310	4	10	4
509	310	9	10	1
515	310	15	10	3
126	310	6	10	2
608	310	8	10	1
445	310	5	10	1
341	330	1	10	5
663	330	3	10	4
510	330	10	10	2
451	330	11	10	3
489	330	9	10	4
445	330	5	10	2
628	330	8	10	5
802	330	2	10	2
462	330	2	10	3
783	330	3	10	1
710	330	10	10	3
592	330	12	10	3
894	330	14	10	3
644	330	4	10	4
537	330	17	10	2
130	330	10	10	4
141	330	1	10	1
303	330	3	10	3
721	330	1	10	3
21	330	1	10	4
504	330	4	10	4
458	330	18	10	3
519	330	19	10	5
853	330	13	10	1
104	330	4	10	1
587	330	7	10	3
626	330	6	10	3
3	330	3	10	2
851	330	11	10	3
186	330	6	10	4
750	330	10	10	2
181	330	1	10	1
286	330	6	10	5
655	330	15	10	2
595	330	15	10	4
532	330	12	10	4
485	330	5	10	3
782	330	2	10	4
863	330	3	10	2
416	330	16	10	3
698	330	18	10	4
102	350	2	10	3
130	350	10	10	4
920	350	0	10	4
126	350	6	10	2
142	350	2	10	4
758	350	18	10	4
757	350	17	10	3
502	350	2	10	3
440	350	0	10	5
894	350	14	10	3
787	350	7	10	1
872	350	12	10	3
428	350	8	10	4
702	350	2	10	1
466	350	6	10	4
116	350	16	10	3
294	350	14	10	4
519	350	19	10	5
478	350	18	10	1
863	350	3	10	1
363	350	3	10	1
442	350	2	10	2
592	350	12	10	4
317	350	17	10	5
3	350	3	10	3
587	350	7	10	3
319	350	19	10	3
683	350	3	10	2
598	350	18	10	4
752	350	12	10	4
405	350	5	10	1
241	350	1	10	2
611	350	11	10	4
782	350	2	10	4
362	350	2	10	5
328	350	8	10	3
619	350	19	10	3
260	350	0	10	4
13	350	13	10	2
332	350	12	10	4
11	350	11	10	4
328	370	8	10	3
181	370	1	10	2
500	370	0	10	3
825	370	5	10	3
788	370	8	10	2
548	370	8	10	3
79	370	19	10	2
270	370	10	10	5
654	370	14	10	2
518	370	18	10	4
332	370	12	10	2
457	370	17	10	3
201	370	1	10	1
330	370	10	10	4
534	370	14	10	4
588	370	8	10	5
378	370	18	10	2
403	370	3	10	3
504	370	4	10	3
92	370	12	10	1
236	370	16	10	3
363	370	3	10	3
164	370	4	10	5
256	370	16	10	3
699	370	19	10	3
21	370	1	10	1
666	370	6	10	2
226	370	6	10	3
101	370	1	10	2
472	370	12	10	4
268	370	8	10	2
27	370	7	10	4
348	370	8	10	4
11	370	11	10	3
349	370	9	10	2
5	370	5	10	1
938	370	18	10	5
13	370	13	10	1
422	370	2	10	2
373	390	13	10	3
286	390	6	10	1
747	390	7	10	4
303	390	3	10	3
370	390	10	10	1
5	390	5	10	5
279	390	19	10	3
94	390	14	10	5
397	390	17	10	3
116	390	16	10	4
301	410	1	10	4
582	410	2	10	3
643	410	3	10	4
207	410	7	10	3
880	410	0	10	4
222	410	2	10	2
614	410	14	10	3
638	410	18	10	4
887	410	7	10	4
770	410	10	10	4
637	410	17	10	2
152	410	12	10	4
648	410	8	10	2
198	410	18	10	1
822	410	2	10	1
498	410	18	10	3
57	410	17	10	3
276	410	16	10	4
332	410	12	10	4
339	410	19	10	2
478	410	18	10	3
518	410	18	10	3
555	410	15	10	4
393	410	13	10	4
244	410	4	10	4
457	410	17	10	4
490	410	10	10	4
706	410	6	10	4
633	410	13	10	2
342	410	2	10	3
653	410	13	10	1
692	410	12	10	5
157	410	17	10	4
543	410	3	10	3
447	410	7	10	2
595	410	15	10	4
347	410	7	10	5
936	410	16	10	3
145	410	5	10	4
291	410	11	10	5
193	410	13	10	3
897	410	17	10	3
903	410	3	10	4
94	410	14	10	4
141	410	1	10	4
859	410	19	10	4
592	410	12	10	5
689	410	9	10	1
178	410	18	10	4
930	410	10	10	3
6	410	6	10	4
774	410	14	10	1
601	410	1	10	4
893	410	13	10	4
402	410	2	10	1
109	410	9	10	1
445	410	5	10	1
501	410	1	10	4
117	410	17	10	3
458	410	18	10	1
823	410	3	10	4
432	410	12	10	4
343	410	3	10	3
839	410	19	10	1
387	410	7	10	3
314	410	14	10	5
327	410	7	10	2
795	410	15	10	2
463	410	3	10	1
119	410	19	10	1
621	410	1	10	4
99	410	19	10	5
422	410	2	10	5
324	410	4	10	5
927	410	7	10	1
829	410	9	10	3
703	410	3	10	4
429	410	9	10	4
851	410	11	10	4
456	410	16	10	4
5	410	5	10	1
200	410	0	10	3
474	410	14	10	2
92	410	12	10	3
435	410	15	10	5
442	410	2	10	4
552	410	12	10	3
551	410	11	10	5
184	410	4	10	3
933	410	13	10	3
624	410	4	10	4
294	410	14	10	4
714	410	14	10	3
271	410	11	10	2
269	410	9	10	4
246	410	6	10	1
868	410	8	10	3
336	410	16	10	3
682	410	2	10	3
38	410	18	10	3
899	410	19	10	1
449	410	9	10	3
528	410	8	10	4
666	410	6	10	2
130	410	10	10	5
847	410	7	10	1
663	410	3	10	3
886	410	6	10	4
16	410	16	10	5
26	410	6	10	2
158	410	18	10	3
715	410	15	10	4
150	410	10	10	4
727	410	7	10	2
506	410	6	10	2
665	410	5	10	3
577	410	17	10	3
252	410	12	10	5
524	410	4	10	2
267	410	7	10	4
87	410	7	10	4
900	410	0	10	2
308	410	8	10	4
674	410	14	10	3
81	410	1	10	4
453	410	13	10	4
265	410	5	10	4
833	410	13	10	3
561	410	1	10	1
586	410	6	10	3
59	410	19	10	3
642	410	2	10	1
194	410	14	10	3
719	410	19	10	1
303	410	3	10	4
730	410	10	10	1
403	410	3	10	2
389	410	9	10	3
534	410	14	10	5
293	410	13	10	2
542	410	2	10	4
923	410	3	10	3
406	410	6	10	4
56	410	16	10	4
378	410	18	10	3
42	410	2	10	3
160	410	0	10	4
921	410	1	10	2
938	410	18	10	1
261	410	1	10	5
218	410	18	10	3
13	410	13	10	1
279	410	19	10	5
655	410	15	10	2
493	410	13	10	4
606	410	6	10	3
181	410	1	10	1
289	410	9	10	2
144	410	4	10	3
320	410	0	10	4
634	410	14	10	4
75	410	15	10	5
234	430	14	10	4
523	430	3	10	4
97	430	17	10	5
498	430	18	10	4
271	430	11	10	5
889	430	9	10	4
429	430	9	10	4
499	430	19	10	3
913	430	13	10	2
7	430	7	10	3
901	430	1	10	3
476	430	16	10	4
264	430	4	10	5
312	430	12	10	5
458	430	18	10	5
151	430	11	10	4
18	430	18	10	4
325	430	5	10	5
747	430	7	10	4
10	430	10	10	3
452	430	12	10	3
833	430	13	10	4
308	430	8	10	4
435	430	15	10	5
716	430	16	10	5
881	430	1	10	4
840	430	0	10	5
450	430	10	10	4
125	430	5	10	4
239	430	19	10	3
409	430	9	10	4
313	430	13	10	5
522	430	2	10	5
297	430	17	10	1
160	430	0	10	5
398	430	18	10	4
82	430	2	10	5
749	430	9	10	4
932	430	12	10	4
426	430	6	10	3
645	430	5	10	5
172	430	12	10	3
303	430	3	10	4
940	430	0	10	4
41	430	1	10	5
643	430	3	10	5
385	430	5	10	5
11	430	11	10	3
60	430	0	10	5
13	430	13	10	5
638	430	18	10	5
90	430	10	10	3
892	430	12	10	5
59	430	19	10	5
533	430	13	10	5
918	430	18	10	1
524	430	4	10	3
158	430	18	10	5
321	430	1	10	3
22	430	2	10	4
514	430	14	10	4
846	430	6	10	3
406	430	6	10	4
14	430	14	10	5
660	430	0	10	4
208	430	8	10	4
666	430	6	10	4
361	430	1	10	5
405	430	5	10	1
474	430	14	10	3
25	430	5	10	4
293	430	13	10	3
567	430	7	10	4
401	430	1	10	2
5	430	5	10	5
883	430	3	10	5
568	430	8	10	3
389	430	9	10	5
848	430	8	10	5
896	430	16	10	3
481	430	1	10	4
334	430	14	10	4
537	430	17	10	3
650	430	10	10	4
758	430	18	10	5
686	430	6	10	4
503	430	3	10	5
648	430	8	10	5
387	430	7	10	3
561	430	1	10	3
218	430	18	10	3
298	430	18	10	5
506	430	6	10	4
13	450	13	10	3
56	450	16	10	3
399	450	19	10	2
194	450	14	10	1
843	450	3	10	2
127	450	7	10	5
457	450	17	10	4
130	450	10	10	2
497	450	17	10	2
600	450	0	10	4
622	450	2	10	1
295	450	15	10	4
394	450	14	10	3
943	450	3	10	1
823	450	3	10	1
536	450	16	10	2
896	450	16	10	1
807	450	7	10	4
70	450	10	10	1
303	450	3	10	3
922	450	2	10	4
222	450	2	10	3
268	450	8	10	1
334	450	14	10	1
702	450	2	10	1
7	450	7	10	4
483	450	3	10	4
276	450	16	10	1
650	450	10	10	1
183	450	3	10	3
774	450	14	10	2
437	450	17	10	3
664	450	4	10	3
44	450	4	10	2
95	450	15	10	2
405	450	5	10	1
145	450	5	10	3
442	450	2	10	3
5	450	5	10	1
603	450	3	10	3
307	450	7	10	2
757	450	17	10	2
279	450	19	10	4
533	450	13	10	5
215	450	15	10	2
584	450	4	10	2
332	450	12	10	5
28	450	8	10	1
38	450	18	10	1
532	450	12	10	2
638	450	18	10	1
275	450	15	10	3
337	450	17	10	2
417	450	17	10	2
92	450	12	10	2
378	450	18	10	3
290	450	10	10	2
267	450	7	10	2
796	450	16	10	3
102	450	2	10	1
545	450	5	10	2
158	450	18	10	3
374	450	14	10	4
749	470	9	10	5
301	470	1	10	4
144	470	4	10	2
188	470	8	10	5
716	470	16	10	4
186	470	6	10	5
328	470	8	10	4
207	470	7	10	3
506	470	6	10	4
234	470	14	10	2
59	470	19	10	3
194	470	14	10	3
586	470	6	10	4
399	470	19	10	4
311	470	11	10	3
642	470	2	10	4
577	470	17	10	5
643	470	3	10	4
627	470	7	10	3
880	470	0	10	4
279	470	19	10	3
715	470	15	10	4
267	470	7	10	4
618	470	18	10	3
135	470	15	10	4
892	470	12	10	4
450	470	10	10	5
870	470	10	10	3
532	470	12	10	5
221	470	1	10	3
514	470	14	10	3
332	470	12	10	5
694	470	14	10	4
727	470	7	10	5
378	470	18	10	3
115	470	15	10	2
561	470	1	10	3
889	470	9	10	4
474	470	14	10	3
846	470	6	10	5
130	470	10	10	2
660	470	0	10	2
246	470	6	10	4
442	470	2	10	4
757	470	17	10	3
223	470	3	10	4
345	470	5	10	4
899	470	19	10	4
868	470	8	10	1
864	470	4	10	4
314	470	14	10	3
200	470	0	10	4
330	470	10	10	5
551	470	11	10	5
295	470	15	10	3
435	470	15	10	2
738	470	18	10	4
479	470	19	10	5
790	470	10	10	4
709	470	9	10	3
7	470	7	10	3
122	470	2	10	3
416	470	16	10	4
537	470	17	10	2
887	470	7	10	3
10	470	10	10	4
405	470	5	10	1
276	470	16	10	3
44	470	4	10	3
487	470	7	10	5
151	470	11	10	3
943	470	3	10	4
145	470	5	10	5
805	470	5	10	5
536	470	16	10	5
896	470	16	10	2
933	470	13	10	4
682	470	2	10	5
291	470	11	10	3
788	470	8	10	3
198	470	18	10	3
6	470	6	10	3
495	470	15	10	5
320	470	0	10	5
530	470	10	10	3
177	470	17	10	5
346	470	6	10	3
429	470	9	10	5
447	470	7	10	4
393	470	13	10	4
347	470	7	10	5
897	470	17	10	4
94	470	14	10	4
807	470	7	10	5
268	470	8	10	3
224	470	4	10	4
222	470	2	10	3
387	470	7	10	3
882	470	2	10	4
303	470	3	10	4
632	470	12	10	4
271	470	11	10	3
916	470	16	10	3
457	470	17	10	5
593	470	13	10	2
932	470	12	10	3
436	470	16	10	4
275	470	15	10	3
31	490	11	10	4
389	490	9	10	3
524	490	4	10	3
338	490	18	10	5
751	490	11	10	4
454	490	14	10	2
469	490	9	10	5
401	490	1	10	3
253	490	13	10	5
846	490	6	10	4
659	490	19	10	4
698	490	18	10	3
716	490	16	10	4
669	490	9	10	5
506	490	6	10	3
537	490	17	10	4
271	490	11	10	4
312	490	12	10	5
608	490	8	10	4
870	490	10	10	3
128	490	8	10	5
456	490	16	10	4
426	490	6	10	4
850	490	10	10	5
234	490	14	10	4
883	490	3	10	4
474	490	14	10	5
932	490	12	10	4
694	490	14	10	4
60	490	0	10	4
567	490	7	10	4
553	490	13	10	4
479	490	19	10	4
58	490	18	10	4
279	490	19	10	3
452	490	12	10	4
391	490	11	10	4
308	490	8	10	4
59	490	19	10	4
151	490	11	10	5
90	490	10	10	5
707	490	7	10	2
848	490	8	10	5
406	490	6	10	3
450	490	10	10	5
504	490	4	10	4
881	490	1	10	4
647	490	7	10	4
313	490	13	10	4
6	490	6	10	5
719	510	19	10	4
7	510	7	10	5
469	510	9	10	4
882	510	2	10	5
796	510	16	10	3
532	510	12	10	5
536	510	16	10	4
480	510	0	10	4
855	510	15	10	4
452	510	12	10	4
60	510	0	10	5
514	510	14	10	3
488	510	8	10	4
653	510	13	10	2
296	510	16	10	5
671	510	11	10	3
16	510	16	10	4
308	510	8	10	3
638	510	18	10	3
326	510	6	10	5
731	510	11	10	1
561	510	1	10	3
429	510	9	10	4
6	510	6	10	4
780	510	0	10	4
749	510	9	10	4
758	510	18	10	3
660	510	0	10	3
648	510	8	10	5
22	510	2	10	5
807	510	7	10	5
828	510	8	10	3
871	510	11	10	3
450	510	10	10	4
156	510	16	10	4
407	510	7	10	4
505	510	5	10	3
59	510	19	10	4
271	510	11	10	4
153	510	13	10	3
178	510	18	10	4
158	510	18	10	3
600	510	0	10	5
776	510	16	10	5
8	510	8	10	4
497	510	17	10	3
197	510	17	10	5
632	510	12	10	5
145	510	5	10	4
95	510	15	10	4
405	510	5	10	1
763	510	3	10	4
343	510	3	10	5
710	510	10	10	4
312	510	12	10	5
389	510	9	10	3
263	510	3	10	4
639	510	19	10	3
416	510	16	10	4
373	510	13	10	3
325	510	5	10	4
91	510	11	10	3
299	510	19	10	5
830	510	10	10	4
87	510	7	10	5
464	510	4	10	4
328	510	8	10	5
747	510	7	10	5
506	510	6	10	5
766	510	6	10	3
194	510	14	10	4
94	510	14	10	5
650	510	10	10	3
253	510	13	10	5
788	510	8	10	5
804	510	4	10	5
334	510	14	10	4
774	510	14	10	2
483	510	3	10	3
13	510	13	10	5
712	510	12	10	2
666	510	6	10	4
122	510	2	10	4
694	510	14	10	5
585	510	5	10	5
85	510	5	10	4
311	510	11	10	4
484	510	4	10	4
466	510	6	10	2
727	510	7	10	4
293	510	13	10	3
658	510	18	10	3
188	510	8	10	3
745	510	5	10	3
236	510	16	10	3
884	510	4	10	5
392	510	12	10	4
10	510	10	10	5
897	510	17	10	3
292	510	12	10	4
545	510	5	10	3
627	510	7	10	4
826	510	6	10	4
398	510	18	10	4
846	510	6	10	4
18	510	18	10	4
234	510	14	10	4
426	510	6	10	4
225	510	5	10	5
321	510	1	10	5
932	510	12	10	4
102	510	2	10	4
402	510	2	10	5
189	510	9	10	5
522	510	2	10	5
934	510	14	10	5
479	510	19	10	4
753	510	13	10	4
391	510	11	10	5
474	510	14	10	4
537	510	17	10	3
537	530	17	10	4
305	530	5	10	5
405	530	5	10	1
568	530	8	10	3
13	530	13	10	5
747	530	7	10	5
458	530	18	10	4
339	530	19	10	5
7	530	7	10	5
308	530	8	10	4
14	530	14	10	5
796	530	16	10	3
916	530	16	10	4
102	530	2	10	3
379	530	19	10	5
474	530	14	10	5
766	530	6	10	4
650	530	10	10	4
848	530	8	10	5
158	530	18	10	4
911	530	11	10	4
658	530	18	10	4
774	530	14	10	5
23	530	3	10	4
583	530	3	10	4
316	530	16	10	2
454	530	14	10	2
239	530	19	10	5
391	530	11	10	5
44	530	4	10	5
344	530	4	10	4
606	530	6	10	4
72	530	12	10	4
627	530	7	10	3
613	530	13	10	5
321	530	1	10	4
380	530	0	10	5
115	530	15	10	5
499	530	19	10	4
469	530	9	10	5
312	530	12	10	5
343	530	3	10	5
194	530	14	10	4
450	530	10	10	3
600	530	0	10	4
694	530	14	10	5
913	530	13	10	2
883	530	3	10	3
279	530	19	10	3
932	530	12	10	4
897	530	17	10	3
6	530	6	10	4
843	530	3	10	3
409	530	9	10	4
524	530	4	10	4
234	530	14	10	4
666	530	6	10	3
881	530	1	10	5
18	530	18	10	4
561	530	1	10	4
167	530	7	10	5
890	530	10	10	4
522	530	2	10	4
326	530	6	10	5
90	530	10	10	3
429	530	9	10	4
452	530	12	10	3
271	530	11	10	4
298	530	18	10	5
325	530	5	10	4
311	530	11	10	3
269	530	9	10	3
387	530	7	10	4
350	530	10	10	4
85	530	5	10	3
506	530	6	10	5
878	530	18	10	5
10	530	10	10	4
846	530	6	10	5
197	530	17	10	3
778	550	18	10	4
766	550	6	10	3
378	550	18	10	2
394	550	14	10	4
897	550	17	10	3
222	550	2	10	3
600	550	0	10	4
559	550	19	10	4
886	550	6	10	4
339	550	19	10	2
671	550	11	10	3
194	550	14	10	3
435	550	15	10	3
8	550	8	10	3
749	550	9	10	4
506	550	6	10	4
399	550	19	10	3
805	550	5	10	3
109	550	9	10	5
56	550	16	10	4
363	550	3	10	4
577	550	17	10	3
883	550	3	10	3
374	550	14	10	5
543	550	3	10	2
87	550	7	10	4
916	550	16	10	2
618	550	18	10	3
158	550	18	10	3
221	550	1	10	4
387	550	7	10	2
43	550	3	10	3
308	550	8	10	4
756	550	16	10	2
320	550	0	10	5
326	550	6	10	5
545	550	5	10	3
130	550	10	10	5
627	550	7	10	1
843	550	3	10	3
484	550	4	10	4
864	550	4	10	4
303	550	3	10	3
405	550	5	10	2
267	550	7	10	4
279	550	19	10	4
456	550	16	10	2
246	550	6	10	3
38	550	18	10	2
466	550	6	10	3
757	550	17	10	3
95	550	15	10	4
846	550	6	10	4
102	550	2	10	2
630	550	10	10	3
586	550	6	10	4
450	550	10	10	4
826	550	6	10	3
746	550	6	10	4
655	550	15	10	2
436	550	16	10	4
311	550	11	10	3
119	550	19	10	4
738	550	18	10	3
345	550	5	10	3
870	550	10	10	3
453	550	13	10	3
790	550	10	10	4
632	550	12	10	2
110	550	10	10	3
524	550	4	10	3
533	550	13	10	4
933	550	13	10	1
417	550	17	10	3
648	550	8	10	4
290	550	10	10	3
497	550	17	10	4
472	550	12	10	5
705	550	5	10	2
868	550	8	10	4
795	550	15	10	3
217	550	17	10	1
640	550	0	10	4
37	550	17	10	4
551	550	11	10	5
881	550	1	10	3
682	550	2	10	2
660	550	0	10	2
373	550	13	10	3
442	550	2	10	2
830	550	10	10	5
22	550	2	10	5
346	550	6	10	4
293	550	13	10	1
643	550	3	10	3
429	550	9	10	3
880	550	0	10	4
622	550	2	10	4
934	550	14	10	4
588	550	8	10	3
638	550	18	10	5
186	550	6	10	4
327	550	7	10	2
537	550	17	10	2
234	550	14	10	2
197	550	17	10	3
72	550	12	10	4
889	550	9	10	3
416	550	16	10	4
455	550	15	10	4
389	550	9	10	3
561	550	1	10	1
727	550	7	10	4
328	550	8	10	3
276	550	16	10	4
493	550	13	10	4
94	550	14	10	1
487	550	7	10	3
562	550	2	10	4
332	550	12	10	5
709	550	9	10	3
650	550	10	10	3
807	550	7	10	5
774	550	14	10	2
59	550	19	10	5
305	550	5	10	3
653	550	13	10	3
758	550	18	10	4
313	550	13	10	4
896	550	16	10	2
804	550	4	10	4
521	550	1	10	3
393	550	13	10	3
932	550	12	10	2
796	550	16	10	3
13	550	13	10	4
124	550	4	10	4
922	550	2	10	3
301	550	1	10	3
347	550	7	10	5
619	550	19	10	5
788	550	8	10	3
833	550	13	10	2
425	550	5	10	4
256	550	16	10	5
495	550	15	10	3
7	550	7	10	4
291	550	11	10	4
244	550	4	10	1
280	550	0	10	2
268	550	8	10	2
197	570	17	10	4
246	570	6	10	1
7	570	7	10	3
932	570	12	10	4
345	570	5	10	2
497	570	17	10	3
796	570	16	10	2
320	570	0	10	4
87	570	7	10	3
682	570	2	10	2
600	570	0	10	4
158	570	18	10	3
524	570	4	10	4
311	570	11	10	4
122	570	2	10	3
642	570	2	10	1
551	570	11	10	4
230	570	10	10	4
846	570	6	10	4
295	570	15	10	3
328	570	8	10	3
450	570	10	10	4
880	570	0	10	3
757	570	17	10	3
870	570	10	10	2
716	570	16	10	3
200	570	0	10	4
532	570	12	10	4
13	570	13	10	5
271	570	11	10	3
671	570	11	10	3
224	570	4	10	4
826	570	6	10	4
330	570	10	10	4
536	570	16	10	3
790	570	10	10	2
537	570	17	10	2
405	570	5	10	1
59	570	19	10	4
896	570	16	10	2
892	570	12	10	3
429	570	9	10	4
943	570	3	10	1
194	570	14	10	3
727	570	7	10	2
588	570	8	10	4
380	570	0	10	3
916	570	16	10	3
807	570	7	10	4
788	570	8	10	3
776	590	16	10	1
276	590	16	10	2
363	590	3	10	3
495	590	15	10	4
843	590	3	10	3
546	590	6	10	4
21	590	1	10	1
425	590	5	10	3
814	590	14	10	2
13	590	13	10	2
49	590	9	10	1
497	590	17	10	2
617	590	17	10	1
7	590	7	10	2
422	590	2	10	2
145	590	5	10	1
201	590	1	10	1
38	590	18	10	1
389	610	9	10	5
539	610	19	10	4
659	610	19	10	3
694	610	14	10	4
398	610	18	10	4
655	610	15	10	4
59	610	19	10	4
406	610	6	10	1
716	610	16	10	4
328	610	8	10	3
474	610	14	10	3
401	610	1	10	4
537	610	17	10	4
912	610	12	10	4
940	610	0	10	1
301	610	1	10	3
85	610	5	10	3
848	610	8	10	5
308	610	8	10	4
18	610	18	10	4
318	610	18	10	5
151	610	11	10	5
846	610	6	10	4
798	610	18	10	3
312	610	12	10	5
454	610	14	10	3
354	610	14	10	4
7	610	7	10	5
380	610	0	10	2
305	610	5	10	3
807	610	7	10	3
835	610	15	10	5
10	610	10	10	4
13	610	13	10	2
90	610	10	10	5
426	610	6	10	4
234	610	14	10	4
450	610	10	10	4
271	610	11	10	3
469	610	9	10	4
254	610	14	10	2
650	630	10	10	5
268	630	8	10	4
934	630	14	10	4
189	630	9	10	4
389	630	9	10	3
271	630	11	10	2
85	630	5	10	3
535	630	15	10	2
766	630	6	10	3
707	630	7	10	3
450	630	10	10	3
234	630	14	10	2
846	630	6	10	3
918	630	18	10	3
275	630	15	10	3
643	630	3	10	3
393	630	13	10	4
311	630	11	10	5
881	630	1	10	4
694	630	14	10	3
380	630	0	10	2
474	630	14	10	3
13	630	13	10	2
788	630	8	10	2
279	630	19	10	4
7	630	7	10	5
401	630	1	10	4
716	630	16	10	4
18	630	18	10	3
232	630	12	10	3
807	630	7	10	4
95	650	15	10	4
60	650	0	10	4
862	650	2	10	4
495	650	15	10	5
244	650	4	10	3
835	650	15	10	5
655	650	15	10	3
675	650	15	10	5
843	650	3	10	3
749	650	9	10	3
815	650	15	10	2
214	650	14	10	5
234	650	14	10	3
492	650	12	10	2
94	650	14	10	5
363	650	3	10	2
313	650	13	10	4
645	650	5	10	5
385	650	5	10	5
481	650	1	10	3
650	650	10	10	2
867	650	7	10	5
387	650	7	10	2
7	650	7	10	3
840	650	0	10	4
932	650	12	10	5
889	650	9	10	2
691	650	11	10	5
48	650	8	10	3
325	650	5	10	3
370	650	10	10	5
774	650	14	10	1
102	650	2	10	3
738	650	18	10	3
916	650	16	10	4
116	650	16	10	2
73	650	13	10	3
848	650	8	10	4
327	650	7	10	4
303	650	3	10	5
305	650	5	10	4
758	650	18	10	5
290	650	10	10	2
354	650	14	10	3
693	650	13	10	3
64	650	4	10	3
748	650	8	10	1
338	650	18	10	5
524	650	4	10	2
474	650	14	10	4
747	650	7	10	4
339	650	19	10	4
567	650	7	10	4
239	650	19	10	5
670	650	10	10	2
262	650	2	10	4
59	650	19	10	5
145	650	5	10	4
934	650	14	10	4
878	650	18	10	2
407	650	7	10	2
13	650	13	10	2
666	650	6	10	5
90	650	10	10	5
716	650	16	10	3
846	650	6	10	5
450	650	10	10	4
230	650	10	10	4
392	650	12	10	5
311	650	11	10	3
228	650	8	10	3
405	650	5	10	1
653	670	13	10	1
222	670	2	10	3
291	670	11	10	5
422	670	2	10	2
479	670	19	10	3
7	670	7	10	5
659	670	19	10	2
313	670	13	10	3
406	670	6	10	3
788	670	8	10	3
367	670	7	10	4
804	670	4	10	4
326	670	6	10	3
802	670	2	10	4
405	670	5	10	1
425	670	5	10	3
537	670	17	10	2
59	670	19	10	4
604	670	4	10	5
650	670	10	10	3
13	670	13	10	3
21	670	1	10	3
524	670	4	10	4
776	670	16	10	3
617	670	17	10	1
368	670	8	10	3
655	670	15	10	3
28	670	8	10	4
833	670	13	10	1
303	670	3	10	2
201	670	1	10	4
94	670	14	10	3
280	670	0	10	2
380	670	0	10	1
897	670	17	10	3
97	670	17	10	5
930	690	10	10	3
708	690	8	10	4
258	690	18	10	4
309	690	9	10	3
919	690	19	10	3
782	690	2	10	4
213	690	13	10	3
34	690	14	10	4
425	690	5	10	1
724	690	4	10	1
629	690	9	10	2
116	690	16	10	3
198	690	18	10	3
193	690	13	10	4
228	690	8	10	5
414	690	14	10	4
390	690	10	10	3
273	690	13	10	4
410	690	10	10	4
416	690	16	10	5
628	690	8	10	5
651	690	11	10	3
143	690	3	10	2
798	690	18	10	4
608	690	8	10	4
611	690	11	10	3
702	690	2	10	1
771	690	11	10	4
806	690	6	10	2
173	690	13	10	5
811	690	11	10	5
732	690	12	10	5
15	690	15	10	4
831	690	11	10	4
845	690	5	10	5
752	690	12	10	4
851	690	11	10	4
551	690	11	10	5
844	690	4	10	3
856	690	16	10	4
537	690	17	10	2
507	690	7	10	4
818	690	18	10	3
589	690	9	10	4
836	690	16	10	3
624	690	4	10	4
76	690	16	10	2
799	690	19	10	3
816	690	16	10	4
548	690	8	10	3
463	690	3	10	4
775	690	15	10	3
871	690	11	10	3
713	690	13	10	1
755	690	15	10	5
729	690	9	10	2
520	690	0	10	5
858	690	18	10	3
735	690	15	10	4
878	690	18	10	2
870	690	10	10	2
90	690	10	10	4
532	690	12	10	4
587	690	7	10	3
867	690	7	10	5
531	690	11	10	5
646	690	6	10	3
423	690	3	10	4
681	690	1	10	4
931	690	11	10	4
701	690	1	10	4
263	690	3	10	5
206	690	6	10	2
529	690	9	10	3
451	690	11	10	4
627	690	7	10	5
431	690	11	10	3
509	690	9	10	3
85	690	5	10	2
721	690	1	10	3
428	690	8	10	5
112	690	12	10	4
655	690	15	10	2
13	690	13	10	3
388	690	8	10	5
863	690	3	10	4
637	690	17	10	5
126	690	6	10	3
574	690	14	10	3
11	690	11	10	4
515	690	15	10	2
657	690	17	10	4
100	690	0	10	4
281	690	1	10	5
634	690	14	10	3
813	690	13	10	4
144	690	4	10	3
328	690	8	10	3
147	690	7	10	4
241	690	1	10	2
127	690	7	10	1
843	690	3	10	5
105	690	5	10	3
297	690	17	10	5
232	690	12	10	4
424	690	4	10	3
61	690	1	10	2
46	690	6	10	5
446	690	6	10	2
9	690	9	10	1
404	690	4	10	5
239	690	19	10	1
79	690	19	10	4
364	690	4	10	4
164	690	4	10	4
440	690	0	10	4
433	690	13	10	2
486	690	6	10	2
683	690	3	10	4
777	690	17	10	4
570	690	10	10	3
598	690	18	10	3
48	690	8	10	4
420	690	0	10	5
853	690	13	10	2
324	690	4	10	4
197	690	17	10	3
181	690	1	10	3
400	690	0	10	3
179	690	19	10	1
499	690	19	10	4
284	690	4	10	3
88	690	8	10	4
413	690	13	10	4
877	690	17	10	4
280	690	0	10	2
787	690	7	10	5
128	690	8	10	3
171	690	11	10	3
305	690	5	10	4
94	690	14	10	4
913	690	13	10	3
827	690	7	10	3
145	690	5	10	4
546	690	6	10	2
860	690	0	10	4
74	690	14	10	4
526	690	6	10	3
137	690	17	10	2
894	690	14	10	4
803	690	3	10	4
393	690	13	10	4
185	690	5	10	4
271	690	11	10	4
784	690	4	10	4
437	710	17	10	4
682	710	2	10	3
334	710	14	10	3
506	710	6	10	5
545	710	5	10	3
551	710	11	10	5
125	710	5	10	5
267	710	7	10	4
663	710	3	10	3
59	710	19	10	3
478	710	18	10	5
244	710	4	10	3
23	710	3	10	4
268	710	8	10	3
162	710	2	10	4
57	710	17	10	3
293	710	13	10	3
591	710	11	10	3
299	710	19	10	4
416	710	16	10	4
336	710	16	10	4
487	710	7	10	4
823	710	3	10	4
194	710	14	10	3
514	710	14	10	5
435	710	15	10	4
886	710	6	10	4
398	710	18	10	2
442	710	2	10	5
399	710	19	10	2
896	710	16	10	4
684	710	4	10	5
916	710	16	10	3
450	710	10	10	3
222	710	2	10	4
561	710	1	10	4
864	710	4	10	2
538	710	18	10	3
301	710	1	10	3
287	710	7	10	4
436	710	16	10	4
269	710	9	10	1
751	710	11	10	3
795	710	15	10	3
94	710	14	10	3
508	710	8	10	4
379	710	19	10	4
476	710	16	10	5
907	710	7	10	4
10	710	10	10	4
119	710	19	10	4
417	710	17	10	4
327	710	7	10	4
279	710	19	10	4
773	710	13	10	3
354	710	14	10	4
933	710	13	10	2
276	710	16	10	4
887	710	7	10	5
62	710	2	10	3
11	710	11	10	2
456	710	16	10	3
363	710	3	10	5
429	710	9	10	4
187	710	7	10	4
679	710	19	10	4
868	710	8	10	3
899	710	19	10	3
286	710	6	10	4
85	710	5	10	2
870	710	10	10	3
405	710	5	10	4
314	710	14	10	3
393	710	13	10	4
407	710	7	10	4
748	710	8	10	3
711	710	11	10	4
660	710	0	10	3
402	710	2	10	2
828	730	8	10	3
773	730	13	10	3
592	730	12	10	4
622	730	2	10	4
312	730	12	10	3
116	730	16	10	4
655	730	15	10	2
437	730	17	10	3
90	730	10	10	5
658	730	18	10	3
11	730	11	10	3
833	730	13	10	4
299	730	19	10	4
543	730	3	10	3
763	730	3	10	5
537	730	17	10	3
316	730	16	10	4
565	730	5	10	5
321	730	1	10	3
405	730	5	10	1
585	730	5	10	3
58	730	18	10	5
707	730	7	10	3
896	730	16	10	4
416	750	16	10	5
871	750	11	10	3
90	750	10	10	4
718	750	18	10	3
564	750	4	10	3
775	750	15	10	5
526	750	6	10	4
838	750	18	10	4
713	750	13	10	3
592	750	12	10	5
425	750	5	10	2
919	750	19	10	3
640	750	0	10	5
176	750	16	10	4
458	750	18	10	5
913	750	13	10	4
619	750	19	10	3
94	750	14	10	4
499	750	19	10	5
639	750	19	10	2
191	750	11	10	4
141	750	1	10	1
782	750	2	10	4
827	750	7	10	3
380	750	0	10	4
616	750	16	10	5
915	750	15	10	4
116	750	16	10	4
758	750	18	10	2
319	750	19	10	3
787	750	7	10	5
280	750	0	10	5
284	750	4	10	3
656	750	16	10	2
88	750	8	10	2
276	750	16	10	4
179	750	19	10	1
201	750	1	10	3
873	750	13	10	3
197	750	17	10	5
676	750	16	10	4
845	750	5	10	3
655	750	15	10	2
840	750	0	10	4
598	750	18	10	5
420	750	0	10	4
13	750	13	10	5
418	750	18	10	2
450	750	10	10	3
440	750	0	10	5
353	750	13	10	4
318	750	18	10	4
26	750	6	10	4
611	750	11	10	5
193	750	13	10	4
537	750	17	10	3
404	750	4	10	3
453	750	13	10	4
395	750	15	10	5
808	750	8	10	5
14	750	14	10	3
894	750	14	10	4
131	750	11	10	5
942	750	2	10	4
673	750	13	10	5
259	750	19	10	4
311	750	11	10	5
232	750	12	10	3
241	750	1	10	5
144	750	4	10	4
127	750	7	10	1
91	750	11	10	5
351	750	11	10	5
147	750	7	10	5
813	750	13	10	4
831	750	11	10	4
100	750	0	10	4
610	750	10	10	4
297	750	17	10	5
582	750	2	10	5
229	750	9	10	2
328	750	8	10	4
609	750	9	10	4
507	750	7	10	5
515	750	15	10	2
11	750	11	10	5
133	750	13	10	4
574	750	14	10	3
296	750	16	10	5
856	750	16	10	5
104	750	4	10	5
883	750	3	10	3
724	750	4	10	2
752	750	12	10	2
489	750	9	10	5
836	750	16	10	3
863	750	3	10	4
222	750	2	10	5
112	750	12	10	4
428	750	8	10	5
784	750	4	10	5
448	750	8	10	5
145	750	5	10	4
675	750	15	10	4
247	750	7	10	4
40	750	0	10	3
701	750	1	10	5
681	750	1	10	5
624	750	4	10	4
514	750	14	10	4
206	750	6	10	3
646	750	6	10	3
548	750	8	10	4
931	750	11	10	5
532	750	12	10	5
753	750	13	10	2
236	750	16	10	5
783	750	3	10	4
423	750	3	10	5
587	750	7	10	3
544	750	4	10	3
557	750	17	10	4
228	750	8	10	3
271	750	11	10	4
339	770	19	10	4
145	770	5	10	1
671	770	11	10	2
896	770	16	10	5
416	770	16	10	4
864	770	4	10	3
151	770	11	10	4
577	770	17	10	4
59	770	19	10	4
554	770	14	10	1
291	770	11	10	4
846	770	6	10	5
823	770	3	10	4
128	770	8	10	3
197	770	17	10	3
551	770	11	10	2
315	770	15	10	3
234	770	14	10	4
707	770	7	10	3
276	770	16	10	4
380	770	0	10	3
313	770	13	10	4
405	770	5	10	1
332	770	12	10	3
158	770	18	10	5
883	770	3	10	4
363	770	3	10	4
457	770	17	10	4
13	770	13	10	4
160	770	0	10	4
437	770	17	10	3
308	770	8	10	4
506	770	6	10	3
16	770	16	10	3
655	770	15	10	2
186	770	6	10	2
447	770	7	10	3
201	770	1	10	3
664	770	4	10	4
361	770	1	10	3
82	770	2	10	4
375	770	15	10	3
455	770	15	10	3
618	770	18	10	2
305	770	5	10	3
640	770	0	10	4
72	770	12	10	4
374	770	14	10	5
495	770	15	10	3
222	770	2	10	3
537	770	17	10	3
293	770	13	10	3
880	770	0	10	4
870	770	10	10	4
543	770	3	10	4
411	770	11	10	4
194	770	14	10	4
497	790	17	10	2
790	790	10	10	2
216	790	16	10	3
542	790	2	10	3
326	790	6	10	1
758	790	18	10	4
222	790	2	10	1
881	790	1	10	3
653	790	13	10	2
682	790	2	10	3
393	790	13	10	4
476	790	16	10	4
109	790	9	10	2
295	790	15	10	3
268	790	8	10	2
92	790	12	10	3
566	790	6	10	3
314	790	14	10	4
640	790	0	10	4
643	790	3	10	4
152	790	12	10	5
551	790	11	10	2
472	790	12	10	3
178	790	18	10	3
495	790	15	10	3
916	790	16	10	2
387	790	7	10	1
416	790	16	10	4
286	790	6	10	1
110	790	10	10	4
128	790	8	10	4
280	790	0	10	4
741	790	1	10	3
436	790	16	10	3
291	790	11	10	4
336	790	16	10	2
246	790	6	10	3
830	790	10	10	1
301	790	1	10	4
405	790	5	10	1
773	790	13	10	3
690	790	10	10	3
642	790	2	10	4
621	790	1	10	4
561	790	1	10	1
125	790	5	10	4
13	790	13	10	2
244	790	4	10	4
453	790	13	10	4
450	790	10	10	2
435	790	15	10	4
712	790	12	10	4
487	790	7	10	3
303	790	3	10	4
618	790	18	10	3
194	790	14	10	1
727	790	7	10	2
880	790	0	10	3
87	790	7	10	4
180	790	0	10	1
886	790	6	10	4
276	790	16	10	3
586	790	6	10	3
193	790	13	10	3
262	790	2	10	3
339	790	19	10	2
222	810	2	10	2
648	810	8	10	4
627	810	7	10	3
102	810	2	10	2
796	810	16	10	3
541	810	1	10	3
727	810	7	10	2
588	810	8	10	4
293	810	13	10	1
788	810	8	10	3
922	810	2	10	4
671	810	11	10	2
497	810	17	10	3
94	810	14	10	3
417	810	17	10	3
880	810	0	10	3
334	810	14	10	3
87	810	7	10	3
472	810	12	10	5
279	810	19	10	2
766	810	6	10	2
600	810	0	10	3
846	810	6	10	3
328	810	8	10	3
267	810	7	10	3
621	810	1	10	3
805	810	5	10	2
217	810	17	10	3
543	810	3	10	3
207	810	7	10	2
545	810	5	10	4
826	810	6	10	3
660	810	0	10	3
60	810	0	10	4
442	810	2	10	2
158	810	18	10	4
393	810	13	10	4
758	810	18	10	3
405	810	5	10	1
896	810	16	10	1
798	810	18	10	3
13	810	13	10	5
870	810	10	10	3
109	810	9	10	3
268	810	8	10	2
13	830	13	10	1
312	850	12	10	5
13	850	13	10	4
58	850	18	10	5
234	850	14	10	2
460	870	0	10	2
334	870	14	10	3
393	870	13	10	3
624	870	4	10	4
181	870	1	10	2
13	870	13	10	3
825	870	5	10	3
699	870	19	10	3
463	870	3	10	2
488	890	8	10	1
682	890	2	10	2
545	890	5	10	2
587	890	7	10	1
805	890	5	10	3
203	890	3	10	2
409	890	9	10	1
782	890	2	10	1
393	890	13	10	1
531	890	11	10	1
399	890	19	10	2
932	890	12	10	1
676	890	16	10	1
279	890	19	10	3
860	890	0	10	2
276	890	16	10	3
537	890	17	10	1
801	890	1	10	2
502	890	2	10	2
130	890	10	10	4
435	890	15	10	1
369	890	9	10	3
13	890	13	10	1
200	890	0	10	4
514	890	14	10	1
561	890	1	10	1
719	890	19	10	1
476	890	16	10	1
489	890	9	10	5
609	890	9	10	1
813	890	13	10	4
621	890	1	10	1
727	890	7	10	1
717	890	17	10	1
145	890	5	10	2
758	890	18	10	3
211	890	11	10	2
472	890	12	10	4
493	890	13	10	3
939	890	19	10	2
282	890	2	10	4
592	890	12	10	1
660	890	0	10	1
574	910	14	10	1
863	910	3	10	2
655	910	15	10	3
13	910	13	10	2
699	930	19	10	2
359	930	19	10	4
653	930	13	10	4
416	930	16	10	3
407	930	7	10	2
347	930	7	10	2
648	930	8	10	3
181	930	1	10	1
546	930	6	10	5
396	930	16	10	3
798	930	18	10	5
15	930	15	10	2
286	930	6	10	2
738	930	18	10	3
844	930	4	10	2
463	930	3	10	1
851	930	11	10	3
57	930	17	10	2
660	930	0	10	2
294	930	14	10	3
223	930	3	10	2
92	930	12	10	2
852	930	12	10	3
188	930	8	10	4
564	930	4	10	3
500	930	0	10	3
246	930	6	10	2
864	930	4	10	3
37	930	17	10	3
872	930	12	10	3
749	930	9	10	3
56	930	16	10	3
393	930	13	10	3
524	930	4	10	3
109	930	9	10	3
54	930	14	10	1
249	930	9	10	2
21	930	1	10	1
630	930	10	10	3
534	930	14	10	4
605	930	5	10	2
506	930	6	10	1
255	930	15	10	1
756	930	16	10	3
275	930	15	10	3
190	930	10	10	2
484	930	4	10	3
655	930	15	10	2
290	930	10	10	3
256	930	16	10	3
378	930	18	10	2
472	930	12	10	5
586	930	6	10	2
727	930	7	10	3
26	930	6	10	2
620	930	0	10	2
168	930	8	10	3
164	930	4	10	4
27	930	7	10	2
200	930	0	10	3
102	930	2	10	2
276	930	16	10	2
435	930	15	10	3
880	930	0	10	2
119	930	19	10	3
141	930	1	10	4
159	930	19	10	4
145	930	5	10	2
807	930	7	10	5
94	930	14	10	2
268	930	8	10	2
595	930	15	10	2
343	930	3	10	1
374	930	14	10	2
708	930	8	10	3
916	930	16	10	2
862	930	2	10	5
825	930	5	10	5
804	930	4	10	3
130	930	10	10	3
655	950	15	10	3
839	950	19	10	4
535	950	15	10	3
805	950	5	10	3
634	950	14	10	5
334	950	14	10	3
837	950	17	10	2
244	950	4	10	1
707	950	7	10	2
537	950	17	10	3
733	950	13	10	4
486	950	6	10	4
463	950	3	10	3
548	950	8	10	4
184	950	4	10	4
201	950	1	10	3
551	950	11	10	2
234	950	14	10	2
18	950	18	10	3
342	950	2	10	2
174	950	14	10	3
181	950	1	10	1
43	950	3	10	3
58	950	18	10	1
524	950	4	10	4
296	950	16	10	4
470	950	10	10	3
299	950	19	10	2
607	950	7	10	3
343	950	3	10	3
537	970	17	10	3
18	970	18	10	3
235	970	15	10	4
234	970	14	10	4
299	970	19	10	4
405	970	5	10	1
585	970	5	10	3
565	970	5	10	4
279	990	19	10	1
531	990	11	10	5
520	990	0	10	4
894	990	14	10	3
338	990	18	10	4
416	990	16	10	2
427	990	7	10	5
181	990	1	10	1
390	990	10	10	4
34	990	14	10	5
782	990	2	10	3
260	990	0	10	5
189	990	9	10	3
639	990	19	10	1
797	990	17	10	2
364	990	4	10	4
424	990	4	10	5
803	990	3	10	2
90	990	10	10	3
351	990	11	10	5
100	990	0	10	3
532	990	12	10	3
126	990	6	10	4
129	990	9	10	2
721	990	1	10	5
21	990	1	10	2
597	990	17	10	2
863	990	3	10	1
537	990	17	10	2
451	990	11	10	3
155	990	15	10	3
206	990	6	10	1
681	990	1	10	4
501	1010	1	10	4
500	1010	0	10	4
385	1010	5	10	3
227	1010	7	10	3
606	1010	6	10	3
595	1010	15	10	4
104	1010	4	10	1
699	1010	19	10	3
624	1010	4	10	4
537	1010	17	10	2
406	1010	6	10	4
655	1010	15	10	3
181	1010	1	10	1
234	1010	14	10	2
144	1010	4	10	3
806	1010	6	10	3
85	1010	5	10	2
572	1010	12	10	2
363	1010	3	10	4
26	1010	6	10	2
221	1010	1	10	3
561	1010	1	10	3
449	1010	9	10	4
257	1010	17	10	4
456	1010	16	10	5
334	1010	14	10	5
201	1010	1	10	3
445	1010	5	10	1
886	1010	6	10	5
292	1010	12	10	4
276	1010	16	10	3
94	1010	14	10	4
63	1010	3	10	3
184	1010	4	10	4
50	1010	10	10	5
592	1010	12	10	5
429	1010	9	10	3
342	1010	2	10	1
930	1010	10	10	2
374	1010	14	10	5
640	1010	0	10	3
916	1010	16	10	4
216	1010	16	10	3
894	1010	14	10	4
880	1030	0	10	2
70	1030	10	10	2
885	1030	5	10	1
648	1030	8	10	2
318	1030	18	10	2
504	1030	4	10	3
932	1030	12	10	2
279	1030	19	10	4
497	1030	17	10	1
405	1030	5	10	1
195	1030	15	10	2
339	1030	19	10	1
450	1030	10	10	1
457	1030	17	10	2
102	1030	2	10	1
38	1030	18	10	5
541	1030	1	10	3
642	1030	2	10	4
536	1030	16	10	3
795	1030	15	10	3
537	1050	17	10	2
747	1050	7	10	3
234	1050	14	10	3
648	1050	8	10	4
59	1050	19	10	2
807	1050	7	10	5
292	1050	12	10	4
313	1050	13	10	4
318	1050	18	10	4
785	1050	5	10	3
42	1050	2	10	3
660	1050	0	10	4
524	1050	4	10	2
91	1050	11	10	3
254	1050	14	10	3
321	1050	1	10	3
536	1050	16	10	5
299	1050	19	10	4
694	1050	14	10	3
323	1050	3	10	5
409	1050	9	10	4
504	1050	4	10	4
344	1050	4	10	3
804	1050	4	10	3
230	1050	10	10	3
60	1050	0	10	3
846	1050	6	10	4
450	1050	10	10	4
942	1050	2	10	5
716	1050	16	10	4
488	1050	8	10	4
568	1050	8	10	4
932	1050	12	10	4
650	1050	10	10	3
389	1050	9	10	4
295	1050	15	10	5
311	1050	11	10	3
766	1050	6	10	3
312	1050	12	10	5
151	1050	11	10	4
862	1050	2	10	5
474	1050	14	10	4
847	1050	7	10	3
537	1070	17	10	3
342	1070	2	10	3
49	1070	9	10	3
823	1070	3	10	4
409	1070	9	10	4
264	1070	4	10	4
557	1070	17	10	2
201	1070	1	10	5
592	1070	12	10	5
239	1070	19	10	5
833	1070	13	10	5
933	1070	13	10	2
279	1070	19	10	3
151	1070	11	10	4
85	1070	5	10	4
498	1070	18	10	3
655	1070	15	10	4
561	1070	1	10	4
468	1070	8	10	5
385	1070	5	10	5
903	1070	3	10	4
889	1070	9	10	3
916	1070	16	10	4
58	1070	18	10	4
405	1070	5	10	1
327	1070	7	10	4
458	1070	18	10	4
417	1090	17	10	3
268	1090	8	10	2
664	1090	4	10	1
303	1090	3	10	1
693	1090	13	10	4
407	1090	7	10	2
796	1090	16	10	4
774	1090	14	10	1
291	1090	11	10	2
145	1090	5	10	2
682	1090	2	10	2
655	1090	15	10	3
267	1090	7	10	3
332	1090	12	10	5
586	1090	6	10	3
110	1090	10	10	2
399	1090	19	10	2
757	1090	17	10	2
437	1090	17	10	1
741	1090	1	10	1
504	1090	4	10	4
372	1090	12	10	5
405	1090	5	10	1
472	1090	12	10	5
95	1090	15	10	1
92	1090	12	10	3
256	1090	16	10	2
690	1090	10	10	3
183	1090	3	10	2
758	1090	18	10	1
221	1090	1	10	3
870	1090	10	10	2
276	1090	16	10	1
346	1090	6	10	2
56	1090	16	10	3
320	1090	0	10	3
193	1090	13	10	2
504	1110	4	10	2
472	1110	12	10	5
660	1110	0	10	2
826	1110	6	10	4
279	1110	19	10	3
805	1110	5	10	5
425	1110	5	10	1
405	1110	5	10	1
650	1110	10	10	4
666	1110	6	10	3
495	1110	15	10	4
561	1110	1	10	2
933	1110	13	10	3
269	1110	9	10	2
429	1110	9	10	2
579	1110	19	10	1
59	1110	19	10	4
72	1110	12	10	3
822	1110	2	10	4
889	1110	9	10	3
339	1110	19	10	4
177	1110	17	10	3
846	1110	6	10	3
268	1110	8	10	3
774	1110	14	10	1
387	1110	7	10	2
276	1110	16	10	3
606	1110	6	10	2
922	1110	2	10	4
373	1110	13	10	4
303	1110	3	10	1
307	1110	7	10	4
862	1110	2	10	5
600	1110	0	10	3
346	1110	6	10	1
94	1110	14	10	4
648	1110	8	10	3
267	1110	7	10	3
795	1110	15	10	3
385	1110	5	10	2
506	1110	6	10	1
62	1130	2	10	4
374	1150	14	10	1
894	1150	14	10	4
181	1150	1	10	1
75	1150	15	10	4
244	1150	4	10	4
223	1150	3	10	2
314	1150	14	10	4
256	1150	16	10	5
332	1150	12	10	3
886	1170	6	10	3
889	1170	9	10	2
535	1170	15	10	3
406	1170	6	10	4
119	1170	19	10	3
279	1170	19	10	1
125	1170	5	10	1
85	1170	5	10	3
711	1170	11	10	3
342	1170	2	10	3
201	1170	1	10	4
805	1170	5	10	5
327	1170	7	10	4
804	1170	4	10	3
442	1170	2	10	4
453	1170	13	10	3
666	1170	6	10	4
747	1170	7	10	2
207	1170	7	10	2
773	1170	13	10	3
295	1170	15	10	5
399	1170	19	10	3
276	1170	16	10	4
655	1170	15	10	3
234	1170	14	10	1
561	1170	1	10	3
334	1170	14	10	4
238	1190	18	10	3
939	1190	19	10	5
606	1190	6	10	3
936	1190	16	10	3
711	1190	11	10	3
159	1190	19	10	5
459	1190	19	10	4
782	1190	2	10	2
87	1190	7	10	4
454	1190	14	10	3
672	1190	12	10	2
291	1210	11	10	4
864	1210	4	10	2
394	1210	14	10	3
497	1210	17	10	4
145	1210	5	10	1
332	1210	12	10	3
504	1210	4	10	3
346	1210	6	10	3
110	1210	10	10	3
374	1210	14	10	4
313	1210	13	10	4
653	1210	13	10	2
833	1210	13	10	1
417	1210	17	10	2
314	1210	14	10	4
399	1210	19	10	2
804	1210	4	10	2
92	1210	12	10	1
561	1210	1	10	1
532	1210	12	10	4
880	1210	0	10	4
846	1210	6	10	2
130	1210	10	10	2
393	1210	13	10	3
256	1210	16	10	5
690	1210	10	10	3
472	1210	12	10	3
94	1210	14	10	3
870	1210	10	10	1
457	1210	17	10	4
405	1210	5	10	1
303	1210	3	10	1
270	1210	10	10	5
109	1210	9	10	3
276	1210	16	10	2
221	1210	1	10	3
757	1210	17	10	2
320	1210	0	10	4
373	1230	13	10	3
870	1230	10	10	2
378	1230	18	10	2
561	1230	1	10	3
790	1230	10	10	2
417	1230	17	10	2
336	1230	16	10	2
622	1230	2	10	1
286	1230	6	10	1
407	1230	7	10	2
174	1230	14	10	1
453	1230	13	10	2
95	1230	15	10	1
325	1230	5	10	3
405	1230	5	10	1
303	1230	3	10	1
279	1230	19	10	3
301	1230	1	10	1
110	1250	10	10	3
279	1250	19	10	1
405	1250	5	10	1
727	1250	7	10	1
221	1250	1	10	2
222	1250	2	10	1
125	1270	5	10	3
798	1270	18	10	3
264	1270	4	10	2
478	1270	18	10	1
303	1270	3	10	1
880	1270	0	10	3
393	1270	13	10	3
145	1290	5	10	1
405	1290	5	10	2
167	1310	7	10	3
943	1330	3	10	3
211	1330	11	10	3
181	1330	1	10	1
234	1330	14	10	3
207	1350	7	10	2
181	1350	1	10	1
655	1370	15	10	3
936	1370	16	10	4
181	1370	1	10	1
181	1390	1	10	1
782	1390	2	10	3
682	1410	2	10	3
452	1410	12	10	1
194	1410	14	10	2
487	1410	7	10	5
206	1430	6	10	1
515	1430	15	10	3
871	1430	11	10	3
398	1450	18	10	5
234	1450	14	10	3
405	1470	5	10	2
254	1470	14	10	2
532	1470	12	10	5
411	1470	11	10	3
313	1470	13	10	1
655	1490	15	10	2
279	1490	19	10	4
450	1490	10	10	3
303	1510	3	10	3
707	1530	7	10	3
389	1530	9	10	2
405	1530	5	10	1
373	1530	13	10	2
846	1530	6	10	2
417	1550	17	10	3
405	1550	5	10	3
405	1570	5	10	1
782	1590	2	10	3
405	1590	5	10	1
644	1610	4	10	3
782	1610	2	10	1
486	1610	6	10	2
655	1630	15	10	3
655	1650	15	10	4
782	1670	2	10	3
