857	20	17	0	3
655	20	15	0	3
417	20	17	0	2
373	20	13	0	2
828	20	8	0	2
455	20	15	0	3
214	20	14	0	4
244	20	4	0	4
181	20	1	0	1
883	20	3	0	4
354	20	14	0	5
540	20	0	0	4
292	20	12	0	2
406	20	6	0	3
473	20	13	0	3
296	20	16	0	5
592	20	12	0	4
894	20	14	0	5
503	20	3	0	5
733	20	13	0	5
829	20	9	0	3
463	20	3	0	5
585	20	5	0	4
457	20	17	0	5
297	20	17	0	4
745	20	5	0	1
381	20	1	0	5
896	20	16	0	1
558	20	18	0	5
874	20	14	0	3
486	20	6	0	3
58	20	18	0	1
861	20	1	0	4
115	20	15	0	3
343	20	3	0	5
286	20	6	0	4
458	20	18	0	4
234	20	14	0	4
533	20	13	0	5
116	20	16	0	3
936	20	16	0	5
886	20	6	0	2
90	20	10	0	4
854	20	14	0	2
184	20	4	0	4
349	20	9	0	5
299	20	19	0	3
919	20	19	0	1
680	20	0	0	4
201	20	1	0	2
699	20	19	0	4
321	20	1	0	3
158	20	18	0	4
144	20	4	0	4
224	20	4	0	1
460	20	0	0	4
878	20	18	0	2
537	20	17	0	3
566	20	6	0	4
483	20	3	0	2
15	20	15	0	3
387	20	7	0	4
63	20	3	0	3
62	20	2	0	4
1	20	1	0	4
334	20	14	0	4
837	20	17	0	4
901	20	1	0	1
477	20	17	0	4
825	20	5	0	2
758	20	18	0	4
189	20	9	0	5
49	40	9	0	1
276	40	16	0	3
417	40	17	0	3
234	40	14	0	2
345	40	5	0	3
119	40	19	0	4
13	40	13	0	2
805	40	5	0	3
407	40	7	0	1
5	40	5	0	4
455	40	15	0	3
577	40	17	0	4
268	40	8	0	3
593	40	13	0	1
435	40	15	0	3
222	40	2	0	1
210	40	10	0	3
551	40	11	0	1
280	40	0	0	5
378	40	18	0	3
584	40	4	0	4
711	40	11	0	4
561	40	1	0	2
660	40	0	0	2
648	40	8	0	4
184	40	4	0	4
642	40	2	0	4
880	40	0	0	2
244	40	4	0	2
747	40	7	0	2
92	40	12	0	3
621	40	1	0	3
279	40	19	0	4
504	40	4	0	4
588	40	8	0	4
389	40	9	0	3
712	40	12	0	5
43	40	3	0	3
318	40	18	0	4
766	40	6	0	3
405	40	5	0	2
478	40	18	0	1
174	40	14	0	4
87	40	7	0	3
271	40	11	0	1
262	40	2	0	4
715	40	15	0	1
406	40	6	0	3
897	40	17	0	3
846	40	6	0	2
393	40	13	0	1
804	40	4	0	3
286	40	6	0	4
180	40	0	0	4
1	40	1	0	3
11	40	11	0	3
10	40	10	0	4
299	60	19	0	5
189	60	9	0	3
268	60	8	0	5
712	60	12	0	1
251	60	11	0	4
90	60	10	0	4
838	60	18	0	4
1	60	1	0	5
361	60	1	0	4
76	60	16	0	4
13	60	13	0	4
585	60	5	0	4
763	60	3	0	5
913	60	13	0	3
878	60	18	0	4
592	60	12	0	4
295	60	15	0	5
894	60	14	0	5
433	60	13	0	5
903	60	3	0	4
257	60	17	0	5
321	60	1	0	4
391	60	11	0	5
405	60	5	0	1
195	60	15	0	3
270	60	10	0	5
567	60	7	0	5
18	60	18	0	4
456	60	16	0	4
60	60	0	0	5
773	60	13	0	5
59	60	19	0	5
877	60	17	0	5
655	60	15	0	3
177	60	17	0	4
380	60	0	0	4
828	60	8	0	4
354	60	14	0	5
883	60	3	0	5
527	60	7	0	4
305	60	5	0	3
543	60	3	0	5
500	60	0	0	5
449	60	9	0	5
530	60	10	0	5
846	60	6	0	4
409	60	9	0	5
308	60	8	0	3
450	60	10	0	3
474	60	14	0	3
889	60	9	0	3
493	60	13	0	2
645	60	5	0	5
524	60	4	0	5
862	60	2	0	5
207	60	7	0	3
639	60	19	0	3
916	60	16	0	4
452	60	12	0	1
279	60	19	0	4
10	60	10	0	3
535	60	15	0	5
537	60	17	0	3
855	60	15	0	3
622	80	2	0	3
7	80	7	0	4
435	80	15	0	2
373	80	13	0	3
450	80	10	0	3
94	80	14	0	2
922	80	2	0	3
416	80	16	0	2
453	80	13	0	2
280	80	0	0	3
279	80	19	0	4
561	80	1	0	2
933	80	13	0	2
152	80	12	0	5
551	80	11	0	1
405	80	5	0	1
566	80	6	0	3
886	80	6	0	3
22	80	2	0	4
943	80	3	0	2
880	80	0	0	2
846	80	6	0	4
472	80	12	0	3
586	80	6	0	2
497	80	17	0	3
690	80	10	0	3
476	80	16	0	3
795	80	15	0	3
301	80	1	0	3
545	80	5	0	3
87	80	7	0	4
495	80	15	0	3
92	80	12	0	2
244	80	4	0	3
621	80	1	0	4
868	80	8	0	2
222	80	2	0	2
5	80	5	0	2
389	80	9	0	3
363	80	3	0	4
49	80	9	0	1
642	80	2	0	5
174	80	14	0	1
790	80	10	0	2
125	80	5	0	4
429	80	9	0	3
542	80	2	0	3
399	80	19	0	3
660	80	0	0	1
916	80	16	0	3
536	80	16	0	2
393	80	13	0	3
896	80	16	0	2
268	80	8	0	3
682	80	2	0	1
303	80	3	0	4
267	80	7	0	4
330	80	10	0	2
246	80	6	0	2
417	80	17	0	4
276	80	16	0	3
749	80	9	0	1
291	80	11	0	4
456	80	16	0	2
339	80	19	0	3
727	80	7	0	4
1	80	1	0	4
650	80	10	0	2
334	100	14	0	5
567	100	7	0	1
194	100	14	0	4
699	100	19	0	4
158	100	18	0	5
89	100	9	0	5
774	100	14	0	1
164	100	4	0	5
501	100	1	0	4
373	100	13	0	3
594	100	14	0	4
435	100	15	0	3
844	100	4	0	4
630	100	10	0	3
160	100	0	0	5
423	100	3	0	5
614	100	14	0	5
396	100	16	0	2
26	100	6	0	5
69	100	9	0	5
280	100	0	0	3
538	100	18	0	4
535	100	15	0	5
283	100	3	0	4
634	100	14	0	4
665	100	5	0	3
932	100	12	0	5
376	100	16	0	4
325	100	5	0	4
569	100	9	0	5
682	100	2	0	3
839	100	19	0	3
239	100	19	0	3
884	100	4	0	5
293	100	13	0	4
717	100	17	0	4
336	100	16	0	3
365	100	5	0	5
883	100	3	0	4
714	100	14	0	1
678	100	18	0	5
237	100	17	0	5
650	100	10	0	4
333	100	13	0	4
694	100	14	0	4
426	100	6	0	4
710	100	10	0	4
288	100	8	0	5
150	100	10	0	2
46	100	6	0	4
421	100	1	0	4
308	100	8	0	5
316	100	16	0	4
739	100	19	0	5
190	100	10	0	4
864	100	4	0	5
439	100	19	0	3
662	100	2	0	5
257	100	17	0	5
313	100	13	0	5
138	100	18	0	5
263	100	3	0	5
830	100	10	0	5
580	100	0	0	3
860	100	0	0	4
345	100	5	0	5
518	100	18	0	4
199	100	19	0	3
654	100	14	0	1
297	100	17	0	5
445	100	5	0	2
49	100	9	0	4
296	100	16	0	5
277	100	17	0	4
338	100	18	0	4
381	100	1	0	4
604	100	4	0	5
620	100	0	0	1
490	100	10	0	3
450	100	10	0	4
399	100	19	0	3
868	100	8	0	5
916	100	16	0	5
62	100	2	0	4
361	100	1	0	5
295	100	15	0	5
770	100	10	0	5
607	100	7	0	4
82	100	2	0	5
796	100	16	0	3
805	100	5	0	5
329	100	9	0	4
331	100	11	0	4
733	100	13	0	5
195	100	15	0	5
551	100	11	0	4
552	100	12	0	4
560	100	0	0	5
698	100	18	0	2
472	100	12	0	5
74	100	14	0	4
321	100	1	0	4
758	100	18	0	5
549	100	9	0	4
387	100	7	0	5
658	100	18	0	4
572	100	12	0	3
627	100	7	0	5
425	100	5	0	4
318	100	18	0	5
367	100	7	0	5
885	100	5	0	3
561	100	1	0	4
624	100	4	0	5
76	100	16	0	5
244	100	4	0	4
793	100	13	0	4
706	100	6	0	1
463	100	3	0	4
391	100	11	0	4
540	100	0	0	5
186	100	6	0	4
581	100	1	0	5
354	100	14	0	5
347	100	7	0	3
96	100	16	0	5
591	100	11	0	5
430	100	10	0	5
940	100	0	0	3
592	100	12	0	5
389	100	9	0	5
301	100	1	0	5
481	100	1	0	4
936	100	16	0	4
467	100	7	0	5
910	100	10	0	4
479	100	19	0	3
497	100	17	0	4
707	100	7	0	5
917	100	17	0	4
75	100	15	0	5
756	100	16	0	5
465	100	5	0	3
311	100	11	0	1
530	100	10	0	4
601	100	1	0	4
889	100	9	0	4
452	100	12	0	5
869	100	9	0	5
730	100	10	0	5
44	100	4	0	5
788	100	8	0	5
929	100	9	0	4
379	100	19	0	5
327	100	7	0	4
54	100	14	0	5
349	100	9	0	4
520	100	0	0	4
838	100	18	0	4
363	100	3	0	5
905	100	5	0	4
524	100	4	0	5
858	100	18	0	3
432	100	12	0	3
470	100	10	0	4
621	100	1	0	5
833	100	13	0	4
306	100	6	0	4
878	100	18	0	2
930	100	10	0	3
795	100	15	0	5
182	100	2	0	3
221	100	1	0	5
323	100	3	0	4
374	100	14	0	5
644	100	4	0	4
84	100	4	0	4
499	100	19	0	4
500	100	0	0	4
18	100	18	0	5
503	100	3	0	5
768	100	8	0	5
886	100	6	0	4
5	100	5	0	5
307	100	7	0	3
666	100	6	0	4
638	100	18	0	3
595	100	15	0	4
786	100	6	0	4
727	100	7	0	2
492	100	12	0	4
294	100	14	0	4
390	100	10	0	5
63	100	3	0	5
249	100	9	0	5
398	100	18	0	3
653	100	13	0	4
447	100	7	0	5
728	100	8	0	5
287	100	7	0	5
266	100	6	0	5
136	100	16	0	5
449	100	9	0	5
156	100	16	0	4
339	100	19	0	5
525	100	5	0	4
617	100	17	0	4
629	100	9	0	5
370	100	10	0	4
896	100	16	0	3
664	100	4	0	5
45	100	5	0	5
900	100	0	0	4
201	100	1	0	4
222	100	2	0	5
144	100	4	0	5
612	100	12	0	4
747	100	7	0	5
24	100	4	0	5
701	100	1	0	5
6	100	6	0	5
59	100	19	0	5
291	100	11	0	5
475	100	15	0	5
676	100	16	0	5
865	100	5	0	4
267	100	7	0	5
176	100	16	0	5
264	100	4	0	5
829	100	9	0	4
457	100	17	0	5
933	100	13	0	5
767	100	7	0	5
247	100	7	0	3
65	100	5	0	3
636	100	16	0	5
372	100	12	0	3
906	100	6	0	4
632	100	12	0	3
227	100	7	0	5
593	100	13	0	5
938	100	18	0	5
352	100	12	0	4
480	100	0	0	4
751	100	11	0	4
175	100	15	0	2
576	100	16	0	4
684	100	4	0	4
23	100	3	0	5
605	100	5	0	5
888	100	8	0	4
825	100	5	0	4
460	100	0	0	5
10	100	10	0	5
553	100	13	0	5
583	100	3	0	5
343	100	3	0	5
181	100	1	0	3
521	100	1	0	3
414	100	14	0	5
262	100	2	0	3
207	100	7	0	2
692	100	12	0	4
246	100	6	0	4
715	100	15	0	2
346	100	6	0	3
487	100	7	0	5
330	100	10	0	4
94	100	14	0	5
603	100	3	0	4
704	100	4	0	4
271	100	11	0	5
299	100	19	0	3
85	100	5	0	3
615	100	15	0	3
216	100	16	0	5
579	100	19	0	4
438	100	18	0	4
28	100	8	0	5
315	100	15	0	5
781	100	1	0	5
606	100	6	0	5
745	100	5	0	5
269	100	9	0	5
655	100	15	0	3
459	100	19	0	1
189	100	9	0	4
608	100	8	0	4
590	100	10	0	5
789	100	9	0	5
887	100	7	0	2
104	100	4	0	4
79	100	19	0	5
937	100	17	0	3
218	100	18	0	4
251	100	11	0	4
2	100	2	0	5
821	100	1	0	2
87	100	7	0	5
454	100	14	0	4
236	100	16	0	3
790	100	10	0	2
342	100	2	0	5
831	100	11	0	4
420	100	0	0	5
50	100	10	0	2
504	100	4	0	5
637	100	17	0	4
588	100	8	0	1
643	100	3	0	5
533	100	13	0	5
383	100	3	0	4
725	100	5	0	5
108	100	8	0	4
234	100	14	0	4
437	100	17	0	4
907	100	7	0	5
161	100	1	0	4
862	100	2	0	5
639	100	19	0	1
198	100	18	0	1
123	100	3	0	4
382	100	2	0	4
14	100	14	0	5
141	100	1	0	4
419	100	19	0	5
27	100	7	0	5
493	100	13	0	5
407	100	7	0	5
568	100	8	0	4
444	100	4	0	5
455	100	15	0	4
274	100	14	0	5
537	100	17	0	4
121	100	1	0	4
474	100	14	0	5
114	100	14	0	5
312	100	12	0	4
402	100	2	0	5
792	100	12	0	4
764	100	4	0	4
378	100	18	0	4
663	100	3	0	4
660	100	0	0	3
618	100	18	0	4
99	100	19	0	5
145	100	5	0	5
881	100	1	0	4
422	100	2	0	4
458	100	18	0	4
90	100	10	0	5
566	100	6	0	5
409	100	9	0	5
453	100	13	0	5
548	100	8	0	5
256	100	16	0	4
279	100	19	0	4
913	100	13	0	3
81	100	1	0	3
151	100	11	0	3
292	100	12	0	5
380	100	0	0	4
852	100	12	0	4
625	100	5	0	3
7	100	7	0	5
442	100	2	0	2
891	100	11	0	5
777	100	17	0	1
532	100	12	0	5
895	100	15	0	4
441	100	1	0	3
456	100	16	0	3
546	100	6	0	3
680	100	0	0	3
115	100	15	0	5
41	100	1	0	4
919	100	19	0	5
360	100	0	0	5
491	100	11	0	5
840	100	0	0	5
908	100	8	0	4
935	100	15	0	3
462	100	2	0	4
934	100	14	0	4
413	100	13	0	4
870	100	10	0	4
252	100	12	0	5
13	100	13	0	5
21	100	1	0	5
168	100	8	0	4
119	100	19	0	5
526	100	6	0	5
424	100	4	0	5
488	100	8	0	2
931	100	11	0	4
17	100	17	0	4
703	100	3	0	4
303	100	3	0	5
522	100	2	0	5
131	100	11	0	5
320	100	0	0	4
478	100	18	0	5
894	100	14	0	4
232	100	12	0	5
406	100	6	0	4
494	100	14	0	5
184	100	4	0	5
174	100	14	0	5
203	100	3	0	1
235	100	15	0	4
743	100	3	0	5
468	100	8	0	5
188	100	8	0	4
514	100	14	0	4
192	100	12	0	5
57	100	17	0	5
53	100	13	0	5
73	100	13	0	4
542	100	2	0	4
679	100	19	0	3
577	100	17	0	4
32	100	12	0	3
1	100	1	0	5
58	100	18	0	5
71	100	11	0	4
113	100	13	0	4
250	100	10	0	5
77	100	17	0	3
385	100	5	0	4
763	100	3	0	5
265	100	5	0	5
401	100	1	0	4
892	100	12	0	5
874	100	14	0	4
97	100	17	0	2
582	100	2	0	5
773	100	13	0	4
285	100	5	0	4
806	100	6	0	4
106	100	6	0	3
388	100	8	0	3
393	100	13	0	1
417	100	17	0	3
527	100	7	0	5
52	100	12	0	4
738	100	18	0	2
248	100	8	0	4
300	100	0	0	3
368	100	8	0	4
193	100	13	0	5
429	100	9	0	5
80	100	0	0	5
43	100	3	0	4
395	100	15	0	4
555	100	15	0	5
11	100	11	0	4
348	100	8	0	4
854	100	14	0	5
255	100	15	0	3
178	100	18	0	4
416	100	16	0	5
214	100	14	0	4
943	100	3	0	5
268	100	8	0	3
742	100	2	0	5
397	100	17	0	5
403	100	3	0	5
558	100	18	0	5
735	100	15	0	2
880	100	0	0	5
109	100	9	0	4
834	100	14	0	4
132	100	12	0	4
139	100	19	0	5
722	100	2	0	4
554	100	14	0	3
923	100	3	0	5
486	100	6	0	5
213	100	13	0	5
305	100	5	0	3
230	100	10	0	4
757	100	17	0	3
814	100	14	0	4
157	100	17	0	5
16	100	16	0	5
377	100	17	0	3
344	100	4	0	5
328	100	8	0	5
233	100	13	0	4
276	100	16	0	5
72	100	12	0	5
823	100	3	0	5
622	100	2	0	5
903	100	3	0	5
794	100	14	0	5
737	100	17	0	5
498	100	18	0	3
118	100	18	0	5
130	100	10	0	3
64	100	4	0	4
804	100	4	0	5
924	100	4	0	4
286	100	6	0	3
92	100	12	0	5
177	100	17	0	5
749	100	9	0	3
574	100	14	0	5
253	100	13	0	4
555	120	15	0	4
181	120	1	0	1
223	120	3	0	2
907	120	7	0	4
43	120	3	0	4
363	120	3	0	1
374	120	14	0	3
158	120	18	0	1
862	120	2	0	3
642	120	2	0	3
690	120	10	0	1
847	120	7	0	1
788	120	8	0	2
769	120	9	0	1
711	120	11	0	2
346	120	6	0	3
276	120	16	0	2
269	120	9	0	1
349	120	9	0	3
453	120	13	0	1
903	120	3	0	2
795	120	15	0	3
256	120	16	0	1
332	120	12	0	4
222	120	2	0	2
157	120	17	0	1
303	120	3	0	2
881	120	1	0	2
532	120	12	0	2
294	120	14	0	2
125	120	5	0	1
189	120	9	0	1
804	120	4	0	3
268	120	8	0	2
518	120	18	0	3
630	120	10	0	4
449	120	9	0	1
87	120	7	0	2
152	120	12	0	2
58	120	18	0	2
825	120	5	0	3
533	120	13	0	1
381	120	1	0	1
1	120	1	0	1
457	120	17	0	2
622	120	2	0	1
301	120	1	0	2
495	120	15	0	5
44	120	4	0	4
760	120	0	0	1
935	120	15	0	3
459	120	19	0	2
145	120	5	0	2
99	120	19	0	2
11	120	11	0	2
897	120	17	0	3
92	120	12	0	2
500	120	0	0	3
141	120	1	0	4
472	120	12	0	5
314	120	14	0	3
279	120	19	0	1
290	120	10	0	4
880	120	0	0	2
660	120	0	0	1
599	120	19	0	3
417	120	17	0	2
620	140	0	0	4
650	140	10	0	2
707	140	7	0	2
59	140	19	0	1
712	140	12	0	4
262	140	2	0	2
230	140	10	0	3
882	140	2	0	3
881	140	1	0	2
450	140	10	0	3
919	140	19	0	5
601	140	1	0	1
416	140	16	0	4
318	140	18	0	4
807	140	7	0	3
471	140	11	0	5
506	140	6	0	3
864	140	4	0	3
897	140	17	0	3
1	140	1	0	1
399	140	19	0	4
405	140	5	0	3
577	140	17	0	4
731	140	11	0	2
95	140	15	0	3
200	140	0	0	4
174	140	14	0	4
593	140	13	0	4
798	140	18	0	4
880	140	0	0	4
280	140	0	0	4
291	140	11	0	4
764	140	4	0	3
537	140	17	0	2
823	140	3	0	3
505	140	5	0	4
592	140	12	0	3
661	140	1	0	3
82	140	2	0	3
254	140	14	0	4
642	140	2	0	3
128	140	8	0	4
148	140	8	0	1
7	140	7	0	5
43	140	3	0	4
901	140	1	0	4
234	140	14	0	2
429	140	9	0	1
487	140	7	0	3
495	140	15	0	5
472	140	12	0	3
222	140	2	0	1
878	140	18	0	2
805	140	5	0	3
541	140	1	0	5
749	140	9	0	3
38	140	18	0	5
250	140	10	0	3
846	140	6	0	4
454	140	14	0	3
887	140	7	0	5
334	160	14	0	4
749	160	9	0	3
664	160	4	0	3
1	160	1	0	4
435	160	15	0	5
174	160	14	0	5
889	160	9	0	4
716	160	16	0	2
92	160	12	0	4
297	160	17	0	1
707	160	7	0	5
60	160	0	0	4
655	160	15	0	3
385	160	5	0	4
144	160	4	0	2
10	160	10	0	4
896	160	16	0	3
543	160	3	0	3
833	160	13	0	5
653	160	13	0	3
194	160	14	0	2
207	160	7	0	2
389	160	9	0	4
916	160	16	0	3
210	160	10	0	4
342	160	2	0	3
933	160	13	0	3
327	160	7	0	4
16	160	16	0	4
184	160	4	0	3
629	160	9	0	4
339	160	19	0	5
151	160	11	0	4
886	160	6	0	1
868	160	8	0	4
269	160	9	0	2
303	160	3	0	4
457	160	17	0	4
308	160	8	0	4
305	160	5	0	4
804	160	4	0	4
13	160	13	0	4
478	160	18	0	2
468	160	8	0	3
331	160	11	0	5
586	160	6	0	4
823	160	3	0	4
851	160	11	0	5
487	160	7	0	4
650	160	10	0	3
234	160	14	0	2
301	160	1	0	2
737	160	17	0	4
222	160	2	0	1
276	160	16	0	4
561	160	1	0	3
185	160	5	0	1
498	160	18	0	5
177	160	17	0	4
293	160	13	0	4
318	160	18	0	3
94	160	14	0	4
160	160	0	0	5
835	160	15	0	3
64	160	4	0	4
85	160	5	0	3
378	160	18	0	2
615	160	15	0	3
201	160	1	0	5
833	180	13	0	5
16	180	16	0	5
363	180	3	0	3
640	180	0	0	5
215	180	15	0	3
933	180	13	0	5
504	180	4	0	4
343	180	3	0	5
226	180	6	0	4
738	180	18	0	5
557	180	17	0	5
450	180	10	0	4
913	180	13	0	3
391	180	11	0	5
399	180	19	0	3
338	180	18	0	4
796	180	16	0	2
371	180	11	0	4
387	180	7	0	4
551	180	11	0	5
561	180	1	0	4
331	180	11	0	5
607	180	7	0	4
848	180	8	0	2
627	180	7	0	5
321	180	1	0	4
916	180	16	0	5
846	180	6	0	5
244	180	4	0	4
311	180	11	0	4
301	180	1	0	3
347	180	7	0	5
479	180	19	0	4
686	180	6	0	5
378	180	18	0	3
452	180	12	0	4
122	180	2	0	5
805	180	5	0	3
727	180	7	0	3
788	180	8	0	4
592	180	12	0	5
621	180	1	0	4
666	180	6	0	4
716	180	16	0	3
339	180	19	0	5
327	180	7	0	4
748	180	8	0	4
661	180	1	0	5
201	180	1	0	3
615	180	15	0	4
711	180	11	0	4
392	180	12	0	5
886	180	6	0	5
222	180	2	0	3
747	180	7	0	5
267	180	7	0	5
767	180	7	0	5
271	180	11	0	5
559	180	19	0	4
741	180	1	0	4
606	180	6	0	4
94	180	14	0	5
536	180	16	0	4
648	180	8	0	1
207	180	7	0	3
847	180	7	0	2
10	180	10	0	5
781	180	1	0	4
867	180	7	0	5
85	180	5	0	4
821	180	1	0	5
887	180	7	0	4
458	180	18	0	4
881	180	1	0	5
87	180	7	0	4
312	180	12	0	4
382	180	2	0	5
7	180	7	0	5
851	180	11	0	5
6	180	6	0	4
786	180	6	0	4
114	180	14	0	3
456	180	16	0	4
121	180	1	0	3
198	180	18	0	3
13	180	13	0	5
901	180	1	0	2
777	180	17	0	5
292	180	12	0	5
447	180	7	0	5
650	180	10	0	3
659	180	19	0	5
508	180	8	0	5
41	180	1	0	5
522	180	2	0	5
429	180	9	0	5
488	180	8	0	2
542	180	2	0	3
90	180	10	0	4
212	180	12	0	1
60	180	0	0	4
880	180	0	0	5
468	180	8	0	5
73	180	13	0	4
1	180	1	0	3
892	180	12	0	5
279	180	19	0	2
11	180	11	0	2
213	180	13	0	5
854	180	14	0	4
178	180	18	0	3
233	180	13	0	5
305	180	5	0	4
749	180	9	0	4
903	180	3	0	5
932	180	12	0	4
774	180	14	0	5
737	180	17	0	4
498	180	18	0	4
325	180	5	0	4
259	180	19	0	5
328	180	8	0	4
897	180	17	0	5
29	180	9	0	4
239	180	19	0	5
308	180	8	0	5
263	180	3	0	4
237	180	17	0	4
293	180	13	0	5
316	180	16	0	4
694	180	14	0	4
92	180	12	0	5
296	180	16	0	5
313	180	13	0	5
682	180	2	0	3
843	180	3	0	3
210	180	10	0	4
288	180	8	0	5
333	180	13	0	1
194	180	14	0	3
268	180	8	0	3
276	180	16	0	5
280	180	0	0	4
806	180	6	0	4
72	180	12	0	4
373	180	13	0	3
118	180	18	0	5
823	180	3	0	4
415	180	15	0	5
407	180	7	0	4
62	180	2	0	4
109	180	9	0	3
385	180	5	0	4
899	180	19	0	3
514	180	14	0	3
645	180	5	0	4
248	180	8	0	3
836	180	16	0	5
527	180	7	0	5
417	180	17	0	5
214	180	14	0	5
804	180	4	0	4
188	180	8	0	5
340	180	0	0	3
406	180	6	0	5
840	180	0	0	5
663	180	3	0	4
380	180	0	0	2
875	180	15	0	5
409	180	9	0	5
862	180	2	0	5
315	180	15	0	4
474	180	14	0	5
128	180	8	0	5
290	180	10	0	1
493	180	13	0	4
189	180	9	0	5
144	180	4	0	4
882	180	2	0	4
896	180	16	0	5
533	180	13	0	3
346	180	6	0	5
766	180	6	0	4
704	180	4	0	4
437	180	17	0	4
603	180	3	0	4
835	180	15	0	5
605	180	5	0	4
573	180	13	0	4
234	180	14	0	3
457	180	17	0	5
326	180	6	0	1
535	180	15	0	4
543	180	3	0	4
24	180	4	0	5
156	180	16	0	5
664	180	4	0	4
888	180	8	0	4
653	180	13	0	5
405	180	5	0	3
354	180	14	0	3
868	180	8	0	4
116	180	16	0	5
483	180	3	0	2
425	180	5	0	4
59	180	19	0	4
693	180	13	0	3
95	180	15	0	3
700	180	0	0	3
18	180	18	0	4
889	180	9	0	4
710	180	10	0	4
323	180	3	0	5
753	180	13	0	2
537	180	17	0	4
870	180	10	0	3
778	180	18	0	4
269	180	9	0	3
383	180	3	0	5
524	180	4	0	4
465	180	5	0	3
259	200	19	0	4
942	200	2	0	4
343	200	3	0	2
447	200	7	0	3
933	200	13	0	4
298	200	18	0	3
236	200	16	0	3
943	200	3	0	4
887	200	7	0	1
643	200	3	0	3
919	200	19	0	4
374	200	14	0	5
774	200	14	0	2
210	200	10	0	5
264	200	4	0	5
280	200	0	0	5
629	200	9	0	4
804	200	4	0	3
201	200	1	0	5
28	200	8	0	2
593	200	13	0	5
835	200	15	0	4
274	200	14	0	4
407	200	7	0	4
271	200	11	0	5
908	200	8	0	2
457	200	17	0	5
10	200	10	0	5
618	200	18	0	5
435	200	15	0	5
254	200	14	0	3
330	200	10	0	5
709	200	9	0	4
749	200	9	0	4
334	200	14	0	4
339	200	19	0	5
325	200	5	0	2
847	200	7	0	3
896	200	16	0	4
372	200	12	0	5
606	200	6	0	5
24	200	4	0	5
222	200	2	0	3
583	200	3	0	5
345	200	5	0	4
648	200	8	0	2
617	200	17	0	5
326	200	6	0	2
868	200	8	0	3
543	200	3	0	4
922	200	2	0	3
815	200	15	0	5
216	200	16	0	5
262	200	2	0	3
763	200	3	0	4
16	200	16	0	5
514	200	14	0	2
388	200	8	0	5
313	200	13	0	3
49	200	9	0	3
778	200	18	0	5
59	200	19	0	5
297	200	17	0	3
118	200	18	0	5
890	200	10	0	4
92	200	12	0	3
773	200	13	0	4
109	200	9	0	2
665	200	5	0	4
377	200	17	0	5
391	200	11	0	5
710	200	10	0	4
387	200	7	0	5
303	200	3	0	4
854	200	14	0	5
385	200	5	0	3
305	200	5	0	3
421	200	1	0	3
308	200	8	0	5
416	200	16	0	5
60	200	0	0	4
796	200	16	0	5
814	200	14	0	4
1	200	1	0	3
551	200	11	0	4
95	200	15	0	2
468	200	8	0	4
178	200	18	0	3
253	200	13	0	4
58	200	18	0	3
913	200	13	0	5
250	200	10	0	5
269	200	9	0	4
899	200	19	0	4
12	200	12	0	1
604	200	4	0	1
76	200	16	0	5
561	200	1	0	4
504	200	4	0	4
655	200	15	0	4
450	200	10	0	3
436	200	16	0	3
522	200	2	0	4
527	200	7	0	3
786	200	6	0	5
848	200	8	0	2
383	200	3	0	5
488	200	8	0	2
802	200	2	0	4
776	200	16	0	4
21	200	1	0	5
367	200	7	0	4
270	200	10	0	5
145	200	5	0	4
378	200	18	0	3
425	200	5	0	4
864	200	4	0	4
13	200	13	0	3
276	200	16	0	5
272	200	12	0	5
846	200	6	0	4
897	200	17	0	5
924	200	4	0	4
738	200	18	0	3
546	200	6	0	5
102	200	2	0	3
805	200	5	0	5
96	200	16	0	5
508	200	8	0	4
625	200	5	0	3
347	200	7	0	4
833	200	13	0	4
6	200	6	0	3
707	200	7	0	2
479	200	19	0	5
177	200	17	0	4
379	200	19	0	4
154	200	14	0	5
255	200	15	0	3
311	200	11	0	4
577	200	17	0	3
788	200	8	0	4
862	200	2	0	5
506	200	6	0	4
417	200	17	0	4
474	200	14	0	3
653	200	13	0	4
666	200	6	0	5
327	200	7	0	4
363	200	3	0	3
38	200	18	0	5
198	200	18	0	4
650	200	10	0	4
94	200	14	0	4
7	200	7	0	5
44	200	4	0	4
495	200	15	0	5
940	200	0	0	3
881	200	1	0	2
795	200	15	0	3
716	200	16	0	4
244	200	4	0	5
621	200	1	0	4
422	200	2	0	5
234	200	14	0	5
151	200	11	0	3
5	200	5	0	2
925	200	5	0	2
307	200	7	0	3
497	200	17	0	3
748	200	8	0	3
886	200	6	0	3
114	200	14	0	3
213	200	13	0	5
291	200	11	0	4
392	200	12	0	3
456	200	16	0	4
764	200	4	0	4
758	200	18	0	5
366	200	6	0	5
288	200	8	0	4
426	200	6	0	2
328	200	8	0	4
537	200	17	0	3
268	200	8	0	4
380	200	0	0	4
843	200	3	0	3
900	200	0	0	2
409	200	9	0	2
694	200	14	0	4
293	200	13	0	4
880	200	0	0	4
405	200	5	0	2
455	200	15	0	5
472	200	12	0	4
18	200	18	0	3
130	200	10	0	5
806	200	6	0	4
429	200	9	0	3
56	200	16	0	4
287	200	7	0	4
586	200	6	0	4
711	200	11	0	4
661	200	1	0	3
645	200	5	0	5
437	200	17	0	4
72	220	12	0	3
181	220	1	0	4
378	220	18	0	2
563	220	3	0	4
554	220	14	0	3
342	220	2	0	1
938	220	18	0	4
540	220	0	0	3
648	220	8	0	3
698	220	18	0	3
655	220	15	0	2
314	220	14	0	4
253	220	13	0	4
854	220	14	0	4
860	220	0	0	3
184	220	4	0	3
837	220	17	0	4
92	220	12	0	1
406	220	6	0	3
839	220	19	0	3
357	220	17	0	5
593	220	13	0	3
450	220	10	0	4
345	220	5	0	3
699	220	19	0	2
178	220	18	0	3
907	220	7	0	5
599	220	19	0	5
75	220	15	0	1
759	220	19	0	5
486	220	6	0	3
128	220	8	0	1
90	220	10	0	4
764	220	4	0	3
438	220	18	0	4
274	220	14	0	4
847	220	7	0	4
82	220	2	0	2
712	220	12	0	5
434	220	14	0	5
893	220	13	0	3
642	220	2	0	4
15	220	15	0	4
280	220	0	0	5
152	220	12	0	5
244	220	4	0	2
334	220	14	0	3
707	220	7	0	2
159	220	19	0	5
374	220	14	0	2
1	220	1	0	3
256	220	16	0	3
530	220	10	0	5
416	220	16	0	4
271	220	11	0	3
672	220	12	0	2
939	220	19	0	5
733	220	13	0	2
172	220	12	0	4
238	220	18	0	3
59	220	19	0	2
931	220	11	0	3
798	220	18	0	3
459	220	19	0	3
719	220	19	0	5
588	220	8	0	5
325	240	5	0	1
246	240	6	0	3
230	240	10	0	1
903	240	3	0	4
416	240	16	0	1
130	240	10	0	4
435	240	15	0	3
665	240	5	0	5
823	240	3	0	3
89	240	9	0	4
64	240	4	0	1
14	240	14	0	5
403	240	3	0	1
749	240	9	0	1
534	240	14	0	5
348	240	8	0	3
385	240	5	0	4
620	240	0	0	5
174	240	14	0	1
117	240	17	0	3
521	240	1	0	3
622	240	2	0	3
577	240	17	0	3
395	240	15	0	1
58	240	18	0	4
250	240	10	0	4
655	240	15	0	3
582	240	2	0	4
393	240	13	0	2
677	240	17	0	5
115	240	15	0	5
265	240	5	0	3
406	240	6	0	4
245	240	5	0	1
804	240	4	0	4
320	240	0	0	3
542	240	2	0	3
32	240	12	0	2
188	240	8	0	1
57	240	17	0	2
1	240	1	0	3
893	240	13	0	4
806	240	6	0	2
389	240	9	0	3
21	240	1	0	4
921	240	1	0	1
911	240	11	0	1
442	240	2	0	2
919	240	19	0	3
279	240	19	0	4
145	240	5	0	5
566	240	6	0	3
851	240	11	0	4
663	240	3	0	3
504	240	4	0	1
773	240	13	0	2
881	240	1	0	1
927	240	7	0	3
532	240	12	0	3
586	240	6	0	3
67	240	7	0	5
99	240	19	0	4
889	240	9	0	3
303	240	3	0	3
533	240	13	0	1
181	240	1	0	1
887	240	7	0	5
342	240	2	0	3
54	240	14	0	4
16	240	16	0	4
643	240	3	0	5
346	240	6	0	1
738	240	18	0	3
167	240	7	0	1
847	240	7	0	1
718	240	18	0	1
299	240	19	0	2
264	240	4	0	4
59	240	19	0	2
332	240	12	0	4
648	240	8	0	2
906	240	6	0	3
880	240	0	0	4
938	240	18	0	2
227	240	7	0	1
457	240	17	0	3
83	240	3	0	1
551	240	11	0	3
711	240	11	0	1
249	240	9	0	4
267	240	7	0	4
472	240	12	0	4
374	240	14	0	1
176	240	16	0	4
201	240	1	0	3
339	240	19	0	4
287	240	7	0	2
222	240	2	0	2
815	240	15	0	2
497	240	17	0	4
291	240	11	0	4
930	240	10	0	1
221	240	1	0	4
595	240	15	0	3
805	240	5	0	3
886	240	6	0	3
790	240	10	0	3
624	240	4	0	2
727	240	7	0	3
621	240	1	0	4
520	240	0	0	1
75	240	15	0	1
770	240	10	0	2
795	240	15	0	2
869	240	9	0	4
347	240	7	0	5
294	240	14	0	3
495	240	15	0	4
540	240	0	0	3
254	240	14	0	1
786	240	6	0	1
560	240	0	0	3
44	240	4	0	4
690	240	10	0	1
301	240	1	0	4
897	240	17	0	4
467	240	7	0	3
793	240	13	0	4
82	240	2	0	1
244	240	4	0	3
552	240	12	0	2
561	240	1	0	1
868	240	8	0	5
518	240	18	0	1
286	240	6	0	3
682	240	2	0	4
92	240	12	0	2
758	240	18	0	3
49	240	9	0	3
293	240	13	0	2
296	240	16	0	1
634	240	14	0	3
833	240	13	0	4
26	240	6	0	3
276	240	16	0	4
538	240	18	0	2
719	240	19	0	1
268	240	8	0	2
865	240	5	0	2
774	240	14	0	1
642	240	2	0	3
630	240	10	0	3
160	240	0	0	4
69	240	9	0	3
439	240	19	0	3
717	240	17	0	2
497	260	17	0	4
3	260	3	0	4
466	260	6	0	4
854	260	14	0	3
173	260	13	0	4
601	260	1	0	4
193	260	13	0	1
250	260	10	0	4
782	260	2	0	2
54	260	14	0	4
606	260	6	0	3
135	260	15	0	3
229	260	9	0	1
422	260	2	0	3
447	260	7	0	2
738	260	18	0	2
347	260	7	0	1
938	260	18	0	4
7	260	7	0	1
276	260	16	0	3
4	260	4	0	4
246	260	6	0	5
181	260	1	0	1
489	260	9	0	3
551	260	11	0	5
206	260	6	0	3
852	260	12	0	3
616	260	16	0	3
324	260	4	0	5
414	260	14	0	3
592	260	12	0	4
697	260	17	0	3
70	260	10	0	2
363	260	3	0	2
201	260	1	0	4
721	260	1	0	3
92	260	12	0	1
268	260	8	0	3
8	260	8	0	3
44	260	4	0	4
919	260	19	0	4
529	260	9	0	4
450	260	10	0	2
599	260	19	0	1
13	260	13	0	1
773	260	13	0	2
80	260	0	0	1
263	260	3	0	2
94	260	14	0	2
454	260	14	0	1
11	260	11	0	1
126	260	6	0	1
102	260	2	0	2
844	260	4	0	1
717	260	17	0	1
802	260	2	0	4
464	260	4	0	2
294	260	14	0	4
509	260	9	0	2
752	260	12	0	3
913	260	13	0	1
177	260	17	0	2
392	260	12	0	1
624	260	4	0	2
396	260	16	0	3
907	260	7	0	2
783	260	3	0	4
831	260	11	0	2
413	260	13	0	1
663	260	3	0	2
327	260	7	0	1
303	260	3	0	3
493	260	13	0	1
836	260	16	0	2
159	260	19	0	2
588	260	8	0	2
716	260	16	0	1
137	260	17	0	3
435	260	15	0	3
605	260	5	0	4
169	260	9	0	1
353	260	13	0	1
472	260	12	0	4
526	260	6	0	1
566	260	6	0	2
803	260	3	0	3
21	260	1	0	2
165	260	5	0	3
451	260	11	0	5
488	260	8	0	2
839	260	19	0	2
178	260	18	0	1
816	260	16	0	3
832	260	12	0	3
880	260	0	0	4
417	260	17	0	3
145	260	5	0	4
695	260	15	0	4
116	260	16	0	2
896	260	16	0	2
893	260	13	0	2
328	260	8	0	2
620	260	0	0	5
487	260	7	0	2
587	260	7	0	4
33	260	13	0	4
862	260	2	0	5
598	260	18	0	3
1	260	1	0	1
727	260	7	0	1
560	260	0	0	1
355	260	15	0	4
894	260	14	0	2
925	260	5	0	3
443	260	3	0	1
133	260	13	0	1
804	260	4	0	2
826	260	6	0	3
317	260	17	0	4
511	260	11	0	4
459	260	19	0	2
784	260	4	0	4
335	260	15	0	3
689	260	9	0	3
757	260	17	0	3
343	260	3	0	1
151	260	11	0	1
655	280	15	0	2
637	280	17	0	2
374	280	14	0	3
234	280	14	0	3
429	280	9	0	2
274	280	14	0	1
128	280	8	0	1
101	280	1	0	3
393	280	13	0	4
503	280	3	0	1
764	280	4	0	4
43	280	3	0	3
293	280	13	0	2
81	280	1	0	4
487	280	7	0	5
682	280	2	0	3
663	280	3	0	3
347	280	7	0	4
891	280	11	0	3
551	280	11	0	3
622	280	2	0	3
198	280	18	0	3
518	280	18	0	4
540	280	0	0	3
66	280	6	0	4
749	280	9	0	4
486	280	6	0	2
286	280	6	0	4
168	280	8	0	4
872	280	12	0	3
923	280	3	0	3
921	280	1	0	3
916	280	16	0	2
230	280	10	0	4
450	280	10	0	4
904	280	4	0	5
630	280	10	0	2
13	280	13	0	4
798	280	18	0	2
178	280	18	0	4
552	280	12	0	3
796	280	16	0	4
378	280	18	0	2
763	280	3	0	2
243	280	3	0	1
106	280	6	0	2
314	280	14	0	3
52	280	12	0	3
880	280	0	0	2
200	280	0	0	4
144	280	4	0	1
697	280	17	0	3
193	280	13	0	4
717	280	17	0	4
357	280	17	0	5
224	280	4	0	4
344	280	4	0	3
56	280	16	0	4
672	280	12	0	2
576	280	16	0	5
345	280	5	0	3
593	280	13	0	3
741	280	1	0	3
401	280	1	0	2
438	280	18	0	5
939	280	19	0	5
216	280	16	0	2
837	280	17	0	2
599	280	19	0	5
181	280	1	0	4
222	280	2	0	3
174	280	14	0	5
888	280	8	0	3
708	280	8	0	4
661	280	1	0	3
900	280	0	0	2
15	280	15	0	3
42	280	2	0	4
786	280	6	0	3
477	280	17	0	4
152	280	12	0	5
256	280	16	0	5
639	280	19	0	3
2	280	2	0	3
894	280	14	0	3
844	300	4	0	3
730	300	10	0	3
509	300	9	0	3
750	300	10	0	3
3	300	3	0	2
224	300	4	0	4
569	300	9	0	3
515	300	15	0	5
710	300	10	0	3
589	300	9	0	5
74	300	14	0	3
770	300	10	0	5
940	300	0	0	5
905	300	5	0	4
43	300	3	0	5
489	300	9	0	5
63	300	3	0	4
920	300	0	0	3
204	300	4	0	3
615	300	15	0	4
877	300	17	0	3
258	300	18	0	5
629	300	9	0	4
418	300	18	0	3
880	300	0	0	3
238	300	18	0	4
857	300	17	0	3
438	300	18	0	4
83	300	3	0	3
455	300	15	0	4
284	300	4	0	3
669	300	9	0	4
103	300	3	0	3
635	300	15	0	3
817	300	17	0	3
725	300	5	0	4
797	300	17	0	2
198	300	18	0	2
134	300	14	0	3
689	300	9	0	5
705	300	5	0	5
304	300	4	0	5
163	300	3	0	3
324	300	4	0	5
178	300	18	0	5
478	300	18	0	3
223	300	3	0	3
435	300	15	0	2
810	300	10	0	5
729	300	9	0	4
749	300	9	0	4
26	300	6	0	4
717	300	17	0	5
518	300	18	0	3
164	300	4	0	5
263	300	3	0	3
46	300	6	0	3
860	300	0	0	4
850	300	10	0	5
630	300	10	0	4
840	300	0	0	3
529	300	9	0	4
384	300	4	0	4
697	300	17	0	5
655	300	15	0	3
66	300	6	0	5
404	300	4	0	4
86	300	6	0	3
58	300	18	0	4
677	300	17	0	5
429	300	9	0	3
395	300	15	0	3
578	300	18	0	4
598	300	18	0	4
657	300	17	0	2
375	300	15	0	4
144	300	4	0	3
355	300	15	0	4
625	300	5	0	3
424	300	4	0	2
335	300	15	0	5
444	300	4	0	4
800	300	0	0	4
464	300	4	0	4
809	300	9	0	4
126	300	6	0	4
637	300	17	0	3
605	300	5	0	2
550	300	10	0	4
780	300	0	0	3
146	300	6	0	3
303	300	3	0	1
166	300	6	0	5
760	300	0	0	1
597	300	17	0	5
740	300	0	0	4
409	300	9	0	3
186	300	6	0	5
510	300	10	0	5
484	300	4	0	4
678	300	18	0	4
937	300	17	0	4
698	300	18	0	4
323	300	3	0	2
275	300	15	0	4
234	300	14	0	3
206	300	6	0	1
718	300	18	0	5
104	300	4	0	3
255	300	15	0	3
504	300	4	0	4
389	300	9	0	3
535	300	15	0	3
557	300	17	0	4
889	300	9	0	3
274	300	14	0	5
525	300	5	0	4
450	300	10	0	4
873	300	13	0	4
294	300	14	0	4
853	300	13	0	5
758	300	18	0	2
909	300	9	0	5
537	300	17	0	1
215	300	15	0	3
329	300	9	0	4
910	300	10	0	4
695	300	15	0	1
195	300	15	0	3
505	300	5	0	4
84	300	4	0	4
813	300	13	0	4
620	300	0	0	3
309	300	9	0	3
155	300	15	0	2
465	300	5	0	3
16	300	16	0	5
64	300	4	0	3
930	300	10	0	4
445	300	5	0	1
39	300	19	0	3
544	300	4	0	4
564	300	4	0	4
753	300	13	0	1
735	300	15	0	4
423	300	3	0	3
580	300	0	0	3
56	300	16	0	4
755	300	15	0	4
334	300	14	0	3
775	300	15	0	4
713	300	13	0	2
517	300	17	0	5
425	300	5	0	2
818	300	18	0	2
497	300	17	0	3
693	300	13	0	2
430	300	10	0	3
540	300	0	0	3
624	300	4	0	4
673	300	13	0	3
838	300	18	0	2
653	300	13	0	4
116	300	16	0	3
520	300	0	0	4
410	300	10	0	3
644	300	4	0	5
35	300	15	0	5
15	300	15	0	4
390	300	10	0	5
500	300	0	0	4
633	300	13	0	4
898	300	18	0	2
942	300	2	0	5
249	300	9	0	4
24	300	4	0	4
938	300	18	0	3
4	300	4	0	5
229	300	9	0	2
414	300	14	0	4
440	300	0	0	3
902	300	2	0	4
704	300	4	0	2
346	300	6	0	5
99	300	19	0	4
533	300	13	0	4
724	300	4	0	3
400	300	0	0	4
454	300	14	0	4
88	300	8	0	3
875	300	15	0	3
919	300	19	0	4
493	300	13	0	4
128	300	8	0	5
169	300	9	0	5
380	300	0	0	3
149	300	9	0	3
663	300	3	0	4
915	300	15	0	3
802	300	2	0	4
129	300	9	0	3
784	300	4	0	4
935	300	15	0	4
433	300	13	0	3
683	300	3	0	3
168	300	8	0	5
413	300	13	0	4
188	300	8	0	4
494	300	14	0	5
703	300	3	0	4
12	300	12	0	4
782	300	2	0	4
743	300	3	0	4
320	300	0	0	4
119	300	19	0	5
300	300	0	0	4
879	300	19	0	3
783	300	3	0	4
534	300	14	0	4
803	300	3	0	3
722	300	2	0	3
378	300	18	0	4
702	300	2	0	3
276	300	16	0	4
574	300	14	0	4
179	300	19	0	4
317	300	17	0	4
69	300	9	0	3
819	300	19	0	5
353	300	13	0	3
333	300	13	0	4
634	300	14	0	3
288	300	8	0	5
313	300	13	0	4
297	300	17	0	3
260	300	0	0	3
843	300	3	0	3
682	300	2	0	2
779	300	19	0	3
210	300	10	0	4
240	300	0	0	3
446	300	6	0	3
863	300	3	0	5
654	300	14	0	5
220	300	0	0	5
345	300	5	0	3
674	300	14	0	3
190	300	10	0	4
759	300	19	0	5
170	300	10	0	5
694	300	14	0	4
49	300	9	0	1
239	300	19	0	1
29	300	9	0	3
466	300	6	0	3
714	300	14	0	5
884	300	4	0	1
130	300	10	0	5
356	300	16	0	3
217	300	17	0	4
197	300	17	0	4
293	300	13	0	2
396	300	16	0	3
904	300	4	0	4
774	300	14	0	2
719	300	19	0	2
177	300	17	0	2
253	300	13	0	4
699	300	19	0	3
328	300	8	0	5
924	300	4	0	2
486	300	6	0	4
112	300	12	0	4
100	300	0	0	4
834	300	14	0	3
137	300	17	0	5
11	300	11	0	3
305	300	5	0	3
602	300	2	0	3
388	300	8	0	4
193	300	13	0	4
285	300	5	0	4
173	300	13	0	4
408	300	8	0	3
265	300	5	0	5
582	300	2	0	3
133	300	13	0	3
113	300	13	0	3
428	300	8	0	5
91	300	11	0	4
245	300	5	0	4
506	300	6	0	3
110	300	10	0	3
90	300	10	0	3
40	300	0	0	3
33	300	13	0	4
892	300	12	0	4
205	300	5	0	3
416	300	16	0	4
894	300	14	0	4
488	300	8	0	4
931	300	11	0	5
502	300	2	0	2
941	300	1	0	4
526	300	6	0	2
252	300	12	0	4
872	300	12	0	5
462	300	2	0	5
21	300	1	0	3
145	300	5	0	3
7	300	7	0	4
546	300	6	0	3
292	300	12	0	4
151	300	11	0	4
61	300	1	0	5
871	300	11	0	4
548	300	8	0	5
13	300	13	0	1
812	300	12	0	5
639	300	19	0	3
121	300	1	0	3
927	300	7	0	5
772	300	12	0	4
141	300	1	0	5
476	300	16	0	5
70	300	10	0	4
87	300	7	0	3
362	300	2	0	5
191	300	11	0	4
831	300	11	0	3
125	300	5	0	5
211	300	11	0	2
619	300	19	0	5
752	300	12	0	3
732	300	12	0	4
181	300	1	0	3
231	300	11	0	4
841	300	1	0	4
811	300	11	0	5
299	300	19	0	4
251	300	11	0	4
107	300	7	0	1
127	300	7	0	5
791	300	11	0	5
801	300	1	0	5
867	300	7	0	2
608	300	8	0	1
187	300	7	0	4
332	300	12	0	5
271	300	11	0	2
282	300	2	0	3
628	300	8	0	5
827	300	7	0	3
692	300	12	0	4
751	300	11	0	2
807	300	7	0	5
559	300	19	0	4
85	300	5	0	3
721	300	1	0	5
926	300	6	0	3
652	300	12	0	4
596	300	16	0	4
906	300	6	0	3
787	300	7	0	4
616	300	16	0	4
247	300	7	0	2
767	300	7	0	4
656	300	16	0	2
701	300	1	0	3
668	300	8	0	4
612	300	12	0	4
676	300	16	0	4
646	300	6	0	3
708	300	8	0	4
222	300	2	0	5
392	300	12	0	2
661	300	1	0	3
716	300	16	0	5
666	300	6	0	3
748	300	8	0	4
327	300	7	0	2
499	300	19	0	4
621	300	1	0	3
768	300	8	0	5
311	300	11	0	4
866	300	6	0	1
432	300	12	0	4
241	300	1	0	4
261	300	1	0	5
281	300	1	0	4
479	300	19	0	2
379	300	19	0	3
611	300	11	0	5
788	300	8	0	5
347	300	7	0	5
102	300	2	0	3
756	300	16	0	4
936	300	16	0	3
301	300	1	0	4
808	300	8	0	4
687	300	7	0	4
591	300	11	0	3
647	300	7	0	4
572	300	12	0	4
627	300	7	0	4
552	300	12	0	4
459	300	19	0	4
351	300	11	0	5
587	300	7	0	4
796	300	16	0	4
391	300	11	0	2
551	300	11	0	4
532	300	12	0	5
885	300	5	0	4
908	300	8	0	3
816	300	16	0	4
439	300	19	0	4
896	300	16	0	2
531	300	11	0	4
856	300	16	0	4
507	300	7	0	5
427	300	7	0	4
511	300	11	0	4
441	300	1	0	3
487	300	7	0	5
419	300	19	0	4
2	300	2	0	4
447	300	7	0	4
521	300	1	0	3
431	300	11	0	4
451	300	11	0	4
21	320	1	0	3
655	320	15	0	5
342	320	2	0	5
731	320	11	0	1
617	320	17	0	5
264	320	4	0	4
368	320	8	0	5
399	320	19	0	3
3	320	3	0	5
592	320	12	0	5
13	320	13	0	1
833	320	13	0	4
385	320	5	0	3
747	320	7	0	5
758	320	18	0	5
896	320	16	0	3
49	320	9	0	5
118	320	18	0	5
387	320	7	0	4
292	320	12	0	5
923	340	3	0	5
192	340	12	0	4
149	340	9	0	4
540	340	0	0	4
436	340	16	0	5
448	340	8	0	4
324	340	4	0	5
58	340	18	0	4
423	340	3	0	4
412	340	12	0	4
695	340	15	0	4
174	340	14	0	5
64	340	4	0	4
157	340	17	0	5
683	340	3	0	4
920	340	0	0	4
383	340	3	0	5
657	340	17	0	4
397	340	17	0	2
85	340	5	0	3
13	340	13	0	2
717	340	17	0	4
220	340	0	0	4
487	340	7	0	1
229	340	9	0	4
327	340	7	0	4
478	340	18	0	5
539	340	19	0	2
361	340	1	0	3
685	340	5	0	2
668	340	8	0	4
147	340	7	0	4
335	340	15	0	5
54	340	14	0	4
537	340	17	0	4
907	340	7	0	2
450	340	10	0	4
713	340	13	0	3
918	340	18	0	1
758	340	18	0	3
752	340	12	0	4
634	340	14	0	4
287	340	7	0	5
445	340	5	0	5
489	340	9	0	4
567	340	7	0	3
74	340	14	0	5
269	340	9	0	5
318	340	18	0	4
282	340	2	0	3
656	340	16	0	3
628	340	8	0	5
446	340	6	0	2
440	340	0	0	2
250	340	10	0	4
365	340	5	0	5
6	340	6	0	2
100	340	0	0	3
146	340	6	0	4
556	340	16	0	5
511	340	11	0	4
574	340	14	0	1
261	340	1	0	5
286	340	6	0	4
119	340	19	0	4
740	340	0	0	4
687	340	7	0	4
126	340	6	0	5
425	340	5	0	4
197	340	17	0	2
294	340	14	0	4
809	340	9	0	4
645	340	5	0	4
498	340	18	0	2
833	340	13	0	5
845	340	5	0	1
611	340	11	0	5
201	340	1	0	5
276	340	16	0	5
206	340	6	0	3
288	340	8	0	5
105	340	5	0	3
128	340	8	0	4
79	340	19	0	4
547	340	7	0	4
926	340	6	0	4
890	340	10	0	4
744	340	4	0	3
699	340	19	0	4
196	340	16	0	3
240	340	0	0	4
110	340	10	0	3
491	340	11	0	4
191	340	11	0	4
704	340	4	0	3
428	340	8	0	4
592	340	12	0	5
894	340	14	0	4
380	340	0	0	3
519	340	19	0	5
315	340	15	0	4
551	340	11	0	4
325	340	5	0	3
179	340	19	0	4
417	340	17	0	3
40	340	0	0	2
768	340	8	0	2
716	340	16	0	3
320	340	0	0	2
629	340	9	0	2
467	340	7	0	3
90	340	10	0	4
655	340	15	0	3
673	340	13	0	5
239	340	19	0	5
853	340	13	0	1
31	340	11	0	3
9	340	9	0	4
319	340	19	0	3
303	340	3	0	5
851	340	11	0	5
301	340	1	0	4
548	340	8	0	1
429	340	9	0	5
107	340	7	0	5
353	340	13	0	4
808	340	8	0	5
214	340	14	0	3
385	340	5	0	4
730	340	10	0	3
828	340	8	0	5
392	340	12	0	5
819	340	19	0	5
585	340	5	0	2
171	340	11	0	3
919	340	19	0	5
104	340	4	0	3
177	340	17	0	4
936	340	16	0	4
587	340	7	0	5
589	340	9	0	1
443	340	3	0	5
797	340	17	0	2
515	340	15	0	3
866	340	6	0	2
3	340	3	0	5
669	340	9	0	4
410	340	10	0	2
710	340	10	0	4
711	340	11	0	5
178	340	18	0	1
842	340	2	0	5
479	340	19	0	1
784	340	4	0	3
111	340	11	0	4
176	340	16	0	5
782	340	2	0	3
624	340	4	0	3
555	340	15	0	4
184	340	4	0	5
204	340	4	0	5
273	340	13	0	3
284	340	4	0	4
755	340	15	0	1
803	340	3	0	5
247	340	7	0	3
831	340	11	0	4
334	340	14	0	3
863	340	3	0	3
529	340	9	0	1
350	340	10	0	4
877	340	17	0	3
605	340	5	0	4
870	340	10	0	3
351	340	11	0	1
414	340	14	0	4
116	340	16	0	3
433	340	13	0	3
608	340	8	0	4
190	340	10	0	1
743	340	3	0	3
10	340	10	0	4
125	340	5	0	1
874	340	14	0	3
47	340	7	0	5
570	340	10	0	3
399	340	19	0	2
754	340	14	0	2
569	340	9	0	4
355	360	15	0	4
489	360	9	0	5
4	360	4	0	5
206	360	6	0	1
448	360	8	0	4
470	360	10	0	2
451	360	11	0	3
871	360	11	0	3
13	360	13	0	4
181	360	1	0	1
921	380	1	0	4
145	380	5	0	3
311	380	11	0	4
881	380	1	0	4
472	380	12	0	5
5	380	5	0	3
727	380	7	0	3
721	380	1	0	5
537	380	17	0	2
749	380	9	0	3
790	380	10	0	4
864	380	4	0	3
109	380	9	0	5
886	380	6	0	3
774	380	14	0	2
268	380	8	0	2
393	380	13	0	2
653	380	13	0	3
846	380	6	0	3
363	380	3	0	4
932	380	12	0	4
85	380	5	0	4
267	380	7	0	2
577	380	17	0	3
922	380	2	0	4
514	380	14	0	4
339	380	19	0	3
72	380	12	0	1
378	380	18	0	3
280	380	0	0	2
23	380	3	0	5
788	380	8	0	3
650	380	10	0	2
59	380	19	0	3
279	380	19	0	4
927	380	7	0	5
210	380	10	0	4
215	380	15	0	3
70	380	10	0	3
524	380	4	0	2
394	380	14	0	4
180	380	0	0	5
183	380	3	0	4
435	380	15	0	3
387	380	7	0	2
815	380	15	0	3
62	380	2	0	5
533	380	13	0	4
290	380	10	0	3
254	380	14	0	4
766	380	6	0	2
94	380	14	0	3
128	380	8	0	4
798	380	18	0	3
474	380	14	0	4
373	380	13	0	4
916	380	16	0	2
551	380	11	0	3
660	380	0	0	2
151	380	11	0	5
622	380	2	0	4
417	380	17	0	3
244	380	4	0	4
588	380	8	0	3
625	380	5	0	3
715	380	15	0	3
455	380	15	0	3
682	380	2	0	4
456	380	16	0	3
807	380	7	0	4
194	380	14	0	1
536	380	16	0	4
751	380	11	0	3
224	380	4	0	4
293	380	13	0	2
804	380	4	0	4
7	380	7	0	4
222	380	2	0	4
307	380	7	0	3
738	380	18	0	3
429	380	9	0	3
337	380	17	0	4
521	380	1	0	3
201	380	1	0	1
127	380	7	0	5
758	380	18	0	4
711	380	11	0	3
882	380	2	0	5
880	380	0	0	3
496	380	16	0	2
301	380	1	0	4
328	380	8	0	3
200	380	0	0	5
578	380	18	0	3
896	380	16	0	2
295	380	15	0	4
495	380	15	0	3
42	380	2	0	4
506	380	6	0	4
450	380	10	0	5
843	380	3	0	3
487	380	7	0	2
275	380	15	0	3
405	380	5	0	2
892	380	12	0	4
479	380	19	0	3
276	380	16	0	3
561	380	1	0	2
545	380	5	0	3
702	380	2	0	4
44	380	4	0	4
399	380	19	0	3
603	380	3	0	4
483	380	3	0	3
28	380	8	0	4
457	380	17	0	4
13	400	13	0	4
5	400	5	0	1
38	400	18	0	1
846	400	6	0	1
504	400	4	0	3
472	400	12	0	5
642	400	2	0	4
399	400	19	0	3
921	400	1	0	4
407	400	7	0	1
798	400	18	0	3
405	400	5	0	1
450	400	10	0	3
436	400	16	0	3
705	400	5	0	4
881	400	1	0	2
254	400	14	0	3
712	400	12	0	3
416	420	16	0	3
892	420	12	0	2
882	420	2	0	5
49	420	9	0	4
807	420	7	0	3
749	420	9	0	4
650	420	10	0	3
293	420	13	0	4
716	420	16	0	4
210	420	10	0	4
881	420	1	0	3
303	420	3	0	4
541	420	1	0	4
682	420	2	0	3
756	420	16	0	4
711	420	11	0	5
911	420	11	0	4
276	420	16	0	4
13	420	13	0	4
291	420	11	0	4
313	420	13	0	5
710	420	10	0	4
95	420	15	0	4
5	420	5	0	3
246	420	6	0	3
642	420	2	0	4
10	420	10	0	4
618	420	18	0	3
94	420	14	0	4
38	420	18	0	5
927	420	7	0	5
311	420	11	0	1
940	420	0	0	4
301	420	1	0	3
7	420	7	0	5
794	420	14	0	4
437	420	17	0	3
399	420	19	0	3
295	420	15	0	4
805	420	5	0	4
542	420	2	0	3
643	420	3	0	4
405	420	5	0	5
64	420	4	0	3
504	420	4	0	3
452	420	12	0	3
85	420	5	0	4
373	420	13	0	4
406	420	6	0	4
130	420	10	0	5
200	420	0	0	5
151	420	11	0	5
826	420	6	0	3
497	420	17	0	3
230	420	10	0	5
758	420	18	0	3
275	420	15	0	2
435	420	15	0	4
620	420	0	0	3
236	420	16	0	4
280	420	0	0	3
887	420	7	0	5
389	420	9	0	3
60	420	0	0	4
472	420	12	0	3
378	420	18	0	4
262	420	2	0	3
843	420	3	0	3
393	420	13	0	3
471	420	11	0	1
532	420	12	0	4
308	420	8	0	4
798	420	18	0	3
417	420	17	0	4
885	420	5	0	4
496	420	16	0	3
621	420	1	0	4
712	420	12	0	3
934	420	14	0	4
896	420	16	0	4
707	420	7	0	3
21	440	1	0	1
802	440	2	0	3
7	440	7	0	1
776	440	16	0	2
504	440	4	0	3
13	440	13	0	1
5	440	5	0	1
843	440	3	0	1
727	440	7	0	1
617	440	17	0	4
497	440	17	0	1
429	440	9	0	1
201	440	1	0	2
405	440	5	0	1
833	460	13	0	2
293	460	13	0	3
75	460	15	0	5
637	460	17	0	2
227	460	7	0	2
181	460	1	0	1
592	460	12	0	3
458	460	18	0	4
413	460	13	0	3
923	460	3	0	4
391	460	11	0	4
291	460	11	0	5
537	460	17	0	2
145	460	5	0	1
178	460	18	0	2
139	460	19	0	3
595	460	15	0	4
347	460	7	0	3
634	460	14	0	3
256	460	16	0	4
303	460	3	0	4
445	460	5	0	2
6	460	6	0	2
456	460	16	0	3
551	460	11	0	3
486	460	6	0	4
160	460	0	0	2
548	460	8	0	4
562	480	2	0	4
73	480	13	0	4
664	480	4	0	5
123	480	3	0	3
249	480	9	0	5
592	480	12	0	4
686	480	6	0	5
532	480	12	0	5
707	480	7	0	3
715	480	15	0	5
198	480	18	0	4
169	480	9	0	4
522	480	2	0	5
474	480	14	0	5
312	480	12	0	5
184	480	4	0	4
924	480	4	0	3
380	480	0	0	4
498	480	18	0	5
58	480	18	0	3
862	480	2	0	5
846	480	6	0	5
325	480	5	0	4
445	480	5	0	3
670	480	10	0	5
299	480	19	0	4
745	480	5	0	3
731	480	11	0	4
178	480	18	0	3
488	480	8	0	3
479	480	19	0	5
454	480	14	0	4
788	480	8	0	3
279	480	19	0	3
622	480	2	0	4
328	480	8	0	3
305	480	5	0	5
215	480	15	0	5
271	480	11	0	4
48	480	8	0	4
29	480	9	0	4
932	480	12	0	5
536	480	16	0	5
311	480	11	0	4
741	480	1	0	5
875	480	15	0	5
10	480	10	0	5
293	480	13	0	5
151	480	11	0	5
185	480	5	0	4
847	480	7	0	3
929	480	9	0	3
60	480	0	0	4
340	480	0	0	5
144	480	4	0	4
85	480	5	0	4
751	480	11	0	4
655	480	15	0	4
632	480	12	0	5
704	480	4	0	5
308	480	8	0	4
28	480	8	0	5
625	480	5	0	4
610	480	10	0	5
263	480	3	0	3
437	480	17	0	4
416	480	16	0	5
848	480	8	0	5
804	480	4	0	5
669	480	9	0	5
398	480	18	0	5
267	480	7	0	4
13	480	13	0	3
902	480	2	0	5
896	480	16	0	3
389	480	9	0	5
533	480	13	0	4
456	480	16	0	4
16	480	16	0	5
870	480	10	0	5
676	480	16	0	5
881	480	1	0	4
566	480	6	0	4
747	480	7	0	5
553	480	13	0	5
698	480	18	0	2
7	480	7	0	4
18	480	18	0	4
318	480	18	0	4
911	480	11	0	4
226	480	6	0	4
402	480	2	0	5
694	480	14	0	4
235	480	15	0	4
189	480	9	0	5
796	480	16	0	4
850	480	10	0	5
154	480	14	0	5
653	480	13	0	4
890	480	10	0	5
867	480	7	0	5
900	480	0	0	4
561	480	1	0	4
321	480	1	0	4
12	480	12	0	4
6	480	6	0	4
889	480	9	0	5
251	480	11	0	5
250	480	10	0	5
326	480	6	0	4
63	480	3	0	3
450	480	10	0	4
560	480	0	0	3
64	480	4	0	3
297	480	17	0	4
851	480	11	0	5
650	480	10	0	5
798	480	18	0	3
693	480	13	0	4
749	480	9	0	5
612	480	12	0	4
661	480	1	0	5
573	480	13	0	4
91	480	11	0	4
383	480	3	0	5
313	480	13	0	5
393	480	13	0	4
303	480	3	0	4
379	480	19	0	5
758	480	18	0	5
409	480	9	0	5
838	480	18	0	4
892	480	12	0	4
234	480	14	0	4
555	480	15	0	4
543	480	3	0	4
268	480	8	0	5
452	480	12	0	5
483	480	3	0	3
296	480	16	0	5
201	480	1	0	4
868	480	8	0	4
338	480	18	0	5
830	480	10	0	5
381	480	1	0	5
405	480	5	0	4
567	480	7	0	4
426	480	6	0	5
496	480	16	0	3
354	480	14	0	4
716	480	16	0	5
82	480	2	0	4
666	480	6	0	4
608	480	8	0	3
44	480	4	0	4
385	480	5	0	5
90	480	10	0	5
397	480	17	0	5
59	480	19	0	5
350	480	10	0	5
942	480	2	0	5
25	480	5	0	4
524	480	4	0	4
339	480	19	0	5
916	480	16	0	4
156	480	16	0	5
391	480	11	0	4
840	480	0	0	5
537	480	17	0	4
617	480	17	0	4
535	480	15	0	4
72	480	12	0	5
373	480	13	0	3
406	480	6	0	4
415	480	15	0	5
429	480	9	0	4
370	480	10	0	4
412	480	12	0	4
225	480	5	0	5
416	500	16	0	5
479	500	19	0	4
450	500	10	0	4
429	500	9	0	1
747	500	7	0	4
691	500	11	0	3
234	500	14	0	3
655	500	15	0	2
892	500	12	0	5
326	500	6	0	3
385	500	5	0	4
178	500	18	0	4
481	500	1	0	4
457	500	17	0	5
532	500	12	0	5
648	500	8	0	5
488	500	8	0	4
541	500	1	0	4
393	500	13	0	4
189	500	9	0	5
165	500	5	0	3
6	500	6	0	4
334	500	14	0	3
195	500	15	0	4
144	500	4	0	4
90	500	10	0	4
378	500	18	0	4
92	500	12	0	4
536	500	16	0	4
796	500	16	0	4
942	500	2	0	5
907	520	7	0	5
846	520	6	0	5
889	520	9	0	4
401	520	1	0	3
235	520	15	0	4
796	520	16	0	3
942	520	2	0	5
553	520	13	0	5
786	520	6	0	4
194	520	14	0	5
890	520	10	0	4
275	520	15	0	4
189	520	9	0	5
398	520	18	0	5
568	520	8	0	2
25	520	5	0	3
6	520	6	0	4
532	520	12	0	5
694	520	14	0	5
666	520	6	0	3
684	520	4	0	4
881	520	1	0	5
561	520	1	0	4
91	520	11	0	4
429	520	9	0	3
454	520	14	0	4
263	520	3	0	3
488	520	8	0	4
326	520	6	0	5
315	520	15	0	4
559	520	19	0	5
354	520	14	0	3
679	520	19	0	4
416	520	16	0	5
346	520	6	0	5
903	520	3	0	4
328	520	8	0	5
271	520	11	0	5
627	520	7	0	5
82	520	2	0	3
308	520	8	0	4
64	520	4	0	5
379	520	19	0	5
804	520	4	0	4
469	520	9	0	4
234	520	14	0	4
535	520	15	0	4
381	520	1	0	5
340	520	0	0	5
506	520	6	0	5
655	520	15	0	3
766	520	6	0	4
312	520	12	0	5
425	520	5	0	3
653	520	13	0	3
745	520	5	0	3
524	520	4	0	3
901	520	1	0	5
474	520	14	0	5
178	520	18	0	5
373	520	13	0	4
774	520	14	0	3
870	520	10	0	5
409	520	9	0	2
719	520	19	0	5
337	520	17	0	5
682	520	2	0	4
207	520	7	0	4
788	520	8	0	4
862	520	2	0	4
405	520	5	0	2
7	520	7	0	5
648	520	8	0	4
236	520	16	0	4
716	520	16	0	4
44	520	4	0	5
650	520	10	0	4
406	520	6	0	4
807	520	7	0	5
311	520	11	0	5
932	520	12	0	4
556	520	16	0	5
731	520	11	0	4
72	520	12	0	5
85	520	5	0	3
758	520	18	0	5
450	520	10	0	5
294	520	14	0	5
360	520	0	0	4
579	520	19	0	4
211	520	11	0	4
912	520	12	0	2
727	520	7	0	4
290	520	10	0	3
594	520	14	0	4
840	520	0	0	5
125	520	5	0	5
918	520	18	0	3
313	520	13	0	5
435	520	15	0	4
659	520	19	0	3
545	520	5	0	4
389	520	9	0	3
521	520	1	0	3
696	520	16	0	5
868	520	8	0	4
551	520	11	0	4
387	520	7	0	4
693	520	13	0	2
95	520	15	0	4
114	520	14	0	3
251	520	11	0	5
288	520	8	0	5
109	520	9	0	5
333	520	13	0	4
499	520	19	0	3
848	520	8	0	5
676	520	16	0	4
385	520	5	0	3
780	520	0	0	4
18	520	18	0	4
464	520	4	0	5
13	520	13	0	4
452	520	12	0	3
640	540	0	0	3
303	540	3	0	1
788	540	8	0	3
833	540	13	0	1
796	540	16	0	2
37	540	17	0	2
472	540	12	0	3
889	540	9	0	2
92	540	12	0	2
13	540	13	0	3
621	540	1	0	3
682	540	2	0	2
749	540	9	0	3
217	540	17	0	1
457	540	17	0	3
110	540	10	0	3
600	540	0	0	3
328	540	8	0	3
268	540	8	0	1
318	540	18	0	4
207	540	7	0	3
276	540	16	0	1
405	540	5	0	1
487	540	7	0	2
429	540	9	0	3
497	540	17	0	2
425	540	5	0	2
826	540	6	0	3
846	540	6	0	2
194	540	14	0	1
709	540	9	0	3
7	540	7	0	3
280	540	0	0	3
399	540	19	0	2
291	540	11	0	3
314	540	14	0	3
374	540	14	0	3
758	540	18	0	3
186	540	6	0	4
393	540	13	0	3
394	540	14	0	4
178	540	18	0	3
222	540	2	0	3
405	560	5	0	1
932	560	12	0	2
200	560	0	0	4
416	560	16	0	3
712	560	12	0	3
901	560	1	0	3
7	560	7	0	3
798	560	18	0	3
541	560	1	0	3
705	560	5	0	2
95	560	15	0	1
620	560	0	0	4
484	560	4	0	4
642	560	2	0	4
506	560	6	0	3
927	560	7	0	2
921	560	1	0	2
393	560	13	0	3
821	560	1	0	3
399	560	19	0	3
577	560	17	0	3
846	560	6	0	1
846	580	6	0	5
639	580	19	0	2
506	580	6	0	3
387	580	7	0	5
207	580	7	0	3
268	580	8	0	3
481	580	1	0	4
200	580	0	0	2
640	580	0	0	5
83	580	3	0	4
307	580	7	0	4
172	580	12	0	4
271	580	11	0	2
591	580	11	0	2
158	580	18	0	4
533	580	13	0	3
193	580	13	0	4
405	580	5	0	1
222	580	2	0	3
503	580	3	0	3
43	580	3	0	3
883	580	3	0	3
194	580	14	0	4
196	580	16	0	2
881	580	1	0	5
840	580	0	0	3
456	580	16	0	4
593	580	13	0	1
747	580	7	0	5
11	580	11	0	5
758	580	18	0	4
7	580	7	0	3
932	600	12	0	2
7	600	7	0	4
487	620	7	0	3
768	620	8	0	2
665	620	5	0	3
552	620	12	0	3
606	620	6	0	4
314	620	14	0	3
224	620	4	0	3
328	620	8	0	3
455	620	15	0	3
630	620	10	0	4
504	620	4	0	4
450	620	10	0	4
935	620	15	0	2
181	620	1	0	2
164	620	4	0	3
432	620	12	0	4
345	620	5	0	2
416	620	16	0	4
334	620	14	0	2
719	620	19	0	4
7	620	7	0	4
788	620	8	0	3
881	620	1	0	2
486	620	6	0	2
15	620	15	0	4
256	620	16	0	3
854	620	14	0	2
145	620	5	0	3
650	620	10	0	2
92	620	12	0	3
716	620	16	0	3
59	620	19	0	4
825	620	5	0	3
549	620	9	0	3
374	620	14	0	3
423	620	3	0	4
378	620	18	0	3
653	620	13	0	3
222	620	2	0	3
749	620	9	0	4
907	620	7	0	4
223	620	3	0	2
393	620	13	0	4
308	640	8	0	4
435	640	15	0	4
524	640	4	0	1
479	640	19	0	4
286	640	6	0	5
269	640	9	0	5
83	640	3	0	2
846	640	6	0	1
406	640	6	0	3
630	640	10	0	1
201	640	1	0	4
551	640	11	0	4
660	640	0	0	1
918	640	18	0	3
82	640	2	0	3
59	640	19	0	5
325	640	5	0	3
154	640	14	0	5
95	640	15	0	3
417	640	17	0	5
899	640	19	0	1
916	640	16	0	4
456	640	16	0	4
896	640	16	0	2
833	640	13	0	3
567	640	7	0	4
346	640	6	0	3
437	640	17	0	1
870	640	10	0	3
527	640	7	0	4
868	640	8	0	5
116	640	16	0	3
795	640	15	0	4
884	640	4	0	1
877	640	17	0	2
312	640	12	0	2
535	640	15	0	3
92	640	12	0	5
276	640	16	0	4
823	640	3	0	1
698	640	18	0	2
161	640	1	0	2
381	640	1	0	5
405	640	5	0	1
500	640	0	0	4
539	640	19	0	2
299	640	19	0	3
160	640	0	0	3
561	640	1	0	5
707	640	7	0	2
58	640	18	0	5
449	640	9	0	5
932	640	12	0	2
862	640	2	0	3
585	640	5	0	2
503	640	3	0	1
615	640	15	0	3
339	640	19	0	5
878	640	18	0	1
457	640	17	0	4
829	640	9	0	3
114	640	14	0	2
645	640	5	0	4
655	640	15	0	2
536	640	16	0	4
537	640	17	0	3
363	640	3	0	2
666	640	6	0	4
758	640	18	0	5
7	640	7	0	3
429	640	9	0	3
848	640	8	0	1
565	640	5	0	4
334	640	14	0	4
625	640	5	0	3
828	640	8	0	2
49	640	9	0	1
184	640	4	0	4
194	640	14	0	1
840	640	0	0	3
198	640	18	0	3
233	640	13	0	2
719	660	19	0	5
201	660	1	0	3
175	660	15	0	3
796	660	16	0	5
629	660	9	0	5
373	660	13	0	4
500	660	0	0	2
43	660	3	0	4
73	660	13	0	4
664	660	4	0	3
184	660	4	0	3
496	660	16	0	3
405	660	5	0	2
918	660	18	0	4
198	660	18	0	4
269	660	9	0	1
59	660	19	0	4
823	660	3	0	5
532	660	12	0	4
472	660	12	0	5
381	660	1	0	2
407	660	7	0	3
307	660	7	0	3
18	660	18	0	5
551	660	11	0	3
312	660	12	0	4
207	660	7	0	4
495	660	15	0	3
897	660	17	0	4
593	660	13	0	5
44	660	4	0	5
363	660	3	0	4
280	660	0	0	5
95	660	15	0	5
666	660	6	0	4
645	660	5	0	3
295	660	15	0	5
530	660	10	0	3
339	660	19	0	4
541	660	1	0	5
693	660	13	0	3
399	660	19	0	3
615	660	15	0	4
82	660	2	0	5
711	660	11	0	5
62	660	2	0	4
106	660	6	0	4
354	660	14	0	3
543	660	3	0	3
7	660	7	0	5
506	660	6	0	3
922	660	2	0	3
682	660	2	0	2
244	660	4	0	4
457	660	17	0	5
654	660	14	0	5
345	660	5	0	5
843	660	3	0	2
780	660	0	0	3
655	660	15	0	2
864	660	4	0	4
867	660	7	0	4
588	660	8	0	4
406	660	6	0	3
815	660	15	0	4
798	660	18	0	3
899	660	19	0	4
504	660	4	0	4
279	660	19	0	4
344	660	4	0	3
890	660	10	0	2
455	660	15	0	4
194	660	14	0	3
505	660	5	0	3
566	660	6	0	4
694	660	14	0	3
318	660	18	0	3
516	660	16	0	5
174	660	14	0	5
346	660	6	0	2
378	660	18	0	4
83	660	3	0	4
330	660	10	0	5
200	660	0	0	3
450	660	10	0	4
919	660	19	0	4
454	660	14	0	3
716	660	16	0	4
437	660	17	0	4
533	660	13	0	5
187	660	7	0	5
308	660	8	0	3
42	660	2	0	3
383	660	3	0	4
627	660	7	0	4
243	660	3	0	4
65	660	5	0	5
311	660	11	0	4
343	660	3	0	3
122	660	2	0	3
298	660	18	0	3
606	660	6	0	5
537	660	17	0	3
305	660	5	0	4
60	660	0	0	4
751	660	11	0	4
416	660	16	0	5
885	660	5	0	5
741	660	1	0	3
234	660	14	0	4
601	660	1	0	3
835	660	15	0	4
639	660	19	0	2
524	660	4	0	5
474	660	14	0	5
934	660	14	0	5
11	660	11	0	3
539	660	19	0	5
642	660	2	0	3
452	660	12	0	4
271	660	11	0	5
721	660	1	0	5
559	660	19	0	1
665	660	5	0	4
262	660	2	0	4
224	660	4	0	4
180	660	0	0	5
151	660	11	0	4
659	660	19	0	3
233	660	13	0	5
667	660	7	0	4
882	660	2	0	3
301	660	1	0	4
332	660	12	0	3
790	660	10	0	3
90	660	10	0	4
436	660	16	0	4
712	660	12	0	4
293	660	13	0	2
152	660	12	0	5
608	660	8	0	5
577	660	17	0	3
85	660	5	0	4
896	660	16	0	5
92	660	12	0	4
456	660	16	0	5
707	660	7	0	5
128	660	8	0	2
618	660	18	0	3
347	660	7	0	2
846	660	6	0	3
561	660	1	0	3
805	660	5	0	3
519	680	19	0	5
587	680	7	0	1
427	680	7	0	5
479	680	19	0	3
724	680	4	0	1
145	680	5	0	3
21	680	1	0	1
545	680	5	0	2
813	680	13	0	2
514	680	14	0	1
721	680	1	0	3
626	680	6	0	1
611	680	11	0	4
397	680	17	0	1
489	680	9	0	5
388	680	8	0	5
660	680	0	0	2
451	680	11	0	1
502	680	2	0	3
48	680	8	0	3
409	680	9	0	1
939	680	19	0	2
592	680	12	0	1
727	680	7	0	3
416	680	16	0	3
137	680	17	0	5
230	680	10	0	4
509	680	9	0	1
782	680	2	0	1
181	680	1	0	1
7	680	7	0	4
851	680	11	0	3
35	680	15	0	4
302	680	2	0	2
655	700	15	0	3
398	700	18	0	2
524	700	4	0	5
450	700	10	0	1
10	700	10	0	4
222	700	2	0	3
543	700	3	0	2
429	700	9	0	3
94	700	14	0	2
389	700	9	0	2
889	700	9	0	3
405	700	5	0	1
311	700	11	0	3
303	700	3	0	3
846	700	6	0	2
102	720	2	0	2
472	720	12	0	5
705	720	5	0	5
788	720	8	0	3
916	720	16	0	2
393	720	13	0	3
416	720	16	0	4
731	720	11	0	3
346	720	6	0	2
796	720	16	0	4
659	720	19	0	3
217	720	17	0	3
880	720	0	0	2
588	720	8	0	4
804	720	4	0	3
295	720	15	0	4
178	720	18	0	3
682	720	2	0	4
864	720	4	0	3
293	720	13	0	1
618	720	18	0	3
536	720	16	0	4
551	720	11	0	2
411	720	11	0	3
487	720	7	0	4
746	720	6	0	3
224	720	4	0	4
798	720	18	0	5
378	720	18	0	2
313	720	13	0	2
896	720	16	0	1
543	720	3	0	2
619	720	19	0	4
276	720	16	0	2
56	720	16	0	3
545	720	5	0	3
394	720	14	0	2
42	720	2	0	4
586	720	6	0	4
94	720	14	0	1
246	720	6	0	1
600	720	0	0	3
200	720	0	0	4
95	720	15	0	2
311	720	11	0	3
497	720	17	0	2
807	720	7	0	4
303	720	3	0	2
290	720	10	0	3
194	720	14	0	2
632	720	12	0	3
399	720	19	0	3
671	720	11	0	3
457	720	17	0	3
654	720	14	0	4
943	720	3	0	1
197	720	17	0	2
328	720	8	0	3
13	720	13	0	4
38	720	18	0	5
710	720	10	0	3
92	720	12	0	3
887	720	7	0	5
405	720	5	0	1
267	720	7	0	3
773	720	13	0	1
11	720	11	0	1
83	720	3	0	4
456	720	16	0	3
711	720	11	0	3
846	720	6	0	4
152	720	12	0	5
640	720	0	0	3
797	720	17	0	2
577	720	17	0	4
642	720	2	0	5
826	720	6	0	3
721	720	1	0	5
484	720	4	0	4
627	720	7	0	2
921	720	1	0	4
183	720	3	0	4
727	720	7	0	2
562	720	2	0	4
435	720	15	0	2
326	720	6	0	2
648	740	8	0	4
798	740	18	0	2
590	740	10	0	4
279	740	19	0	3
837	740	17	0	5
390	740	10	0	4
749	740	9	0	3
145	740	5	0	2
591	740	11	0	4
708	740	8	0	5
639	740	19	0	4
891	740	11	0	5
334	740	14	0	3
252	740	12	0	3
424	740	4	0	5
627	740	7	0	1
108	740	8	0	3
454	740	14	0	2
500	740	0	0	3
185	740	5	0	4
677	740	17	0	1
13	740	13	0	1
11	740	11	0	4
195	740	15	0	3
517	740	17	0	4
121	740	1	0	3
655	740	15	0	3
907	740	7	0	5
883	740	3	0	4
295	740	15	0	4
536	740	16	0	4
585	740	5	0	4
894	740	14	0	4
503	740	3	0	5
82	740	2	0	2
620	740	0	0	5
312	740	12	0	4
825	740	5	0	2
152	740	12	0	4
733	740	13	0	3
313	740	13	0	2
139	740	19	0	2
637	740	17	0	2
906	740	6	0	4
919	740	19	0	3
634	740	14	0	2
716	740	16	0	4
157	740	17	0	2
861	740	1	0	4
533	740	13	0	4
270	740	10	0	5
181	740	1	0	2
899	740	19	0	5
878	740	18	0	2
601	740	1	0	4
242	740	2	0	5
354	740	14	0	4
310	740	10	0	4
636	740	16	0	4
79	740	19	0	4
463	740	3	0	4
917	740	17	0	5
847	740	7	0	4
13	760	13	0	1
357	760	17	0	3
534	760	14	0	2
921	760	1	0	2
255	760	15	0	1
548	760	8	0	3
447	760	7	0	4
634	760	14	0	3
320	760	0	0	3
363	760	3	0	1
59	760	19	0	2
28	760	8	0	3
472	760	12	0	5
851	760	11	0	4
181	760	1	0	1
279	760	19	0	3
896	760	16	0	2
606	760	6	0	3
892	760	12	0	3
399	760	19	0	1
802	760	2	0	3
102	760	2	0	1
666	760	6	0	3
26	760	6	0	1
776	760	16	0	3
435	760	15	0	1
200	760	0	0	4
551	760	11	0	3
636	760	16	0	5
116	760	16	0	3
367	760	7	0	4
887	760	7	0	5
291	760	11	0	2
403	760	3	0	1
699	760	19	0	3
582	760	2	0	3
727	760	7	0	1
21	760	1	0	1
546	760	6	0	5
144	760	4	0	2
145	760	5	0	2
620	760	0	0	3
552	760	12	0	3
897	760	17	0	5
57	760	17	0	2
422	760	2	0	3
472	780	12	0	4
389	780	9	0	3
399	780	19	0	1
279	780	19	0	4
586	780	6	0	4
110	780	10	0	3
643	780	3	0	4
442	780	2	0	3
291	780	11	0	5
648	780	8	0	1
749	780	9	0	1
864	780	4	0	2
23	780	3	0	1
773	780	13	0	4
378	780	18	0	2
542	780	2	0	3
435	780	15	0	2
30	780	10	0	4
500	780	0	0	3
452	780	12	0	1
393	780	13	0	4
650	780	10	0	2
280	780	0	0	4
184	780	4	0	4
276	780	16	0	3
293	780	13	0	3
222	780	2	0	3
682	780	2	0	3
346	780	6	0	2
336	780	16	0	3
303	780	3	0	5
622	780	2	0	4
314	780	14	0	4
13	780	13	0	1
621	780	1	0	4
653	780	13	0	2
152	780	12	0	5
429	780	9	0	3
38	780	18	0	4
326	780	6	0	2
125	780	5	0	2
481	780	1	0	1
846	780	6	0	4
478	780	18	0	3
453	780	13	0	3
87	780	7	0	4
405	780	5	0	3
394	780	14	0	2
551	780	11	0	5
174	780	14	0	1
417	780	17	0	4
758	780	18	0	5
221	780	1	0	3
94	780	14	0	3
642	780	2	0	5
267	780	7	0	4
92	780	12	0	3
927	780	7	0	1
880	780	0	0	3
497	780	17	0	2
22	780	2	0	1
778	780	18	0	3
194	780	14	0	2
244	780	4	0	4
268	780	8	0	3
561	780	1	0	1
690	780	10	0	4
476	780	16	0	3
99	780	19	0	5
118	800	18	0	4
843	800	3	0	4
94	800	14	0	3
291	800	11	0	2
417	800	17	0	2
586	800	6	0	3
13	800	13	0	1
435	800	15	0	4
28	800	8	0	4
367	800	7	0	4
268	800	8	0	1
303	800	3	0	3
320	800	0	0	4
896	800	16	0	3
21	800	1	0	1
655	800	15	0	2
864	800	4	0	1
145	800	5	0	2
201	800	1	0	2
92	800	12	0	3
130	800	10	0	4
276	800	16	0	3
442	800	2	0	3
660	800	0	0	2
286	800	6	0	5
270	800	10	0	5
699	820	19	0	2
903	820	3	0	4
807	820	7	0	3
648	820	8	0	2
847	820	7	0	1
880	820	0	0	3
130	820	10	0	5
830	820	10	0	1
279	820	19	0	4
332	820	12	0	4
223	820	3	0	4
852	820	12	0	4
718	820	18	0	2
893	820	13	0	3
56	820	16	0	3
851	820	11	0	3
733	820	13	0	2
389	820	9	0	3
927	820	7	0	4
545	820	5	0	3
303	820	3	0	3
70	820	10	0	1
540	820	0	0	3
795	820	15	0	3
75	820	15	0	3
374	820	14	0	4
826	820	6	0	3
916	820	16	0	2
429	820	9	0	3
705	820	5	0	3
872	820	12	0	3
921	820	1	0	3
54	820	14	0	3
889	820	9	0	2
21	820	1	0	3
82	820	2	0	3
301	820	1	0	3
189	820	9	0	1
13	820	13	0	4
533	820	13	0	2
620	820	0	0	4
347	820	7	0	2
882	820	2	0	3
881	820	1	0	2
299	820	19	0	3
601	820	1	0	1
643	820	3	0	3
892	820	12	0	3
862	820	2	0	4
43	820	3	0	2
595	820	15	0	2
764	820	4	0	3
592	820	12	0	3
198	820	18	0	1
20	820	0	0	2
109	820	9	0	3
393	820	13	0	3
314	820	14	0	5
145	820	5	0	2
896	820	16	0	2
534	820	14	0	3
57	820	17	0	3
727	820	7	0	2
554	820	14	0	2
804	820	4	0	4
101	820	1	0	3
283	820	3	0	4
758	820	18	0	4
357	820	17	0	4
586	820	6	0	4
94	820	14	0	1
194	820	14	0	1
93	820	13	0	3
276	820	16	0	3
630	820	10	0	4
186	820	6	0	2
697	820	17	0	3
14	820	14	0	3
399	820	19	0	4
682	820	2	0	3
313	820	13	0	2
298	820	18	0	4
45	820	5	0	4
293	820	13	0	2
435	820	15	0	1
92	820	12	0	1
83	820	3	0	2
49	820	9	0	1
200	820	0	0	3
181	820	1	0	1
518	820	18	0	2
291	820	11	0	4
487	820	7	0	3
897	840	17	0	3
246	840	6	0	4
255	840	15	0	1
276	840	16	0	3
938	840	18	0	2
943	840	3	0	4
217	840	17	0	1
396	840	16	0	3
116	840	16	0	1
386	840	6	0	5
479	840	19	0	1
817	840	17	0	2
501	840	1	0	4
727	840	7	0	2
181	840	1	0	1
634	840	14	0	2
774	840	14	0	2
268	840	8	0	2
792	840	12	0	2
101	840	1	0	3
852	840	12	0	3
104	840	4	0	1
102	840	2	0	2
424	840	4	0	4
303	840	3	0	2
851	840	11	0	3
825	840	5	0	4
445	840	5	0	1
653	840	13	0	4
761	840	1	0	4
896	840	16	0	2
200	840	0	0	4
497	840	17	0	3
503	840	3	0	1
854	840	14	0	2
334	840	14	0	4
933	840	13	0	3
267	840	7	0	4
294	840	14	0	3
601	840	1	0	2
332	840	12	0	4
26	840	6	0	2
416	840	16	0	4
436	840	16	0	3
13	840	13	0	3
313	840	13	0	2
393	840	13	0	4
222	840	2	0	3
22	840	2	0	4
833	840	13	0	2
532	840	12	0	4
773	840	13	0	1
648	840	8	0	1
366	860	6	0	2
94	860	14	0	2
270	860	10	0	5
776	860	16	0	3
21	860	1	0	2
756	860	16	0	1
843	860	3	0	3
655	860	15	0	3
709	860	9	0	3
617	860	17	0	1
255	860	15	0	2
833	860	13	0	2
13	860	13	0	1
405	860	5	0	1
268	860	8	0	1
546	860	6	0	4
140	880	0	0	4
629	880	9	0	4
851	880	11	0	3
451	880	11	0	1
796	880	16	0	3
241	880	1	0	5
319	880	19	0	4
853	880	13	0	5
105	880	5	0	3
488	880	8	0	3
144	880	4	0	5
33	880	13	0	3
595	880	15	0	3
446	880	6	0	2
667	880	7	0	3
646	880	6	0	3
755	880	15	0	4
288	880	8	0	1
463	880	3	0	4
782	880	2	0	4
141	880	1	0	1
186	880	6	0	3
40	880	0	0	3
100	880	0	0	1
486	880	6	0	5
909	880	9	0	4
699	880	19	0	3
511	880	11	0	5
392	880	12	0	4
13	880	13	0	3
204	880	4	0	2
587	880	7	0	3
506	880	6	0	1
783	880	3	0	4
588	880	8	0	1
655	880	15	0	2
919	880	19	0	3
529	880	9	0	4
88	880	8	0	3
197	880	17	0	3
351	880	11	0	2
896	880	16	0	4
173	880	13	0	4
116	880	16	0	3
721	880	1	0	3
683	880	3	0	3
341	880	1	0	5
89	880	9	0	5
787	880	7	0	3
78	880	18	0	5
602	880	2	0	4
181	880	1	0	1
836	880	16	0	4
159	880	19	0	1
724	880	4	0	3
489	880	9	0	2
374	880	14	0	5
708	880	8	0	3
707	880	7	0	2
866	900	6	0	4
515	900	15	0	4
775	900	15	0	3
747	900	7	0	5
273	900	13	0	3
284	900	4	0	4
491	900	11	0	5
13	900	13	0	5
450	900	10	0	5
39	900	19	0	3
206	900	6	0	1
288	900	8	0	5
354	900	14	0	4
100	900	0	0	4
828	900	8	0	2
675	900	15	0	4
483	900	3	0	3
683	900	3	0	1
448	900	8	0	3
90	900	10	0	4
860	900	0	0	3
144	900	4	0	4
116	900	16	0	4
845	900	5	0	3
574	900	14	0	4
503	900	3	0	5
232	900	12	0	5
369	900	9	0	4
752	900	12	0	4
863	900	3	0	3
79	900	19	0	4
59	900	19	0	4
191	900	11	0	4
592	900	12	0	4
385	900	5	0	4
883	900	3	0	5
707	900	7	0	4
931	900	11	0	4
836	900	16	0	2
894	900	14	0	3
655	900	15	0	3
782	900	2	0	3
14	920	14	0	4
774	920	14	0	2
405	920	5	0	1
181	920	1	0	1
518	920	18	0	3
880	940	0	0	3
291	940	11	0	3
363	940	3	0	2
130	940	10	0	3
833	940	13	0	2
221	940	1	0	4
621	940	1	0	3
303	940	3	0	2
497	940	17	0	2
773	940	13	0	2
682	940	2	0	2
385	940	5	0	3
16	940	16	0	2
933	940	13	0	1
727	940	7	0	2
472	940	12	0	4
38	940	18	0	1
790	940	10	0	3
405	940	5	0	1
417	940	17	0	2
268	940	8	0	2
394	940	14	0	3
125	940	5	0	2
269	940	9	0	1
798	940	18	0	1
109	940	9	0	3
279	940	19	0	5
450	940	10	0	2
642	940	2	0	2
393	940	13	0	2
476	940	16	0	3
886	940	6	0	2
327	960	7	0	5
58	960	18	0	4
303	960	3	0	4
405	960	5	0	1
201	960	1	0	2
18	960	18	0	4
658	960	18	0	4
666	960	6	0	4
95	960	15	0	2
763	960	3	0	4
916	960	16	0	4
214	960	14	0	2
118	960	18	0	5
894	960	14	0	5
645	960	5	0	4
305	960	5	0	1
458	960	18	0	1
406	960	6	0	2
177	960	17	0	3
655	960	15	0	3
537	960	17	0	3
828	960	8	0	5
561	960	1	0	4
144	960	4	0	2
76	960	16	0	3
345	980	5	0	4
343	980	3	0	5
234	980	14	0	2
889	980	9	0	4
677	980	17	0	2
267	980	7	0	3
201	980	1	0	3
655	980	15	0	2
181	980	1	0	1
537	980	17	0	3
21	980	1	0	2
92	980	12	0	3
561	980	1	0	3
717	980	17	0	4
457	980	17	0	4
224	980	4	0	1
115	980	15	0	4
532	980	12	0	4
833	980	13	0	3
624	980	4	0	4
458	980	18	0	5
416	980	16	0	4
279	1000	19	0	4
497	1000	17	0	2
276	1000	16	0	2
393	1000	13	0	3
22	1000	2	0	3
642	1000	2	0	3
417	1000	17	0	4
125	1000	5	0	3
880	1000	0	0	3
87	1000	7	0	3
189	1020	9	0	4
694	1020	14	0	4
716	1020	16	0	5
567	1020	7	0	3
116	1020	16	0	3
269	1020	9	0	4
239	1020	19	0	3
932	1020	12	0	5
426	1020	6	0	4
456	1020	16	0	4
398	1020	18	0	3
409	1020	9	0	5
506	1020	6	0	4
654	1020	14	0	4
234	1020	14	0	4
416	1020	16	0	5
299	1020	19	0	4
31	1020	11	0	3
639	1020	19	0	4
90	1020	10	0	5
344	1020	4	0	5
185	1020	5	0	4
263	1020	3	0	3
334	1020	14	0	4
429	1020	9	0	4
698	1020	18	0	2
747	1020	7	0	4
184	1020	4	0	4
870	1020	10	0	3
60	1020	0	0	4
660	1020	0	0	4
312	1020	12	0	5
450	1020	10	0	4
474	1020	14	0	3
625	1020	5	0	3
712	1040	12	0	4
518	1040	18	0	3
907	1040	7	0	5
393	1040	13	0	3
417	1040	17	0	2
796	1040	16	0	3
692	1040	12	0	2
790	1040	10	0	2
303	1040	3	0	1
605	1040	5	0	2
295	1040	15	0	2
84	1040	4	0	3
145	1040	5	0	1
42	1040	2	0	3
181	1040	1	0	1
630	1040	10	0	4
665	1040	5	0	4
872	1040	12	0	3
891	1040	11	0	3
269	1040	9	0	1
459	1040	19	0	2
141	1040	1	0	3
92	1040	12	0	3
708	1040	8	0	2
256	1040	16	0	3
756	1060	16	0	4
622	1060	2	0	3
60	1060	0	0	4
402	1060	2	0	3
887	1060	7	0	5
125	1060	5	0	4
911	1060	11	0	4
921	1060	1	0	2
648	1060	8	0	2
804	1060	4	0	3
919	1060	19	0	3
290	1060	10	0	3
496	1060	16	0	1
254	1060	14	0	3
280	1060	0	0	3
612	1060	12	0	4
348	1060	8	0	3
62	1060	2	0	1
200	1060	0	0	3
821	1060	1	0	5
274	1060	14	0	4
637	1060	17	0	2
459	1060	19	0	1
189	1060	9	0	5
882	1060	2	0	3
222	1060	2	0	2
434	1060	14	0	3
399	1060	19	0	3
463	1060	3	0	2
109	1060	9	0	4
83	1060	3	0	3
181	1060	1	0	1
45	1060	5	0	3
650	1060	10	0	3
395	1060	15	0	2
381	1060	1	0	5
286	1060	6	0	5
699	1060	19	0	3
592	1060	12	0	2
894	1080	14	0	4
49	1080	9	0	4
655	1100	15	0	3
405	1100	5	0	1
327	1100	7	0	4
58	1100	18	0	2
878	1100	18	0	3
331	1100	11	0	2
234	1100	14	0	2
201	1100	1	0	4
707	1120	7	0	4
486	1120	6	0	3
591	1120	11	0	4
279	1120	19	0	3
624	1120	4	0	4
348	1120	8	0	3
234	1120	14	0	3
901	1120	1	0	4
561	1120	1	0	4
271	1120	11	0	2
887	1120	7	0	5
851	1120	11	0	2
181	1120	1	0	1
393	1120	13	0	3
318	1120	18	0	3
829	1120	9	0	2
59	1120	19	0	1
325	1140	5	0	3
94	1140	14	0	2
751	1140	11	0	2
286	1140	6	0	3
655	1140	15	0	3
450	1140	10	0	2
64	1140	4	0	1
804	1140	4	0	3
457	1140	17	0	2
343	1140	3	0	3
653	1140	13	0	1
307	1140	7	0	2
536	1140	16	0	1
642	1140	2	0	4
276	1140	16	0	2
864	1140	4	0	1
308	1140	8	0	4
711	1160	11	0	5
342	1160	2	0	3
697	1160	17	0	1
303	1160	3	0	2
318	1160	18	0	5
345	1160	5	0	3
782	1160	2	0	2
847	1160	7	0	4
655	1160	15	0	3
416	1160	16	0	4
257	1160	17	0	4
455	1160	15	0	4
192	1160	12	0	4
560	1160	0	0	3
184	1160	4	0	5
296	1160	16	0	4
119	1160	19	0	5
385	1160	5	0	2
819	1160	19	0	4
500	1160	0	0	5
450	1160	10	0	5
936	1160	16	0	5
514	1160	14	0	4
392	1160	12	0	2
407	1160	7	0	1
78	1160	18	0	5
125	1180	5	0	3
588	1180	8	0	2
279	1180	19	0	2
378	1180	18	0	3
405	1180	5	0	1
476	1180	16	0	3
87	1180	7	0	3
763	1180	3	0	2
393	1180	13	0	4
276	1180	16	0	2
553	1200	13	0	3
167	1200	7	0	4
90	1200	10	0	4
234	1200	14	0	3
474	1200	14	0	4
405	1200	5	0	1
918	1200	18	0	4
399	1220	19	0	2
907	1220	7	0	5
222	1220	2	0	4
682	1220	2	0	4
846	1220	6	0	2
314	1220	14	0	5
194	1220	14	0	3
291	1220	11	0	5
916	1220	16	0	3
551	1220	11	0	5
429	1220	9	0	3
406	1220	6	0	3
712	1220	12	0	5
896	1220	16	0	1
116	1220	16	0	2
94	1220	14	0	3
378	1220	18	0	3
561	1220	1	0	2
416	1220	16	0	3
487	1220	7	0	4
456	1220	16	0	3
303	1220	3	0	2
293	1220	13	0	2
405	1220	5	0	3
276	1220	16	0	4
450	1220	10	0	5
262	1220	2	0	4
130	1220	10	0	5
201	1220	1	0	2
246	1220	6	0	3
405	1240	5	0	1
773	1240	13	0	3
435	1240	15	0	4
497	1240	17	0	5
913	1240	13	0	2
276	1240	16	0	4
826	1240	6	0	5
660	1240	0	0	3
677	1240	17	0	5
521	1240	1	0	3
868	1240	8	0	5
279	1240	19	0	1
757	1240	17	0	3
339	1240	19	0	5
896	1240	16	0	4
756	1240	16	0	4
456	1240	16	0	3
865	1240	5	0	5
387	1240	7	0	5
588	1240	8	0	5
267	1240	7	0	5
430	1240	10	0	3
102	1240	2	0	2
822	1240	2	0	3
532	1240	12	0	2
603	1240	3	0	5
257	1260	17	0	2
119	1260	19	0	5
405	1260	5	0	1
804	1260	4	0	3
683	1280	3	0	3
853	1280	13	0	4
341	1280	1	0	2
451	1280	11	0	1
489	1280	9	0	3
181	1280	1	0	1
708	1280	8	0	1
519	1280	19	0	5
851	1280	11	0	4
750	1280	10	0	1
286	1280	6	0	5
606	1280	6	0	2
130	1280	10	0	4
544	1280	4	0	3
428	1280	8	0	3
141	1280	1	0	1
178	1300	18	0	3
530	1300	10	0	2
152	1300	12	0	4
342	1300	2	0	1
782	1300	2	0	2
299	1300	19	0	2
532	1300	12	0	3
416	1300	16	0	3
223	1300	3	0	1
181	1320	1	0	1
181	1340	1	0	1
409	1360	9	0	2
181	1360	1	0	1
782	1380	2	0	2
733	1380	13	0	2
662	1380	2	0	2
181	1380	1	0	1
655	1380	15	0	4
460	1380	0	0	3
378	1400	18	0	3
924	1400	4	0	4
537	1400	17	0	2
655	1400	15	0	3
416	1400	16	0	4
234	1400	14	0	3
189	1400	9	0	3
847	1400	7	0	5
405	1400	5	0	1
381	1400	1	0	3
365	1420	5	0	2
197	1420	17	0	1
537	1420	17	0	1
222	1440	2	0	3
682	1440	2	0	2
749	1440	9	0	3
487	1440	7	0	4
393	1440	13	0	3
234	1460	14	0	3
269	1480	9	0	1
450	1480	10	0	3
642	1480	2	0	1
279	1480	19	0	3
881	1480	1	0	2
399	1480	19	0	3
405	1480	5	0	2
843	1480	3	0	2
868	1480	8	0	1
712	1480	12	0	4
620	1480	0	0	3
279	1500	19	0	5
781	1500	1	0	5
314	1520	14	0	3
798	1540	18	0	4
524	1540	4	0	2
851	1540	11	0	2
399	1540	19	0	3
405	1540	5	0	2
416	1540	16	0	4
846	1540	6	0	3
887	1540	7	0	5
881	1540	1	0	1
601	1540	1	0	2
894	1560	14	0	4
524	1560	4	0	4
655	1560	15	0	2
405	1560	5	0	1
405	1580	5	0	1
514	1600	14	0	4
439	1600	19	0	5
782	1600	2	0	3
655	1600	15	0	3
653	1620	13	0	2
782	1620	2	0	3
550	1620	10	0	4
880	1620	0	0	3
644	1620	4	0	4
552	1620	12	0	3
674	1620	14	0	4
901	1620	1	0	5
592	1620	12	0	1
655	1640	15	0	3
747	1660	7	0	2
863	1680	3	0	2
