567	9	7	9	4
680	9	0	9	4
932	9	12	9	5
939	9	19	9	5
878	9	18	9	4
805	9	5	9	3
447	9	7	9	2
532	9	12	9	5
894	9	14	9	4
825	9	5	9	3
7	9	7	9	5
438	9	18	9	4
698	9	18	9	3
676	9	16	9	2
14	9	14	9	4
527	9	7	9	5
456	9	16	9	3
928	9	8	9	5
175	9	15	9	4
458	9	18	9	5
815	9	15	9	4
17	9	17	9	3
883	9	3	9	4
714	9	14	9	3
551	9	11	9	5
287	9	7	9	5
403	9	3	9	3
24	9	4	9	5
189	9	9	9	3
334	9	14	9	4
423	9	3	9	5
483	9	3	9	2
886	9	6	9	5
292	9	12	9	4
222	9	2	9	5
64	9	4	9	4
237	9	17	9	4
445	9	5	9	2
68	9	8	9	4
15	9	15	9	4
115	9	15	9	5
399	9	19	9	3
430	9	10	9	3
470	9	10	9	5
608	9	8	9	4
339	9	19	9	5
266	9	6	9	4
308	9	8	9	4
733	9	13	9	3
518	9	18	9	3
693	9	13	9	3
535	9	15	9	5
204	9	4	9	5
199	9	19	9	5
937	9	17	9	5
119	9	19	9	4
851	9	11	9	4
694	9	14	9	5
276	9	16	9	5
226	9	6	9	5
44	9	4	9	5
274	9	14	9	5
696	9	16	9	5
200	9	0	9	4
321	9	1	9	4
314	9	14	9	4
648	9	8	9	1
747	9	7	9	5
786	9	6	9	5
239	9	19	9	5
735	9	15	9	4
201	9	1	9	3
121	9	1	9	5
178	9	18	9	2
495	9	15	9	5
94	9	14	9	5
1	9	1	9	5
311	9	11	9	4
345	9	5	9	4
453	9	13	9	3
834	9	14	9	3
913	9	13	9	5
881	9	1	9	3
792	9	12	9	3
181	9	1	9	4
27	9	7	9	4
252	9	12	9	5
277	9	17	9	4
900	9	0	9	2
343	9	3	9	5
910	9	10	9	4
449	9	9	9	4
854	9	14	9	5
627	9	7	9	4
745	9	5	9	4
468	9	8	9	5
250	9	10	9	2
342	9	2	9	5
455	9	15	9	4
131	9	11	9	5
837	9	17	9	3
708	9	8	9	1
244	9	4	9	5
18	9	18	9	5
817	9	17	9	3
211	9	11	9	3
743	9	3	9	5
870	9	10	9	5
725	9	5	9	4
322	9	2	9	4
473	9	13	9	5
184	9	4	9	5
401	9	1	9	3
256	9	16	9	4
192	9	12	9	5
87	9	7	9	4
59	9	19	9	4
409	9	9	9	4
663	9	3	9	2
303	9	3	9	5
940	9	0	9	3
634	9	14	9	5
490	9	10	9	4
324	9	4	9	5
500	9	0	9	4
796	9	16	9	3
113	9	13	9	3
602	9	2	9	4
11	9	11	9	5
777	9	17	9	5
614	9	14	9	4
441	9	1	9	4
768	9	8	9	5
699	9	19	9	2
558	9	18	9	4
378	9	18	9	5
60	9	0	9	5
622	9	2	9	4
82	9	2	9	4
554	9	14	9	4
344	9	4	9	5
6	9	6	9	4
380	9	0	9	3
612	9	12	9	3
858	9	18	9	5
540	9	0	9	5
789	9	9	9	5
923	9	3	9	4
10	9	10	9	4
896	9	16	9	4
90	9	10	9	4
486	9	6	9	5
461	9	1	9	5
85	9	5	9	4
924	9	4	9	4
706	9	6	9	3
618	9	18	9	3
667	9	7	9	5
174	9	14	9	5
62	9	2	9	4
904	9	4	9	4
548	9	8	9	1
388	9	8	9	3
917	9	17	9	5
435	9	15	9	4
590	9	10	9	3
884	9	4	9	5
498	9	18	9	2
719	9	19	9	4
788	9	8	9	4
723	9	3	9	3
576	9	16	9	3
561	9	1	9	4
391	9	11	9	5
655	9	15	9	3
581	9	1	9	5
43	9	3	9	4
236	9	16	9	5
494	9	14	9	2
761	9	1	9	2
26	9	6	9	4
349	9	9	9	4
296	9	16	9	4
301	9	1	9	3
16	9	16	9	5
249	9	9	9	5
393	9	13	9	4
13	9	13	9	3
92	9	12	9	4
280	9	0	9	5
569	9	9	9	5
610	9	10	9	3
164	9	4	9	4
291	9	11	9	5
382	9	2	9	4
363	9	3	9	3
533	9	13	9	4
144	9	4	9	5
707	9	7	9	5
936	9	16	9	4
159	9	19	9	3
379	9	19	9	4
933	9	13	9	3
207	9	7	9	4
665	9	5	9	4
406	9	6	9	5
332	9	12	9	4
233	9	13	9	5
424	9	4	9	5
864	9	4	9	5
474	9	14	9	5
887	9	7	9	2
444	9	4	9	5
328	9	8	9	4
697	9	17	9	4
151	9	11	9	4
21	9	1	9	5
682	9	2	9	3
703	9	3	9	2
595	9	15	9	4
216	9	16	9	4
889	9	9	9	4
58	9	18	9	4
194	9	14	9	4
813	9	13	9	3
66	9	6	9	4
145	9	5	9	2
50	9	10	9	4
72	9	12	9	5
484	9	4	9	1
402	9	2	9	4
629	9	9	9	4
756	9	16	9	2
938	9	18	9	3
434	9	14	9	1
411	9	11	9	4
690	9	10	9	3
396	9	16	9	4
593	9	13	9	3
906	9	6	9	4
190	9	10	9	1
298	9	18	9	4
838	9	18	9	4
749	9	9	9	3
416	9	16	9	5
413	9	13	9	4
488	9	8	9	4
592	9	12	9	5
793	9	13	9	3
916	9	16	9	5
601	9	1	9	4
120	9	0	9	4
791	9	11	9	5
657	9	17	9	4
106	9	6	9	4
271	9	11	9	4
323	9	3	9	4
504	9	4	9	4
32	9	12	9	3
457	9	17	9	5
935	9	15	9	1
374	9	14	9	1
543	9	3	9	4
637	9	17	9	1
160	9	0	9	3
209	9	9	9	3
316	9	16	9	4
630	9	10	9	2
658	9	18	9	4
104	9	4	9	2
326	9	6	9	1
764	9	4	9	4
69	9	9	9	4
523	9	3	9	4
74	9	14	9	4
185	9	5	9	4
156	9	16	9	4
744	9	4	9	3
572	9	12	9	5
227	9	7	9	3
636	9	16	9	3
605	9	5	9	4
460	9	0	9	3
136	9	16	9	5
234	9	14	9	3
354	9	14	9	3
269	9	9	9	4
867	9	7	9	5
65	9	5	9	5
390	9	10	9	5
168	9	8	9	1
943	9	3	9	3
903	9	3	9	3
123	9	3	9	5
383	9	3	9	5
754	9	14	9	4
919	9	19	9	5
109	9	9	9	3
327	9	7	9	5
378	29	18	9	3
886	29	6	9	1
796	29	16	9	3
256	29	16	9	4
346	29	6	9	4
922	29	2	9	3
276	29	16	9	3
532	29	12	9	3
102	29	2	9	1
600	29	0	9	2
22	29	2	9	1
30	29	10	9	3
543	29	3	9	2
450	29	10	9	3
110	29	10	9	3
484	29	4	9	3
267	29	7	9	3
194	29	14	9	2
541	29	1	9	2
109	29	9	9	3
389	29	9	9	2
788	29	8	9	3
790	29	10	9	2
586	29	6	9	5
193	29	13	9	3
92	29	12	9	3
638	29	18	9	2
374	29	14	9	3
313	29	13	9	2
497	29	17	9	4
506	29	6	9	2
577	29	17	9	3
279	29	19	9	2
709	29	9	9	3
393	29	13	9	4
889	29	9	9	3
268	29	8	9	1
727	29	7	9	3
668	29	8	9	3
328	29	8	9	3
880	29	0	9	2
650	29	10	9	2
830	29	10	9	1
773	29	13	9	2
363	29	3	9	1
435	29	15	9	3
301	29	1	9	4
158	29	18	9	3
94	29	14	9	2
394	29	14	9	3
846	29	6	9	2
11	29	11	9	3
7	29	7	9	3
407	29	7	9	3
864	29	4	9	4
221	29	1	9	3
757	29	17	9	2
881	29	1	9	2
495	29	15	9	2
303	29	3	9	2
417	29	17	9	2
387	29	7	9	1
705	29	5	9	5
405	29	5	9	4
647	29	7	9	4
622	29	2	9	4
197	29	17	9	3
472	29	12	9	5
385	29	5	9	1
927	29	7	9	5
774	29	14	9	1
807	29	7	9	4
896	29	16	9	2
758	29	18	9	3
1	29	1	9	1
339	29	19	9	3
56	29	16	9	3
892	29	12	9	2
524	29	4	9	3
619	29	19	9	1
224	29	4	9	3
286	29	6	9	2
222	29	2	9	3
334	29	14	9	2
416	29	16	9	2
682	29	2	9	2
174	29	14	9	2
314	29	14	9	5
442	29	2	9	3
826	29	6	9	3
254	29	14	9	2
545	29	5	9	3
660	29	0	9	2
201	29	1	9	3
885	29	5	9	1
806	29	6	9	4
643	29	3	9	2
671	29	11	9	3
293	29	13	9	1
399	29	19	9	3
798	29	18	9	4
13	29	13	9	2
246	29	6	9	1
747	29	7	9	1
5	29	5	9	4
217	29	17	9	2
200	29	0	9	4
588	29	8	9	3
648	29	8	9	2
899	29	19	9	2
184	29	4	9	3
642	29	2	9	5
130	29	10	9	3
280	29	0	9	3
291	49	11	9	4
500	49	0	9	4
514	49	14	9	2
381	49	1	9	2
881	49	1	9	5
94	49	14	9	4
95	49	15	9	3
299	49	19	9	4
886	49	6	9	4
89	49	9	9	4
659	49	19	9	3
336	49	16	9	4
210	49	10	9	3
174	49	14	9	4
361	49	1	9	3
472	49	12	9	5
222	49	2	9	3
860	49	0	9	2
49	49	9	9	2
618	49	18	9	3
393	49	13	9	4
804	49	4	9	2
256	49	16	9	4
864	49	4	9	3
536	49	16	9	3
796	49	16	9	3
345	49	5	9	3
303	49	3	9	2
916	49	16	9	3
648	49	8	9	2
305	49	5	9	3
642	49	2	9	4
716	49	16	9	4
290	49	10	9	3
593	49	13	9	3
145	49	5	9	3
487	49	7	9	4
450	49	10	9	5
497	49	17	9	3
883	49	3	9	3
712	49	12	9	3
308	49	8	9	3
378	49	18	9	3
830	49	10	9	5
566	49	6	9	2
551	49	11	9	3
1	49	1	9	3
151	49	11	9	3
318	49	18	9	3
682	49	2	9	3
417	49	17	9	3
43	49	3	9	4
643	49	3	9	3
880	49	0	9	3
87	49	7	9	5
854	49	14	9	4
283	49	3	9	4
711	49	11	9	4
892	49	12	9	4
749	49	9	9	4
579	49	19	9	3
398	49	18	9	3
655	49	15	9	1
102	49	2	9	2
798	49	18	9	4
790	49	10	9	3
684	49	4	9	4
453	49	13	9	3
152	49	12	9	5
13	49	13	9	4
130	49	10	9	4
293	49	13	9	3
435	49	15	9	4
125	49	5	9	3
561	49	1	9	2
405	49	5	9	1
577	49	17	9	4
416	49	16	9	4
92	49	12	9	3
622	49	2	9	3
477	49	17	9	5
7	69	7	9	5
262	69	2	9	4
90	69	10	9	1
97	69	17	9	5
880	69	0	9	4
528	69	8	9	3
250	69	10	9	5
77	69	17	9	3
579	69	19	9	2
921	69	1	9	4
230	69	10	9	4
559	69	19	9	5
527	69	7	9	4
934	69	14	9	5
276	69	16	9	4
830	69	10	9	5
536	69	16	9	5
838	69	18	9	4
373	69	13	9	4
271	69	11	9	4
506	69	6	9	5
539	69	19	9	5
632	69	12	9	4
291	69	11	9	5
165	69	5	9	3
222	69	2	9	5
393	69	13	9	4
897	69	17	9	5
343	69	3	9	5
561	69	1	9	1
6	69	6	9	3
615	69	15	9	4
785	69	5	9	4
889	69	9	9	3
248	69	8	9	1
748	69	8	9	4
94	69	14	9	3
885	69	5	9	4
893	69	13	9	5
455	69	15	9	4
450	69	10	9	4
184	69	4	9	3
161	69	1	9	4
896	69	16	9	5
233	69	13	9	5
213	69	13	9	3
758	69	18	9	5
18	69	18	9	3
435	69	15	9	4
705	69	5	9	3
807	69	7	9	5
344	69	4	9	2
757	69	17	9	3
363	69	3	9	3
387	69	7	9	3
280	69	0	9	4
766	69	6	9	4
174	69	14	9	5
380	69	0	9	4
70	69	10	9	4
38	69	18	9	5
668	69	8	9	1
890	69	10	9	4
665	69	5	9	5
16	69	16	9	5
601	69	1	9	3
188	69	8	9	4
407	69	7	9	4
144	69	4	9	5
833	69	13	9	2
194	69	14	9	4
347	69	7	9	5
788	69	8	9	4
99	69	19	9	4
201	69	1	9	2
645	69	5	9	4
295	69	15	9	5
130	69	10	9	5
214	69	14	9	2
58	69	18	9	1
128	69	8	9	4
484	69	4	9	5
389	69	9	9	5
592	69	12	9	5
106	69	6	9	4
275	69	15	9	3
379	69	19	9	4
571	69	11	9	2
5	69	5	9	1
235	69	15	9	4
504	69	4	9	4
605	69	5	9	5
655	69	15	9	3
747	69	7	9	5
848	69	8	9	2
786	69	6	9	4
778	69	18	9	2
263	69	3	9	5
56	69	16	9	4
288	69	8	9	5
648	69	8	9	1
308	69	8	9	2
234	69	14	9	4
630	69	10	9	3
749	69	9	9	5
738	69	18	9	5
715	69	15	9	4
943	69	3	9	5
327	69	7	9	2
883	69	3	9	2
753	69	13	9	4
447	69	7	9	4
115	69	15	9	1
360	69	0	9	3
524	69	4	9	4
886	69	6	9	2
243	69	3	9	3
254	69	14	9	5
577	69	17	9	4
927	69	7	9	4
274	69	14	9	5
868	69	8	9	2
521	69	1	9	3
551	69	11	9	4
226	69	6	9	4
193	69	13	9	5
545	69	5	9	4
709	69	9	9	5
64	69	4	9	4
666	69	6	9	3
505	69	5	9	3
95	69	15	9	5
537	69	17	9	2
246	69	6	9	3
44	69	4	9	4
693	69	13	9	3
608	69	8	9	4
314	69	14	9	5
223	69	3	9	5
771	69	11	9	5
650	69	10	9	2
716	69	16	9	5
178	69	18	9	5
913	69	13	9	2
867	69	7	9	2
24	69	4	9	5
664	69	4	9	3
200	69	0	9	5
731	69	11	9	5
888	69	8	9	4
334	69	14	9	1
198	69	18	9	4
908	69	8	9	3
653	69	13	9	4
293	69	13	9	3
815	69	15	9	4
503	69	3	9	4
661	69	1	9	4
221	69	1	9	4
922	69	2	9	3
148	69	8	9	5
180	69	0	9	4
109	69	9	9	4
239	69	19	9	1
13	69	13	9	4
267	69	7	9	4
704	69	4	9	3
835	69	15	9	5
103	69	3	9	3
870	69	10	9	4
65	69	5	9	3
328	69	8	9	4
456	69	16	9	4
882	69	2	9	5
712	69	12	9	3
919	69	19	9	3
727	69	7	9	4
887	69	7	9	4
862	69	2	9	5
326	69	6	9	2
316	69	16	9	3
42	69	2	9	4
764	69	4	9	5
374	69	14	9	5
298	69	18	9	4
899	69	19	9	3
83	69	3	9	4
12	69	12	9	5
399	69	19	9	3
405	69	5	9	4
457	69	17	9	5
492	69	12	9	3
629	69	9	9	5
394	69	14	9	5
41	69	1	9	4
593	69	13	9	5
721	69	1	9	4
658	69	18	9	4
543	69	3	9	4
207	69	7	9	4
419	69	19	9	4
573	69	13	9	4
804	69	4	9	4
330	69	10	9	5
110	69	10	9	4
30	69	10	9	5
690	69	10	9	5
741	69	1	9	4
62	69	2	9	4
844	69	4	9	5
72	69	12	9	4
43	69	3	9	4
318	69	18	9	5
454	69	14	9	4
682	69	2	9	4
437	69	17	9	2
474	69	14	9	5
224	69	4	9	4
495	69	15	9	3
92	69	12	9	5
406	69	6	9	4
216	69	16	9	5
303	69	3	9	5
249	69	9	9	5
533	69	13	9	4
864	69	4	9	5
236	69	16	9	5
739	69	19	9	5
606	69	6	9	4
391	69	11	9	4
60	69	0	9	4
472	69	12	9	5
417	69	17	9	3
719	69	19	9	5
643	69	3	9	3
781	69	1	9	3
514	69	14	9	4
187	69	7	9	4
667	69	7	9	3
642	69	2	9	5
918	69	18	9	3
371	69	11	9	5
554	69	14	9	5
11	69	11	9	3
892	69	12	9	5
301	69	1	9	5
622	69	2	9	4
85	69	5	9	4
588	69	8	9	2
711	69	11	9	3
339	69	19	9	4
331	69	11	9	5
210	69	10	9	4
493	69	13	9	5
82	69	2	9	4
290	69	10	9	4
933	69	13	9	4
152	69	12	9	5
487	69	7	9	4
378	69	18	9	3
311	69	11	9	5
796	69	16	9	5
843	69	3	9	3
313	69	13	9	5
452	69	12	9	5
10	69	10	9	4
679	69	19	9	4
91	69	11	9	5
125	69	5	9	4
468	69	8	9	4
297	69	17	9	3
542	69	2	9	4
345	69	5	9	4
940	69	0	9	2
232	69	12	9	3
654	69	14	9	4
663	69	3	9	4
453	69	13	9	4
659	69	19	9	3
586	69	6	9	4
627	69	7	9	3
244	69	4	9	4
20	69	0	9	1
846	69	6	9	5
790	69	10	9	1
398	69	18	9	5
151	69	11	9	4
694	69	14	9	5
618	69	18	9	4
272	69	12	9	4
442	69	2	9	3
122	69	2	9	2
1	69	1	9	3
401	69	1	9	3
916	69	16	9	4
458	69	18	9	2
850	69	10	9	5
774	69	14	9	4
312	69	12	9	4
59	69	19	9	5
429	69	9	9	5
500	69	0	9	4
566	69	6	9	4
488	69	8	9	4
177	69	17	9	1
269	69	9	9	1
211	69	11	9	3
823	69	3	9	5
881	69	1	9	3
182	69	2	9	5
508	69	8	9	3
840	69	0	9	4
538	69	18	9	5
305	69	5	9	3
901	69	1	9	5
145	69	5	9	5
478	69	18	9	3
854	69	14	9	4
763	69	3	9	4
416	69	16	9	4
499	69	19	9	5
479	89	19	9	4
843	89	3	9	5
339	89	19	9	5
671	89	11	9	5
892	89	12	9	5
23	89	3	9	5
896	89	16	9	5
757	89	17	9	4
244	89	4	9	5
368	89	8	9	4
90	89	10	9	5
73	89	13	9	5
271	89	11	9	3
6	89	6	9	4
807	89	7	9	4
642	89	2	9	2
77	89	17	9	5
344	89	4	9	5
60	89	0	9	5
929	89	9	9	5
387	89	7	9	5
62	89	2	9	5
916	89	16	9	5
514	89	14	9	4
154	89	14	9	5
378	89	18	9	4
406	89	6	9	4
391	89	11	9	3
385	89	5	9	4
836	89	16	9	4
622	89	2	9	5
253	89	13	9	4
373	89	13	9	5
664	89	4	9	5
435	89	15	9	4
545	89	5	9	3
705	89	5	9	2
555	89	15	9	4
148	89	8	9	5
343	89	3	9	3
537	89	17	9	4
293	89	13	9	5
506	89	6	9	5
393	89	13	9	3
136	89	16	9	4
286	89	6	9	4
215	89	15	9	4
715	89	15	9	3
617	89	17	9	4
249	89	9	9	5
354	89	14	9	4
22	89	2	9	5
130	89	10	9	4
551	89	11	9	4
660	89	0	9	3
882	89	2	9	5
56	89	16	9	4
592	89	12	9	4
234	89	14	9	3
911	89	11	9	4
178	89	18	9	4
661	89	1	9	5
305	89	5	9	3
267	89	7	9	5
561	89	1	9	4
648	89	8	9	4
307	89	7	9	5
197	89	17	9	5
5	89	5	9	5
922	89	2	9	5
766	89	6	9	4
447	89	7	9	5
913	89	13	9	5
862	89	2	9	5
28	89	8	9	4
650	89	10	9	4
158	89	18	9	5
753	89	13	9	3
55	89	15	9	5
774	89	14	9	2
566	89	6	9	4
352	89	12	9	5
115	89	15	9	5
177	89	17	9	5
299	89	19	9	5
764	89	4	9	4
806	89	6	9	5
96	89	16	9	5
383	89	3	9	3
815	89	15	9	4
823	89	3	9	5
881	89	1	9	4
76	89	16	9	4
8	89	8	9	4
883	89	3	9	5
795	89	15	9	4
308	89	8	9	5
374	89	14	9	2
226	89	6	9	5
773	89	13	9	4
666	89	6	9	4
44	89	4	9	5
641	89	1	9	4
95	89	15	9	3
613	89	13	9	5
316	89	16	9	1
275	89	15	9	3
189	89	9	9	5
350	89	10	9	4
840	89	0	9	5
326	89	6	9	4
727	89	7	9	5
886	89	6	9	4
97	89	17	9	5
889	89	9	9	4
322	89	2	9	3
429	89	9	9	4
64	89	4	9	3
151	89	11	9	5
405	89	5	9	1
804	89	4	9	4
899	89	19	9	4
457	89	17	9	5
786	89	6	9	4
600	89	0	9	5
394	89	14	9	5
145	89	5	9	4
142	89	2	9	3
13	89	13	9	4
291	89	11	9	3
934	89	14	9	5
867	89	7	9	5
738	89	18	9	5
37	89	17	9	4
709	89	9	9	3
144	89	4	9	3
659	89	19	9	4
328	89	8	9	5
94	89	14	9	3
847	89	7	9	2
233	89	13	9	3
119	89	19	9	4
488	89	8	9	4
805	89	5	9	4
498	89	18	9	5
830	89	10	9	5
214	89	14	9	4
698	89	18	9	4
500	89	0	9	4
495	89	15	9	3
342	89	2	9	3
694	89	14	9	4
419	89	19	9	3
521	89	1	9	3
748	89	8	9	5
442	89	2	9	4
826	89	6	9	5
723	89	3	9	3
543	89	3	9	4
109	89	9	9	4
407	89	7	9	4
200	89	0	9	5
711	89	11	9	5
484	89	4	9	4
7	89	7	9	5
411	89	11	9	3
751	89	11	9	3
496	89	16	9	5
653	89	13	9	5
538	89	18	9	4
222	89	2	9	5
466	89	6	9	3
663	89	3	9	4
16	89	16	9	2
421	89	1	9	5
332	89	12	9	5
756	89	16	9	4
854	89	14	9	4
346	89	6	9	4
248	89	8	9	5
311	89	11	9	5
579	89	19	9	3
844	89	4	9	3
1	89	1	9	5
85	89	5	9	4
497	89	17	9	4
455	89	15	9	3
690	89	10	9	2
425	89	5	9	4
524	89	4	9	5
201	89	1	9	3
268	89	8	9	4
295	89	15	9	5
59	89	19	9	5
72	89	12	9	3
450	89	10	9	5
87	89	7	9	4
542	89	2	9	4
194	89	14	9	3
184	89	4	9	4
18	89	18	9	3
897	89	17	9	4
321	89	1	9	3
137	89	17	9	5
454	89	14	9	1
437	89	17	9	2
102	89	2	9	4
710	89	10	9	4
296	89	16	9	5
276	89	16	9	5
379	89	19	9	4
70	89	10	9	4
603	89	3	9	5
901	89	1	9	3
493	89	13	9	4
790	89	10	9	4
452	89	12	9	5
297	89	17	9	4
796	89	16	9	5
320	89	0	9	4
250	89	10	9	4
562	89	2	9	1
870	89	10	9	3
933	89	13	9	4
940	89	0	9	4
645	89	5	9	4
313	89	13	9	5
638	89	18	9	4
71	89	11	9	5
239	89	19	9	4
198	89	18	9	5
301	89	1	9	2
553	89	13	9	5
704	89	4	9	5
290	89	10	9	3
655	89	15	9	4
932	89	12	9	5
749	89	9	9	4
686	89	6	9	4
848	89	8	9	5
746	89	6	9	4
868	89	8	9	4
567	89	7	9	5
682	89	2	9	4
409	89	9	9	5
417	89	17	9	5
890	89	10	9	4
627	89	7	9	5
560	89	0	9	5
643	89	3	9	3
312	89	12	9	5
788	89	8	9	5
468	89	8	9	4
395	89	15	9	5
269	89	9	9	2
474	89	14	9	5
363	89	3	9	4
480	89	0	9	4
846	89	6	9	5
833	89	13	9	5
58	89	18	9	3
665	89	5	9	4
903	89	3	9	4
334	89	14	9	4
737	89	17	9	4
92	89	12	9	5
606	89	6	9	5
114	89	14	9	5
918	89	18	9	5
279	89	19	9	4
776	89	16	9	5
380	89	0	9	5
327	89	7	9	4
381	89	1	9	5
256	89	16	9	5
435	109	15	9	4
70	109	10	9	3
601	109	1	9	4
730	109	10	9	4
417	109	17	9	2
567	109	7	9	2
793	109	13	9	4
45	109	5	9	5
495	109	15	9	5
677	109	17	9	1
422	109	2	9	2
11	109	11	9	3
546	109	6	9	5
472	109	12	9	4
393	109	13	9	3
195	109	15	9	3
244	109	4	9	4
16	109	16	9	4
24	109	4	9	3
181	109	1	9	1
82	109	2	9	1
758	109	18	9	3
560	109	0	9	3
618	109	18	9	2
533	109	13	9	2
307	109	7	9	5
537	109	17	9	1
528	109	8	9	4
561	109	1	9	1
397	109	17	9	4
325	109	5	9	2
432	109	12	9	2
672	109	12	9	4
790	109	10	9	3
880	109	0	9	4
534	109	14	9	4
295	109	15	9	4
289	109	9	9	3
23	109	3	9	3
290	109	10	9	3
251	109	11	9	4
779	109	19	9	3
540	109	0	9	4
354	109	14	9	3
851	109	11	9	4
773	109	13	9	4
5	109	5	9	5
63	109	3	9	4
742	109	2	9	1
848	109	8	9	4
592	109	12	9	4
498	109	18	9	3
650	109	10	9	3
493	109	13	9	4
844	109	4	9	2
308	109	8	9	3
13	109	13	9	4
665	109	5	9	4
738	109	18	9	4
117	109	17	9	4
654	109	14	9	3
894	109	14	9	1
301	109	1	9	5
59	109	19	9	4
595	109	15	9	2
389	109	9	9	3
294	109	14	9	4
303	109	3	9	4
584	109	4	9	4
868	109	8	9	3
887	109	7	9	5
496	109	16	9	3
69	109	9	9	3
394	109	14	9	4
145	109	5	9	4
387	109	7	9	4
747	109	7	9	5
916	109	16	9	3
456	109	16	9	3
222	109	2	9	3
847	109	7	9	5
101	109	1	9	2
634	109	14	9	4
679	109	19	9	3
58	109	18	9	4
483	109	3	9	5
467	109	7	9	5
22	109	2	9	4
92	109	12	9	3
380	109	0	9	2
283	109	3	9	4
490	109	10	9	5
160	109	0	9	2
864	109	4	9	5
1	109	1	9	5
852	109	12	9	3
429	109	9	9	3
465	109	5	9	3
221	109	1	9	2
94	109	14	9	4
621	109	1	9	4
125	109	5	9	3
689	109	9	9	5
119	109	19	9	5
932	109	12	9	2
648	109	8	9	5
657	109	17	9	1
246	109	6	9	5
486	109	6	9	3
699	109	19	9	3
57	109	17	9	4
276	109	16	9	4
521	109	1	9	5
776	109	16	9	4
279	109	19	9	5
508	109	8	9	3
794	109	14	9	4
622	109	2	9	5
26	109	6	9	3
365	109	5	9	2
130	109	10	9	3
497	109	17	9	4
542	109	2	9	4
727	109	7	9	2
297	109	17	9	4
682	109	2	9	3
514	109	14	9	3
795	109	15	9	3
226	109	6	9	4
44	109	4	9	3
150	129	10	9	4
886	129	6	9	5
158	129	18	9	5
334	129	14	9	4
527	129	7	9	2
221	129	1	9	5
456	129	16	9	3
352	129	12	9	5
747	129	7	9	5
491	129	11	9	4
49	129	9	9	2
595	129	15	9	3
500	129	0	9	4
74	129	14	9	3
327	129	7	9	4
227	129	7	9	5
501	129	1	9	4
59	129	19	9	5
177	129	17	9	3
919	129	19	9	5
460	129	0	9	3
883	129	3	9	5
209	129	9	9	2
374	129	14	9	5
176	129	16	9	3
160	129	0	9	4
793	129	13	9	4
677	129	17	9	5
658	129	18	9	3
543	129	3	9	4
201	129	1	9	4
72	129	12	9	4
896	129	16	9	4
207	129	7	9	3
303	129	3	9	5
839	129	19	9	4
69	129	9	9	3
458	129	18	9	4
906	129	6	9	4
437	129	17	9	1
697	129	17	9	5
92	129	12	9	4
62	129	2	9	3
831	129	11	9	2
144	129	4	9	4
535	129	15	9	5
555	129	15	9	4
936	129	16	9	4
268	129	8	9	2
216	129	16	9	4
181	129	1	9	2
655	129	15	9	3
643	129	3	9	5
903	129	3	9	3
26	129	6	9	4
789	129	9	9	5
924	129	4	9	4
534	129	14	9	4
833	129	13	9	3
606	129	6	9	3
757	129	17	9	3
486	129	6	9	4
21	129	1	9	4
894	129	14	9	4
291	129	11	9	5
406	129	6	9	5
344	129	4	9	4
592	129	12	9	5
699	129	19	9	4
320	129	0	9	4
385	129	5	9	3
249	129	9	9	5
907	129	7	9	5
305	129	5	9	3
297	129	17	9	4
329	129	9	9	3
770	129	10	9	5
279	129	19	9	1
854	129	14	9	3
342	129	2	9	5
634	129	14	9	4
817	129	17	9	4
421	129	1	9	5
250	129	10	9	4
829	129	9	9	4
1	129	1	9	5
473	129	13	9	4
881	129	1	9	4
758	129	18	9	4
277	129	17	9	4
851	129	11	9	4
900	129	0	9	4
252	129	12	9	4
663	129	3	9	3
257	129	17	9	4
889	129	9	9	5
387	129	7	9	5
905	129	5	9	4
442	129	2	9	4
392	129	12	9	4
372	129	12	9	4
73	129	13	9	4
429	129	9	9	4
792	129	12	9	4
733	129	13	9	2
463	129	3	9	2
666	129	6	9	4
76	129	16	9	3
243	129	3	9	2
470	129	10	9	3
308	129	8	9	5
381	129	1	9	4
299	129	19	9	4
923	129	3	9	5
293	129	13	9	3
892	129	12	9	3
10	129	10	9	4
189	129	9	9	3
75	129	15	9	3
430	129	10	9	5
537	129	17	9	3
24	129	4	9	3
524	129	4	9	5
361	129	1	9	4
709	129	9	9	2
518	129	18	9	5
233	129	13	9	3
422	129	2	9	4
403	129	3	9	4
342	149	2	9	5
90	149	10	9	3
655	149	15	9	4
534	149	14	9	2
158	149	18	9	3
181	149	1	9	1
463	149	3	9	2
224	149	4	9	1
252	149	12	9	5
708	149	8	9	3
59	149	19	9	4
354	149	14	9	5
664	149	4	9	3
596	149	16	9	3
537	149	17	9	3
405	149	5	9	1
637	149	17	9	2
592	149	12	9	4
328	149	8	9	2
733	149	13	9	4
460	149	0	9	4
92	149	12	9	3
1	149	1	9	2
711	169	11	9	5
737	169	17	9	4
262	169	2	9	3
58	169	18	9	4
864	169	4	9	5
805	169	5	9	4
305	169	5	9	5
664	169	4	9	5
338	169	18	9	5
271	169	11	9	5
307	169	7	9	5
299	169	19	9	4
70	169	10	9	4
679	169	19	9	3
148	169	8	9	5
392	169	12	9	4
932	169	12	9	5
480	169	0	9	5
151	169	11	9	5
450	169	10	9	5
412	169	12	9	4
216	169	16	9	3
840	169	0	9	5
555	169	15	9	5
327	169	7	9	2
43	169	3	9	5
244	169	4	9	5
745	169	5	9	4
654	169	14	9	5
59	169	19	9	4
479	169	19	9	5
454	169	14	9	4
806	169	6	9	5
748	169	8	9	4
723	169	3	9	4
640	169	0	9	5
97	169	17	9	5
56	169	16	9	4
373	169	13	9	5
889	169	9	9	5
387	169	7	9	5
458	169	18	9	5
536	169	16	9	5
543	169	3	9	4
592	169	12	9	5
312	169	12	9	5
214	169	14	9	4
676	169	16	9	5
18	169	18	9	5
237	169	17	9	5
343	169	3	9	5
142	169	2	9	5
393	169	13	9	3
727	169	7	9	5
249	169	9	9	5
165	169	5	9	5
457	169	17	9	5
913	169	13	9	4
334	169	14	9	4
747	169	7	9	5
275	169	15	9	3
200	169	0	9	5
1	169	1	9	5
405	169	5	9	1
738	169	18	9	5
658	169	18	9	5
771	169	11	9	5
822	169	2	9	4
870	169	10	9	4
5	169	5	9	5
625	169	5	9	5
276	169	16	9	5
875	169	15	9	5
516	169	16	9	5
773	169	13	9	5
286	169	6	9	3
661	169	1	9	5
700	169	0	9	3
160	169	0	9	4
81	169	1	9	4
292	169	12	9	5
226	169	6	9	5
885	169	5	9	5
868	169	8	9	5
465	169	5	9	4
795	169	15	9	5
523	169	3	9	5
666	169	6	9	4
669	169	9	9	3
267	169	7	9	5
497	169	17	9	4
308	169	8	9	5
268	169	8	9	5
865	169	5	9	5
354	169	14	9	3
680	169	0	9	5
25	169	5	9	5
643	169	3	9	4
533	169	13	9	4
279	169	19	9	5
342	169	2	9	5
167	169	7	9	1
6	169	6	9	4
329	169	9	9	4
838	169	18	9	4
417	169	17	9	3
514	169	14	9	5
344	169	4	9	5
622	169	2	9	5
385	169	5	9	5
527	169	7	9	4
579	169	19	9	4
407	169	7	9	5
92	169	12	9	5
435	169	15	9	5
363	169	3	9	5
82	169	2	9	4
648	169	8	9	5
774	189	14	9	2
773	189	13	9	5
654	189	14	9	4
387	189	7	9	5
407	189	7	9	4
711	189	11	9	5
18	189	18	9	5
913	189	13	9	3
307	189	7	9	4
795	189	15	9	3
640	189	0	9	5
267	189	7	9	4
643	189	3	9	4
276	189	16	9	4
932	189	12	9	5
865	189	5	9	4
338	189	18	9	4
592	189	12	9	5
885	189	5	9	5
661	189	1	9	4
748	189	8	9	4
29	189	9	9	4
497	189	17	9	4
405	189	5	9	1
354	189	14	9	3
342	189	2	9	5
771	189	11	9	5
25	189	5	9	5
868	189	8	9	5
56	189	16	9	4
279	189	19	9	5
6	189	6	9	3
5	189	5	9	5
58	189	18	9	3
363	189	3	9	5
523	189	3	9	5
723	189	3	9	3
97	189	17	9	4
479	189	19	9	2
458	189	18	9	4
268	189	8	9	4
92	189	12	9	4
142	189	2	9	4
23	189	3	9	5
1	189	1	9	3
822	189	2	9	4
393	189	13	9	4
148	189	8	9	4
151	189	11	9	5
747	189	7	9	4
312	189	12	9	5
392	189	12	9	4
738	189	18	9	4
43	189	3	9	5
536	189	16	9	5
514	189	14	9	5
864	189	4	9	4
343	189	3	9	4
829	189	9	9	4
373	189	13	9	5
216	189	16	9	3
70	189	10	9	4
437	189	17	9	2
385	189	5	9	5
286	189	6	9	3
305	189	5	9	5
480	209	0	9	4
1	209	1	9	4
916	209	16	9	3
615	209	15	9	5
823	209	3	9	4
6	209	6	9	4
148	209	8	9	5
373	209	13	9	4
704	209	4	9	3
785	209	5	9	3
445	209	5	9	4
178	209	18	9	4
370	209	10	9	5
763	209	3	9	4
411	209	11	9	4
109	209	9	9	1
94	209	14	9	5
125	209	5	9	4
458	209	18	9	4
239	209	19	9	5
295	209	15	9	5
279	209	19	9	5
790	209	10	9	1
267	209	7	9	5
385	209	5	9	4
911	209	11	9	5
840	209	0	9	4
264	209	4	9	5
41	209	1	9	4
622	209	2	9	5
666	209	6	9	4
283	209	3	9	4
886	209	6	9	4
804	209	4	9	3
90	209	10	9	5
214	209	14	9	5
457	209	17	9	5
244	209	4	9	4
625	209	5	9	3
934	209	14	9	1
456	209	16	9	3
686	209	6	9	5
650	209	10	9	3
292	209	12	9	5
187	209	7	9	4
506	209	6	9	4
151	209	11	9	4
222	209	2	9	4
334	209	14	9	3
643	209	3	9	5
749	209	9	9	4
641	209	1	9	4
145	209	5	9	4
880	209	0	9	3
773	209	13	9	5
299	209	19	9	3
447	209	7	9	4
929	209	9	9	3
268	209	8	9	4
59	209	19	9	5
392	209	12	9	5
868	209	8	9	4
5	209	5	9	5
60	209	0	9	5
883	209	3	9	3
64	209	4	9	5
932	209	12	9	5
606	209	6	9	4
899	209	19	9	5
479	209	19	9	4
896	209	16	9	3
307	209	7	9	5
796	209	16	9	3
138	209	18	9	4
864	209	4	9	3
442	209	2	9	4
98	209	18	9	2
124	209	4	9	3
276	209	16	9	4
416	209	16	9	5
537	209	17	9	4
554	209	14	9	4
188	209	8	9	2
230	209	10	9	1
738	209	18	9	4
234	209	14	9	4
77	209	17	9	4
95	209	15	9	4
406	209	6	9	1
312	209	12	9	3
933	209	13	9	2
293	209	13	9	3
655	209	15	9	3
387	209	7	9	5
308	209	8	9	4
806	209	6	9	3
342	209	2	9	5
751	209	11	9	4
201	209	1	9	3
354	209	14	9	3
524	209	4	9	4
417	209	17	9	4
535	209	15	9	5
22	209	2	9	4
908	209	8	9	3
49	209	9	9	5
848	209	8	9	5
48	209	8	9	5
661	209	1	9	4
795	209	15	9	5
330	209	10	9	3
327	209	7	9	4
226	209	6	9	3
23	209	3	9	5
119	209	19	9	4
405	209	5	9	3
305	209	5	9	5
389	209	9	9	4
747	209	7	9	3
407	209	7	9	5
536	209	16	9	2
391	209	11	9	5
62	209	2	9	4
311	209	11	9	2
940	209	0	9	4
429	209	9	9	4
249	209	9	9	5
805	209	5	9	4
474	209	14	9	5
128	209	8	9	4
18	209	18	9	4
493	209	13	9	5
551	209	11	9	5
296	209	16	9	4
194	209	14	9	3
561	209	1	9	4
542	209	2	9	4
556	209	16	9	5
885	209	5	9	2
92	209	12	9	5
44	209	4	9	5
189	209	9	9	1
315	209	15	9	5
160	209	0	9	4
640	209	0	9	5
579	209	19	9	4
870	209	10	9	4
567	209	7	9	4
87	209	7	9	5
709	209	9	9	3
269	209	9	9	4
727	209	7	9	3
144	209	4	9	2
846	209	6	9	4
476	209	16	9	4
13	209	13	9	3
218	209	18	9	5
833	209	13	9	5
508	209	8	9	5
177	209	17	9	4
766	209	6	9	3
468	209	8	9	5
297	209	17	9	4
527	209	7	9	4
778	209	18	9	4
741	209	1	9	3
843	209	3	9	3
425	209	5	9	2
583	209	3	9	4
748	209	8	9	4
28	209	8	9	4
16	209	16	9	5
232	209	12	9	3
85	209	5	9	4
303	209	3	9	5
58	209	18	9	5
339	209	19	9	5
286	209	6	9	4
721	209	1	9	3
682	209	2	9	3
913	209	13	9	2
758	209	18	9	5
158	209	18	9	5
409	209	9	9	5
716	209	16	9	3
514	209	14	9	3
881	209	1	9	3
660	209	0	9	4
664	209	4	9	4
645	209	5	9	5
889	209	9	9	2
387	229	7	9	2
213	229	13	9	4
766	229	6	9	3
109	229	9	9	5
933	229	13	9	1
303	229	3	9	3
495	229	15	9	3
343	229	3	9	4
536	229	16	9	4
94	229	14	9	3
268	229	8	9	2
435	229	15	9	2
705	229	5	9	3
757	229	17	9	3
128	229	8	9	2
194	229	14	9	1
807	229	7	9	4
363	229	3	9	3
280	229	0	9	3
484	229	4	9	5
295	229	15	9	4
450	229	10	9	4
380	229	0	9	3
275	229	15	9	3
805	229	5	9	2
773	229	13	9	3
234	229	14	9	4
70	229	10	9	3
215	229	15	9	3
886	229	6	9	3
545	229	5	9	3
577	229	17	9	4
927	229	7	9	3
749	229	9	9	3
135	229	15	9	2
115	229	15	9	3
650	229	10	9	2
254	229	14	9	4
456	229	16	9	3
158	229	18	9	3
64	229	4	9	4
56	229	16	9	3
584	229	4	9	3
95	229	15	9	3
693	229	13	9	2
200	229	0	9	5
709	229	9	9	2
44	229	4	9	3
286	229	6	9	1
178	229	18	9	4
334	229	14	9	2
483	229	3	9	3
815	229	15	9	3
28	229	8	9	2
664	229	4	9	3
183	229	3	9	3
922	229	2	9	4
425	229	5	9	3
517	229	17	9	3
716	229	16	9	3
727	229	7	9	2
198	229	18	9	3
497	229	17	9	2
8	229	8	9	5
328	229	8	9	3
653	229	13	9	3
326	229	6	9	3
374	229	14	9	5
405	229	5	9	1
899	229	19	9	2
279	229	19	9	4
394	229	14	9	3
457	229	17	9	4
702	229	2	9	4
804	229	4	9	4
72	229	12	9	1
437	229	17	9	3
318	229	18	9	1
59	229	19	9	3
846	229	6	9	3
603	229	3	9	4
932	229	12	9	4
682	229	2	9	4
92	229	12	9	3
13	229	13	9	4
864	229	4	9	4
23	229	3	9	3
514	229	14	9	3
60	229	0	9	4
533	229	13	9	4
290	229	10	9	3
554	229	14	9	3
11	229	11	9	4
622	229	2	9	2
301	229	1	9	3
643	229	3	9	3
496	229	16	9	2
337	229	17	9	3
562	229	2	9	1
398	229	18	9	3
256	229	16	9	3
627	229	7	9	2
892	229	12	9	3
694	229	14	9	4
453	229	13	9	2
442	229	2	9	3
790	229	10	9	3
197	229	17	9	3
774	229	14	9	2
508	229	8	9	2
332	229	12	9	5
830	229	10	9	2
429	229	9	9	2
506	229	6	9	4
276	229	16	9	3
934	229	14	9	4
826	229	6	9	4
498	229	18	9	2
145	229	5	9	3
796	229	16	9	3
373	229	13	9	4
548	229	8	9	5
901	229	1	9	4
7	229	7	9	3
222	229	2	9	3
823	229	3	9	3
1	229	1	9	4
311	229	11	9	5
881	229	1	9	4
102	229	2	9	3
87	229	7	9	4
313	229	13	9	3
843	229	3	9	3
586	229	6	9	3
127	229	7	9	5
85	229	5	9	3
487	229	7	9	3
638	229	18	9	1
896	229	16	9	4
62	229	2	9	3
943	229	3	9	2
472	229	12	9	5
411	229	11	9	3
42	229	2	9	4
22	229	2	9	2
721	229	1	9	5
883	229	3	9	4
267	229	7	9	4
399	229	19	9	2
532	229	12	9	5
868	229	8	9	3
307	229	7	9	5
299	229	19	9	3
738	229	18	9	3
890	229	10	9	2
5	229	5	9	2
648	229	8	9	4
551	229	11	9	5
293	229	13	9	2
521	229	1	9	2
788	229	8	9	3
660	229	0	9	2
758	229	18	9	3
746	229	6	9	2
130	229	10	9	4
916	229	16	9	3
339	229	19	9	3
600	229	0	9	3
561	229	1	9	3
711	229	11	9	3
407	229	7	9	3
758	249	18	9	4
584	249	4	9	4
493	249	13	9	4
297	249	17	9	3
347	249	7	9	5
500	249	0	9	3
294	249	14	9	5
323	249	3	9	3
117	249	17	9	4
223	249	3	9	2
889	249	9	9	3
435	249	15	9	4
796	249	16	9	1
57	249	17	9	5
44	249	4	9	4
407	249	7	9	2
624	249	4	9	3
429	249	9	9	4
555	249	15	9	4
665	249	5	9	5
130	249	10	9	5
178	249	18	9	3
661	249	1	9	3
483	249	3	9	2
58	249	18	9	4
806	249	6	9	4
15	249	15	9	1
660	249	0	9	2
854	249	14	9	3
580	249	0	9	5
586	249	6	9	2
305	249	5	9	3
679	249	19	9	3
778	249	18	9	3
467	249	7	9	3
468	249	8	9	3
24	249	4	9	4
643	249	3	9	3
287	249	7	9	5
293	249	13	9	3
521	249	1	9	4
389	249	9	9	3
479	249	19	9	2
622	249	2	9	5
292	249	12	9	3
869	249	9	9	4
550	249	10	9	4
922	249	2	9	3
445	249	5	9	2
342	249	2	9	3
727	249	7	9	2
279	249	19	9	3
249	249	9	9	4
655	249	15	9	3
248	249	8	9	4
392	249	12	9	1
393	249	13	9	3
592	249	12	9	4
66	249	6	9	4
726	249	6	9	1
198	249	18	9	2
116	249	16	9	2
501	249	1	9	3
497	249	17	9	5
385	249	5	9	2
487	249	7	9	1
83	249	3	9	2
227	249	7	9	2
291	249	11	9	4
936	249	16	9	5
209	249	9	9	2
464	249	4	9	2
880	249	0	9	4
833	249	13	9	1
303	249	3	9	4
32	249	12	9	4
244	249	4	9	4
642	249	2	9	5
222	249	2	9	1
782	249	2	9	2
606	249	6	9	3
560	249	0	9	5
214	249	14	9	3
859	249	19	9	5
268	249	8	9	4
159	249	19	9	4
459	249	19	9	2
255	249	15	9	5
327	249	7	9	2
543	249	3	9	2
437	249	17	9	5
648	249	8	9	3
482	249	2	9	2
62	249	2	9	2
682	249	2	9	3
301	249	1	9	3
416	249	16	9	3
92	249	12	9	3
137	249	17	9	4
480	249	0	9	1
216	249	16	9	3
540	249	0	9	3
251	249	11	9	5
894	249	14	9	3
104	249	4	9	3
145	249	5	9	4
790	249	10	9	3
141	249	1	9	2
552	249	12	9	3
923	249	3	9	4
692	249	12	9	3
1	249	1	9	4
825	249	5	9	3
789	249	9	9	3
654	249	14	9	5
276	249	16	9	4
332	249	12	9	3
542	249	2	9	4
26	249	6	9	2
715	249	15	9	4
621	249	1	9	5
794	249	14	9	3
640	249	0	9	4
121	249	1	9	1
233	249	13	9	5
838	249	18	9	4
432	249	12	9	5
916	249	16	9	3
299	249	19	9	3
463	249	3	9	2
204	269	4	9	4
129	269	9	9	4
279	269	19	9	4
535	269	15	9	4
568	269	8	9	4
846	269	6	9	5
373	269	13	9	5
276	269	16	9	4
834	269	14	9	5
202	269	2	9	4
558	269	18	9	4
157	269	17	9	4
836	269	16	9	5
743	269	3	9	4
508	269	8	9	4
540	269	0	9	4
145	269	5	9	5
312	269	12	9	5
305	269	5	9	4
878	269	18	9	4
794	269	14	9	5
191	269	11	9	3
171	269	11	9	4
7	269	7	9	3
587	269	7	9	3
413	269	13	9	4
486	269	6	9	4
639	269	19	9	3
325	269	5	9	4
361	269	1	9	4
796	269	16	9	3
880	269	0	9	4
931	269	11	9	3
598	269	18	9	3
438	269	18	9	4
122	269	2	9	5
418	269	18	9	5
433	269	13	9	5
452	269	12	9	5
683	269	3	9	3
466	269	6	9	2
488	269	8	9	3
818	269	18	9	3
257	269	17	9	3
47	269	7	9	4
449	269	9	9	5
482	269	2	9	4
345	269	5	9	5
232	269	12	9	3
869	269	9	9	4
659	269	19	9	4
131	269	11	9	5
421	269	1	9	3
111	269	11	9	5
446	269	6	9	4
940	269	0	9	4
507	269	7	9	2
333	269	13	9	2
790	269	10	9	3
654	269	14	9	4
752	269	12	9	5
212	269	12	9	3
102	269	2	9	2
378	269	18	9	4
125	269	5	9	1
634	269	14	9	4
192	269	12	9	3
365	269	5	9	4
297	269	17	9	4
40	269	0	9	1
489	269	9	9	3
758	269	18	9	4
582	269	2	9	4
133	269	13	9	4
448	269	8	9	5
594	269	14	9	4
105	269	5	9	4
107	269	7	9	5
574	269	14	9	5
461	269	1	9	3
331	269	11	9	5
699	269	19	9	4
930	269	10	9	4
428	269	8	9	5
1	269	1	9	5
147	269	7	9	4
750	269	10	9	4
529	269	9	9	3
181	269	1	9	1
90	269	10	9	5
667	269	7	9	5
23	269	3	9	5
10	269	10	9	4
730	269	10	9	5
884	269	4	9	5
687	269	7	9	4
707	269	7	9	4
301	269	1	9	5
732	269	12	9	5
514	269	14	9	4
80	269	0	9	3
343	269	3	9	4
710	269	10	9	3
863	269	3	9	3
338	269	18	9	4
791	269	11	9	4
296	269	16	9	5
43	269	3	9	5
329	269	9	9	4
629	269	9	9	3
100	269	0	9	4
318	269	18	9	5
63	269	3	9	3
419	269	19	9	4
229	269	9	9	4
207	269	7	9	4
782	269	2	9	3
190	269	10	9	4
740	269	0	9	4
721	269	1	9	5
196	269	16	9	3
720	269	0	9	3
431	269	11	9	3
866	269	6	9	3
173	269	13	9	4
85	269	5	9	3
278	269	18	9	5
608	269	8	9	3
592	269	12	9	4
784	269	4	9	5
209	269	9	9	2
883	269	3	9	3
842	269	2	9	5
523	269	3	9	5
119	269	19	9	3
875	269	15	9	4
13	269	13	9	2
451	269	11	9	2
259	269	19	9	3
306	269	6	9	5
218	269	18	9	4
61	269	1	9	3
669	269	9	9	3
247	269	7	9	4
370	269	10	9	5
354	269	14	9	4
711	269	11	9	5
239	269	19	9	5
136	269	16	9	5
724	269	4	9	4
81	269	1	9	3
425	269	5	9	4
2	269	2	9	4
701	269	1	9	5
913	269	13	9	5
503	269	3	9	5
704	269	4	9	4
517	269	17	9	3
680	269	0	9	4
29	269	9	9	4
928	269	8	9	5
515	269	15	9	2
410	269	10	9	5
79	269	19	9	5
163	269	3	9	3
889	269	9	9	4
25	269	5	9	4
888	269	8	9	5
286	269	6	9	5
201	269	1	9	3
942	269	2	9	2
747	269	7	9	4
537	269	17	9	3
116	269	16	9	3
673	269	13	9	4
307	269	7	9	4
334	269	14	9	3
15	269	15	9	5
650	269	10	9	4
467	269	7	9	4
130	269	10	9	4
48	269	8	9	1
178	269	18	9	4
485	269	5	9	4
532	269	12	9	4
624	269	4	9	4
294	269	14	9	5
463	269	3	9	5
775	269	15	9	4
755	269	15	9	5
738	269	18	9	2
713	269	13	9	4
219	269	19	9	5
14	269	14	9	4
443	269	3	9	3
525	269	5	9	5
557	269	17	9	3
735	269	15	9	3
64	269	4	9	5
423	269	3	9	3
115	269	15	9	3
39	269	19	9	4
254	269	14	9	2
206	269	6	9	4
220	269	0	9	5
240	269	0	9	5
753	269	13	9	5
676	269	16	9	2
400	269	0	9	4
199	269	19	9	5
524	269	4	9	4
327	269	7	9	3
186	269	6	9	1
675	269	15	9	5
263	269	3	9	4
805	269	5	9	5
666	269	6	9	5
656	269	16	9	3
605	269	5	9	4
288	269	8	9	5
376	269	16	9	5
179	269	19	9	3
193	269	13	9	4
787	269	7	9	3
235	269	15	9	4
617	269	17	9	1
146	269	6	9	4
845	269	5	9	4
600	269	0	9	4
616	269	16	9	4
319	269	19	9	3
104	269	4	9	5
672	269	12	9	3
828	269	8	9	4
657	269	17	9	5
555	269	15	9	5
751	269	11	9	5
78	269	18	9	3
36	269	16	9	3
214	269	14	9	3
936	269	16	9	4
708	269	8	9	3
360	269	0	9	4
86	269	6	9	4
611	269	11	9	4
112	269	12	9	3
315	269	15	9	5
464	269	4	9	5
444	269	4	9	4
651	269	11	9	5
335	269	15	9	4
717	269	17	9	5
58	269	18	9	4
926	269	6	9	5
404	269	4	9	4
415	269	15	9	4
407	269	7	9	3
581	269	1	9	3
26	269	6	9	4
769	269	9	9	5
364	269	4	9	4
416	269	16	9	4
344	269	4	9	4
268	269	8	9	4
685	269	5	9	3
174	269	14	9	5
89	269	9	9	5
768	269	8	9	3
134	269	14	9	3
640	269	0	9	5
303	269	3	9	5
655	269	15	9	3
797	269	17	9	3
18	269	18	9	5
339	269	19	9	5
827	269	7	9	5
114	269	14	9	4
450	269	10	9	5
873	269	13	9	2
455	269	15	9	4
635	269	15	9	5
284	269	4	9	4
6	269	6	9	4
149	269	9	9	5
785	269	5	9	5
475	269	15	9	4
668	269	8	9	5
233	269	13	9	5
934	269	14	9	2
860	269	0	9	2
17	269	17	9	4
894	269	14	9	3
526	269	6	9	5
185	269	5	9	5
539	269	19	9	5
392	269	12	9	5
205	269	5	9	3
803	269	3	9	5
264	269	4	9	5
547	269	7	9	3
271	269	11	9	4
73	269	13	9	4
871	269	11	9	3
262	269	2	9	3
783	269	3	9	4
810	269	10	9	5
498	269	18	9	4
282	269	2	9	4
285	269	5	9	4
858	269	18	9	4
854	269	14	9	4
520	269	0	9	5
877	269	17	9	4
579	269	19	9	3
615	269	15	9	4
125	289	5	9	5
194	289	14	9	1
870	289	10	9	2
426	289	6	9	2
838	289	18	9	5
926	289	6	9	3
755	289	15	9	1
303	289	3	9	2
525	289	5	9	3
364	289	4	9	3
564	289	4	9	4
342	289	2	9	2
723	289	3	9	2
735	289	15	9	1
557	289	17	9	4
913	289	13	9	5
48	289	8	9	1
159	289	19	9	2
456	289	16	9	4
10	289	10	9	4
518	289	18	9	4
399	289	19	9	4
856	289	16	9	1
177	289	17	9	2
663	289	3	9	1
220	289	0	9	4
566	289	6	9	1
803	289	3	9	3
592	289	12	9	4
728	289	8	9	3
409	289	9	9	1
240	289	0	9	4
685	289	5	9	2
758	289	18	9	2
84	289	4	9	5
234	289	14	9	4
579	289	19	9	2
520	289	0	9	4
524	289	4	9	4
655	289	15	9	3
288	289	8	9	3
305	289	5	9	4
695	289	15	9	2
73	289	13	9	2
407	289	7	9	3
732	289	12	9	3
100	289	0	9	3
597	289	17	9	5
938	289	18	9	1
296	289	16	9	3
173	289	13	9	4
446	289	6	9	3
92	289	12	9	3
756	289	16	9	4
761	289	1	9	2
743	289	3	9	3
231	289	11	9	4
21	289	1	9	3
474	289	14	9	3
494	289	14	9	1
799	289	19	9	3
459	289	19	9	4
588	289	8	9	2
589	289	9	9	3
30	289	10	9	2
454	289	14	9	3
811	289	11	9	2
490	289	10	9	1
846	289	6	9	4
910	289	10	9	3
49	289	9	9	4
43	289	3	9	4
863	289	3	9	4
809	289	9	9	1
154	289	14	9	2
824	289	4	9	2
887	289	7	9	5
406	289	6	9	3
702	289	2	9	2
236	289	16	9	4
130	289	10	9	5
232	289	12	9	4
318	289	18	9	3
70	289	10	9	3
570	289	10	9	1
63	289	3	9	2
721	289	1	9	3
299	289	19	9	3
847	289	7	9	5
458	289	18	9	2
904	289	4	9	5
538	289	18	9	1
740	289	0	9	4
533	289	13	9	2
302	289	2	9	3
852	289	12	9	2
782	289	2	9	3
85	289	5	9	3
281	289	1	9	3
41	289	1	9	2
719	289	19	9	2
316	289	16	9	2
328	289	8	9	4
397	289	17	9	3
572	289	12	9	3
894	289	14	9	2
140	289	0	9	4
909	289	9	9	3
854	289	14	9	2
595	289	15	9	4
674	289	14	9	2
176	289	16	9	3
798	289	18	9	3
47	289	7	9	4
781	289	1	9	3
376	289	16	9	3
104	289	4	9	4
482	289	2	9	3
509	289	9	9	2
807	289	7	9	4
874	289	14	9	4
462	289	2	9	5
477	289	17	9	5
936	289	16	9	5
374	289	14	9	1
258	289	18	9	2
637	289	17	9	2
633	289	13	9	3
917	289	17	9	4
764	289	4	9	5
126	289	6	9	3
875	289	15	9	4
90	289	10	9	3
827	289	7	9	3
860	289	0	9	3
817	289	17	9	2
36	289	16	9	2
78	289	18	9	4
276	289	16	9	2
205	289	5	9	4
580	289	0	9	5
157	289	17	9	4
836	289	16	9	1
791	289	11	9	4
306	289	6	9	3
523	289	3	9	4
451	289	11	9	1
257	289	17	9	4
112	289	12	9	5
873	289	13	9	2
460	289	0	9	4
883	289	3	9	5
616	289	16	9	4
683	289	3	9	4
626	289	6	9	1
324	289	4	9	5
724	289	4	9	1
677	289	17	9	1
425	289	5	9	1
137	289	17	9	3
86	289	6	9	3
427	289	7	9	5
701	289	1	9	4
837	289	17	9	5
919	289	19	9	3
515	289	15	9	1
539	289	19	9	4
271	289	11	9	4
704	289	4	9	3
902	289	2	9	3
881	289	1	9	1
390	289	10	9	3
2	289	2	9	3
123	289	3	9	1
554	289	14	9	4
681	289	1	9	5
464	289	4	9	4
867	289	7	9	5
351	289	11	9	5
82	289	2	9	1
410	289	10	9	1
345	289	5	9	3
918	289	18	9	2
574	289	14	9	4
631	289	11	9	4
714	289	14	9	3
416	289	16	9	3
813	289	13	9	4
113	289	13	9	2
284	289	4	9	3
531	289	11	9	3
487	289	7	9	2
489	289	9	9	2
428	289	8	9	4
614	289	14	9	2
771	289	11	9	4
708	289	8	9	4
69	289	9	9	4
413	289	13	9	4
455	289	15	9	3
81	289	1	9	3
800	289	0	9	4
500	289	0	9	4
24	289	4	9	3
116	289	16	9	4
871	289	11	9	3
810	289	10	9	5
34	289	14	9	1
334	289	14	9	3
13	289	13	9	2
825	289	5	9	1
197	289	17	9	4
445	289	5	9	1
596	289	16	9	3
15	289	15	9	3
323	289	3	9	2
424	289	4	9	5
786	289	6	9	4
820	289	0	9	2
858	289	18	9	3
286	289	6	9	5
510	289	10	9	2
365	289	5	9	3
627	289	7	9	2
404	289	4	9	1
71	289	11	9	2
717	289	17	9	4
668	289	8	9	2
940	289	0	9	3
693	289	13	9	3
861	289	1	9	5
770	289	10	9	5
266	289	6	9	3
644	289	4	9	1
392	289	12	9	5
75	289	15	9	1
387	289	7	9	1
192	289	12	9	4
876	289	16	9	3
547	289	7	9	3
201	289	1	9	2
485	289	5	9	3
788	289	8	9	4
718	289	18	9	3
91	289	11	9	4
95	289	15	9	2
378	289	18	9	5
587	289	7	9	3
537	289	17	9	1
486	289	6	9	3
812	289	12	9	1
181	289	1	9	4
615	289	15	9	2
384	289	4	9	5
246	289	6	9	2
833	289	13	9	1
223	289	3	9	1
488	289	8	9	1
752	289	12	9	1
302	309	2	9	2
6	309	6	9	2
797	309	17	9	3
206	309	6	9	2
443	309	3	9	5
223	309	3	9	4
650	309	10	9	3
286	309	6	9	5
629	309	9	9	3
529	309	9	9	3
509	309	9	9	2
699	309	19	9	3
365	309	5	9	1
7	309	7	9	3
296	309	16	9	1
313	309	13	9	4
2	309	2	9	1
651	309	11	9	1
688	309	8	9	5
816	309	16	9	5
826	309	6	9	4
249	309	9	9	3
898	309	18	9	5
707	309	7	9	2
308	309	8	9	1
48	309	8	9	3
161	309	1	9	2
360	309	0	9	2
311	329	11	9	4
396	329	16	9	2
224	329	4	9	3
688	329	8	9	5
234	329	14	9	2
440	329	0	9	5
4	329	4	9	5
384	329	4	9	3
531	329	11	9	5
724	329	4	9	4
532	329	12	9	4
13	329	13	9	2
451	329	11	9	4
173	329	13	9	4
580	329	0	9	3
145	329	5	9	4
787	329	7	9	4
721	329	1	9	3
616	329	16	9	3
669	329	9	9	1
416	329	16	9	3
494	329	14	9	3
390	329	10	9	3
355	329	15	9	3
428	329	8	9	3
181	329	1	9	1
515	329	15	9	2
423	329	3	9	3
130	329	10	9	4
119	329	19	9	3
817	329	17	9	4
624	329	4	9	3
782	329	2	9	3
164	329	4	9	4
34	329	14	9	5
880	329	0	9	4
827	329	7	9	3
3	329	3	9	4
33	329	13	9	4
775	329	15	9	3
863	329	3	9	2
223	329	3	9	2
286	329	6	9	4
113	329	13	9	3
99	329	19	9	4
224	349	4	9	4
119	349	19	9	3
842	349	2	9	3
598	349	18	9	4
519	349	19	9	5
100	349	0	9	3
864	349	4	9	4
466	349	6	9	2
851	349	11	9	3
782	349	2	9	3
328	349	8	9	2
883	349	3	9	2
646	349	6	9	2
487	349	7	9	3
587	349	7	9	3
816	349	16	9	4
724	349	4	9	2
116	349	16	9	2
688	349	8	9	5
3	349	3	9	3
546	349	6	9	4
660	349	0	9	3
863	349	3	9	1
229	349	9	9	4
489	349	9	9	4
13	349	13	9	1
616	349	16	9	4
393	349	13	9	3
240	349	0	9	1
537	349	17	9	1
209	349	9	9	2
125	369	5	9	3
825	369	5	9	3
346	369	6	9	3
223	369	3	9	1
99	369	19	9	4
517	369	17	9	5
456	369	16	9	3
5	369	5	9	1
434	369	14	9	4
49	369	9	9	1
532	369	12	9	3
26	369	6	9	2
642	369	2	9	2
268	369	8	9	1
453	369	13	9	2
880	369	0	9	1
303	369	3	9	1
244	369	4	9	4
348	369	8	9	3
181	369	1	9	3
478	369	18	9	3
92	369	12	9	3
493	369	13	9	2
582	369	2	9	1
697	369	17	9	5
332	369	12	9	4
174	369	14	9	1
262	369	2	9	2
727	369	7	9	2
882	369	2	9	3
916	369	16	9	2
903	369	3	9	4
595	369	15	9	3
101	369	1	9	2
416	369	16	9	2
501	369	1	9	4
374	369	14	9	1
897	369	17	9	4
393	369	13	9	3
42	369	2	9	4
246	369	6	9	3
291	369	11	9	3
198	369	18	9	1
435	369	15	9	1
887	369	7	9	5
714	369	14	9	3
477	369	17	9	4
94	369	14	9	1
847	369	7	9	1
59	369	19	9	2
921	369	1	9	1
665	369	5	9	4
640	369	0	9	3
347	369	7	9	4
320	369	0	9	4
650	389	10	9	3
254	389	14	9	3
5	389	5	9	1
897	389	17	9	3
280	389	0	9	5
64	389	4	9	4
536	389	16	9	5
535	389	15	9	4
934	389	14	9	3
295	389	15	9	4
932	389	12	9	3
821	389	1	9	5
91	389	11	9	2
85	389	5	9	3
7	389	7	9	4
601	389	1	9	2
234	389	14	9	3
796	389	16	9	4
399	389	19	9	3
38	389	18	9	5
405	389	5	9	2
130	389	10	9	3
749	389	9	9	3
495	389	15	9	5
450	389	10	9	4
373	389	13	9	3
95	389	15	9	4
13	409	13	9	3
181	409	1	9	2
429	409	9	9	2
200	409	0	9	2
314	409	14	9	4
249	409	9	9	4
280	409	0	9	3
907	409	7	9	4
620	409	0	9	4
642	409	2	9	5
256	409	16	9	4
684	409	4	9	3
378	409	18	9	2
887	409	7	9	4
223	409	3	9	3
939	409	19	9	4
882	409	2	9	4
99	409	19	9	2
83	409	3	9	4
42	409	2	9	3
459	409	19	9	2
244	409	4	9	4
897	409	17	9	4
313	409	13	9	2
653	409	13	9	2
82	409	2	9	1
87	409	7	9	3
726	409	6	9	3
102	409	2	9	2
300	409	0	9	4
881	409	1	9	4
109	409	9	9	2
903	409	3	9	4
756	409	16	9	2
630	409	10	9	3
901	409	1	9	3
788	409	8	9	3
373	409	13	9	2
68	409	8	9	3
15	409	15	9	3
276	409	16	9	3
38	409	18	9	5
222	409	2	9	3
880	409	0	9	2
57	409	17	9	4
168	409	8	9	4
825	409	5	9	3
265	409	5	9	3
332	409	12	9	3
393	409	13	9	4
92	409	12	9	3
747	409	7	9	1
75	409	15	9	3
43	409	3	9	3
246	409	6	9	2
577	409	17	9	5
435	409	15	9	3
891	409	11	9	4
854	409	14	9	2
796	409	16	9	3
504	409	4	9	4
500	409	0	9	4
283	409	3	9	4
301	409	1	9	4
927	409	7	9	4
141	409	1	9	5
5	409	5	9	2
872	409	12	9	3
592	409	12	9	1
348	409	8	9	4
308	429	8	9	4
296	429	16	9	5
91	429	11	9	4
603	429	3	9	5
405	429	5	9	5
64	429	4	9	4
236	429	16	9	1
658	429	18	9	4
234	429	14	9	4
389	429	9	9	4
44	429	4	9	4
60	429	0	9	5
795	429	15	9	3
704	429	4	9	4
868	429	8	9	2
65	429	5	9	4
666	429	6	9	5
833	429	13	9	3
924	429	4	9	4
398	429	18	9	4
788	429	8	9	3
537	429	17	9	3
882	429	2	9	4
929	429	9	9	4
198	429	18	9	4
13	429	13	9	5
786	429	6	9	4
387	429	7	9	3
560	429	0	9	3
862	429	2	9	5
293	429	13	9	4
235	429	15	9	4
648	429	8	9	4
97	429	17	9	4
774	429	14	9	1
363	429	3	9	5
896	429	16	9	5
694	429	14	9	4
425	429	5	9	4
271	429	11	9	4
488	429	8	9	4
766	429	6	9	4
846	429	6	9	2
535	429	15	9	3
312	429	12	9	5
892	429	12	9	4
601	429	1	9	5
897	429	17	9	5
200	429	0	9	5
738	429	18	9	3
514	429	14	9	4
385	429	5	9	4
406	429	6	9	4
900	429	0	9	2
151	429	11	9	5
796	429	16	9	4
932	429	12	9	5
70	429	10	9	3
426	429	6	9	5
524	429	4	9	2
527	429	7	9	5
836	429	16	9	4
804	429	4	9	4
71	429	11	9	4
122	429	2	9	3
660	429	0	9	4
650	429	10	9	4
354	429	14	9	3
334	429	14	9	4
5	429	5	9	3
11	429	11	9	5
567	429	7	9	4
843	429	3	9	4
254	429	14	9	4
343	429	3	9	4
653	429	13	9	3
617	429	17	9	3
840	429	0	9	3
292	429	12	9	5
169	429	9	9	3
401	429	1	9	3
749	429	9	9	4
350	429	10	9	4
279	429	19	9	4
7	429	7	9	5
499	429	19	9	4
301	429	1	9	4
326	429	6	9	5
747	429	7	9	4
251	429	11	9	4
276	429	16	9	5
59	429	19	9	4
901	429	1	9	5
290	429	10	9	4
890	429	10	9	4
409	429	9	9	5
28	429	8	9	5
135	449	15	9	3
28	449	8	9	2
868	449	8	9	3
815	449	15	9	2
922	449	2	9	4
456	449	16	9	3
183	449	3	9	2
334	449	14	9	3
524	449	4	9	3
886	449	6	9	3
664	449	4	9	2
44	449	4	9	5
200	449	0	9	5
483	449	3	9	3
693	449	13	9	2
308	449	8	9	3
584	449	4	9	2
407	449	7	9	2
95	449	15	9	3
650	449	10	9	3
5	449	5	9	2
119	449	19	9	5
890	449	10	9	1
307	449	7	9	4
786	449	6	9	2
267	449	7	9	3
22	449	2	9	1
411	449	11	9	3
85	449	5	9	4
638	449	18	9	2
746	449	6	9	1
371	449	11	9	3
130	449	10	9	4
313	449	13	9	3
127	449	7	9	4
472	449	12	9	5
843	449	3	9	3
536	449	16	9	4
87	449	7	9	3
102	449	2	9	4
311	449	11	9	3
600	449	0	9	4
881	449	1	9	3
455	449	15	9	4
7	449	7	9	3
655	449	15	9	3
145	449	5	9	3
833	449	13	9	2
339	449	19	9	3
934	449	14	9	4
830	449	10	9	2
498	449	18	9	3
222	449	2	9	4
380	449	0	9	3
648	449	8	9	3
276	449	16	9	2
506	449	6	9	2
332	449	12	9	4
826	449	6	9	4
757	449	17	9	3
796	449	16	9	4
790	449	10	9	2
363	449	3	9	3
393	449	13	9	2
280	449	0	9	3
774	449	14	9	1
933	449	13	9	1
13	449	13	9	4
279	449	19	9	3
660	449	0	9	3
197	449	17	9	5
194	449	14	9	1
442	449	2	9	2
694	449	14	9	4
256	449	16	9	3
943	449	3	9	1
295	449	15	9	4
846	449	6	9	3
378	449	18	9	3
807	449	7	9	5
290	449	10	9	1
337	449	17	9	4
892	449	12	9	2
622	449	2	9	2
749	449	9	9	3
11	449	11	9	3
484	449	4	9	4
303	449	3	9	4
92	449	12	9	3
275	449	15	9	3
23	449	3	9	2
707	449	7	9	2
70	449	10	9	2
504	449	4	9	4
56	449	16	9	5
268	449	8	9	2
533	449	13	9	4
417	449	17	9	3
738	449	18	9	3
603	449	3	9	4
702	449	2	9	3
215	449	15	9	4
394	449	14	9	3
927	449	7	9	4
343	449	3	9	5
804	449	4	9	3
405	449	5	9	1
374	449	14	9	4
109	449	9	9	5
326	449	6	9	3
495	449	15	9	5
545	449	5	9	2
158	449	18	9	2
653	449	13	9	3
254	449	14	9	5
497	449	17	9	2
328	449	8	9	3
457	469	17	9	4
500	469	0	9	4
308	469	8	9	5
201	469	1	9	4
474	469	14	9	4
543	469	3	9	4
854	469	14	9	5
339	469	19	9	5
178	469	18	9	3
805	469	5	9	4
269	469	9	9	4
664	469	4	9	3
180	469	0	9	5
592	469	12	9	4
16	469	16	9	3
561	469	1	9	4
325	469	5	9	4
608	469	8	9	3
889	469	9	9	4
436	469	16	9	3
567	469	7	9	4
363	469	3	9	2
458	469	18	9	4
468	469	8	9	4
450	469	10	9	4
378	469	18	9	5
447	469	7	9	4
535	469	15	9	3
645	469	5	9	5
42	469	2	9	4
416	469	16	9	4
246	469	6	9	3
345	469	5	9	5
655	469	15	9	3
659	469	19	9	4
406	469	6	9	4
279	469	19	9	4
249	469	9	9	4
327	469	7	9	4
177	469	17	9	4
291	469	11	9	5
537	469	17	9	3
221	469	1	9	3
293	469	13	9	4
224	469	4	9	1
846	469	6	9	2
276	469	16	9	4
151	469	11	9	1
272	469	12	9	5
122	469	2	9	5
250	469	10	9	4
94	469	14	9	4
524	469	4	9	4
913	469	13	9	3
429	469	9	9	4
870	469	10	9	4
358	469	18	9	4
496	469	16	9	3
311	469	11	9	5
130	469	10	9	5
296	469	16	9	5
6	469	6	9	5
478	469	18	9	3
305	469	5	9	2
763	469	3	9	4
195	469	15	9	3
405	469	5	9	1
237	489	17	9	4
659	489	19	9	4
610	489	10	9	4
555	489	15	9	5
389	489	9	9	4
608	489	8	9	5
890	489	10	9	4
90	489	10	9	5
312	489	12	9	5
279	489	19	9	2
322	489	2	9	3
474	489	14	9	4
354	489	14	9	4
498	489	18	9	3
506	489	6	9	4
567	489	7	9	5
6	489	6	9	5
848	489	8	9	5
561	489	1	9	4
10	489	10	9	4
758	489	18	9	5
7	489	7	9	3
840	489	0	9	3
479	489	19	9	5
239	489	19	9	5
560	489	0	9	3
537	489	17	9	3
932	489	12	9	4
536	489	16	9	4
716	489	16	9	4
666	489	6	9	4
409	489	9	9	5
313	489	13	9	4
350	489	10	9	4
18	489	18	9	4
503	489	3	9	4
650	489	10	9	3
533	489	13	9	4
385	489	5	9	5
189	489	9	9	5
426	489	6	9	5
896	489	16	9	5
694	489	14	9	4
234	489	14	9	3
450	489	10	9	4
535	489	15	9	4
60	489	0	9	5
151	489	11	9	5
698	489	18	9	3
59	489	19	9	4
846	489	6	9	4
870	489	10	9	4
643	509	3	9	3
233	509	13	9	4
213	509	13	9	4
711	509	11	9	4
916	509	16	9	4
416	509	16	9	5
903	509	3	9	4
389	509	9	9	4
828	509	8	9	2
848	509	8	9	4
293	509	13	9	3
299	509	19	9	4
551	509	11	9	4
307	509	7	9	3
868	509	8	9	3
608	509	8	9	1
85	509	5	9	4
207	509	7	9	4
62	509	2	9	4
821	509	1	9	5
421	509	1	9	2
861	509	1	9	5
452	509	12	9	4
311	509	11	9	3
568	509	8	9	4
122	509	2	9	4
479	509	19	9	4
7	509	7	9	5
269	509	9	9	4
901	509	1	9	4
840	509	0	9	3
401	509	1	9	4
271	509	11	9	4
894	509	14	9	4
262	509	2	9	3
498	509	18	9	3
854	509	14	9	4
90	509	10	9	5
381	509	1	9	5
763	509	3	9	5
458	509	18	9	4
13	509	13	9	5
488	509	8	9	2
312	509	12	9	5
846	509	6	9	4
151	509	11	9	4
270	509	10	9	3
878	509	18	9	4
639	509	19	9	3
453	509	13	9	4
542	509	2	9	4
663	509	3	9	4
500	509	0	9	4
279	509	19	9	3
378	509	18	9	4
406	509	6	9	3
776	509	16	9	5
719	509	19	9	2
884	509	4	9	4
405	509	5	9	1
474	509	14	9	5
779	509	19	9	2
682	509	2	9	2
864	509	4	9	5
318	509	18	9	5
454	509	14	9	2
72	509	12	9	4
932	509	12	9	3
543	509	3	9	3
629	509	9	9	5
457	509	17	9	4
613	509	13	9	4
523	509	3	9	4
653	509	13	9	4
855	509	15	9	3
503	509	3	9	5
354	509	14	9	5
835	509	15	9	4
198	509	18	9	4
650	509	10	9	3
664	509	4	9	4
693	509	13	9	3
14	509	14	9	5
239	509	19	9	5
747	509	7	9	5
308	509	8	9	4
95	509	15	9	4
200	509	0	9	4
121	509	1	9	5
537	509	17	9	4
64	509	4	9	3
226	509	6	9	4
243	509	3	9	4
565	509	5	9	4
585	509	5	9	4
138	509	18	9	4
675	509	15	9	5
773	509	13	9	4
214	509	14	9	4
655	509	15	9	3
194	509	14	9	3
201	509	1	9	3
16	509	16	9	2
344	509	4	9	4
909	509	9	9	5
777	509	17	9	4
829	509	9	9	5
889	509	9	9	2
184	509	4	9	4
615	509	15	9	4
6	509	6	9	4
805	509	5	9	5
10	509	10	9	4
94	509	14	9	5
450	509	10	9	4
148	509	8	9	5
496	509	16	9	3
18	509	18	9	4
244	509	4	9	5
339	509	19	9	4
758	509	18	9	5
299	529	19	9	4
406	529	6	9	2
397	529	17	9	4
894	529	14	9	4
84	529	4	9	5
385	529	5	9	4
934	529	14	9	5
222	529	2	9	2
379	529	19	9	4
848	529	8	9	5
909	529	9	9	3
6	529	6	9	4
373	529	13	9	4
829	529	9	9	4
918	529	18	9	3
666	529	6	9	5
940	529	0	9	3
321	529	1	9	4
7	529	7	9	2
840	529	0	9	4
474	529	14	9	5
932	529	12	9	4
804	529	4	9	4
358	529	18	9	3
91	529	11	9	4
455	529	15	9	3
297	529	17	9	3
903	529	3	9	4
615	529	15	9	5
707	529	7	9	4
568	529	8	9	4
184	529	4	9	4
566	529	6	9	4
279	529	19	9	3
468	529	8	9	3
194	529	14	9	4
861	529	1	9	5
10	529	10	9	3
457	529	17	9	4
59	529	19	9	4
327	529	7	9	3
878	529	18	9	5
876	529	16	9	4
82	529	2	9	4
504	529	4	9	4
148	529	8	9	5
500	529	0	9	4
85	529	5	9	3
543	529	3	9	4
607	529	7	9	4
380	529	0	9	3
325	529	5	9	4
409	529	9	9	5
883	529	3	9	5
207	529	7	9	4
151	529	11	9	5
60	529	0	9	4
585	529	5	9	3
884	529	4	9	5
758	529	18	9	4
239	529	19	9	5
747	529	7	9	5
867	529	7	9	5
429	529	9	9	4
48	529	8	9	4
402	529	2	9	4
465	529	5	9	3
307	529	7	9	4
305	529	5	9	5
698	529	18	9	5
312	529	12	9	5
537	529	17	9	3
535	529	15	9	3
269	529	9	9	5
815	529	15	9	5
344	529	4	9	5
664	529	4	9	4
28	529	8	9	4
503	529	3	9	2
655	529	15	9	4
557	529	17	9	5
458	529	18	9	3
334	529	14	9	5
354	529	14	9	4
506	529	6	9	3
13	529	13	9	4
18	529	18	9	5
271	529	11	9	4
90	529	10	9	5
405	529	5	9	1
425	529	5	9	4
381	529	1	9	5
855	529	15	9	4
271	549	11	9	4
577	549	17	9	5
497	549	17	9	4
608	549	8	9	4
886	549	6	9	3
523	549	3	9	4
805	549	5	9	3
394	549	14	9	4
298	549	18	9	4
457	549	17	9	4
346	549	6	9	4
399	549	19	9	4
844	549	4	9	3
864	549	4	9	3
417	549	17	9	3
682	549	2	9	3
474	549	14	9	5
533	549	13	9	4
883	549	3	9	4
234	549	14	9	3
330	549	10	9	5
236	549	16	9	4
405	549	5	9	1
749	549	9	9	3
23	549	3	9	3
776	549	16	9	5
11	549	11	9	4
148	549	8	9	3
378	549	18	9	3
152	549	12	9	4
627	549	7	9	3
846	549	6	9	4
363	549	3	9	4
885	549	5	9	3
194	549	14	9	3
940	549	0	9	2
13	549	13	9	4
943	549	3	9	1
878	549	18	9	4
416	549	16	9	4
151	549	11	9	4
757	549	17	9	5
639	549	19	9	2
429	549	9	9	4
435	549	15	9	3
880	549	0	9	4
796	549	16	9	3
871	549	11	9	3
222	549	2	9	4
230	549	10	9	5
224	549	4	9	3
145	549	5	9	5
916	549	16	9	3
303	549	3	9	3
380	549	0	9	3
293	549	13	9	3
7	549	7	9	4
59	549	19	9	4
455	549	15	9	4
877	549	17	9	4
788	549	8	9	4
311	549	11	9	2
276	549	16	9	3
94	549	14	9	5
561	549	1	9	2
387	549	7	9	5
896	549	16	9	2
618	549	18	9	2
606	549	6	9	4
472	549	12	9	5
487	549	7	9	4
339	549	19	9	4
870	549	10	9	2
632	549	12	9	3
18	549	18	9	4
711	549	11	9	4
316	549	16	9	5
200	549	0	9	4
201	549	1	9	3
536	549	16	9	3
716	549	16	9	4
178	549	18	9	4
537	549	17	9	2
715	549	15	9	3
334	549	14	9	4
545	549	5	9	4
524	549	4	9	4
727	549	7	9	3
532	549	12	9	5
198	549	18	9	3
450	549	10	9	3
328	549	8	9	4
933	569	13	9	1
343	569	3	9	3
303	569	3	9	3
363	569	3	9	2
709	569	9	9	3
216	569	16	9	3
378	569	18	9	3
270	569	10	9	4
429	569	9	9	2
393	569	13	9	4
276	569	16	9	4
870	569	10	9	2
843	569	3	9	1
660	569	0	9	2
758	569	18	9	3
130	569	10	9	3
943	569	3	9	2
110	569	10	9	4
500	569	0	9	4
59	569	19	9	4
21	569	1	9	3
13	569	13	9	2
268	569	8	9	3
308	569	8	9	3
49	569	9	9	3
328	569	8	9	4
727	569	7	9	2
368	569	8	9	3
388	569	8	9	5
776	569	16	9	3
846	569	6	9	3
896	569	16	9	2
407	569	7	9	3
648	569	8	9	3
387	569	7	9	2
916	569	16	9	2
62	569	2	9	1
472	569	12	9	4
586	569	6	9	3
7	569	7	9	4
145	569	5	9	4
546	569	6	9	4
291	569	11	9	3
222	569	2	9	2
774	569	14	9	2
442	569	2	9	2
659	569	19	9	2
406	569	6	9	3
642	569	2	9	2
864	569	4	9	3
346	569	6	9	3
457	569	17	9	3
802	569	2	9	3
405	569	5	9	1
497	569	17	9	2
334	569	14	9	2
537	569	17	9	2
286	569	6	9	4
64	569	4	9	3
545	569	5	9	3
617	569	17	9	1
255	569	15	9	1
435	569	15	9	3
757	569	17	9	3
94	569	14	9	1
805	569	5	9	1
224	569	4	9	3
85	589	5	9	3
592	589	12	9	5
328	589	8	9	4
561	589	1	9	3
160	589	0	9	3
886	589	6	9	3
868	589	8	9	4
752	589	12	9	4
406	589	6	9	5
567	589	7	9	5
232	589	12	9	3
248	589	8	9	4
890	589	10	9	5
870	589	10	9	4
488	589	8	9	3
13	589	13	9	3
130	589	10	9	4
458	589	18	9	4
900	589	0	9	5
327	589	7	9	3
883	589	3	9	5
553	589	13	9	5
454	589	14	9	2
201	589	1	9	3
234	589	14	9	3
94	589	14	9	5
392	589	12	9	4
10	589	10	9	5
363	589	3	9	3
398	589	18	9	3
293	589	13	9	4
308	589	8	9	4
929	589	9	9	5
7	589	7	9	5
788	589	8	9	5
450	589	10	9	3
932	589	12	9	5
239	589	19	9	3
312	589	12	9	5
350	589	10	9	5
833	589	13	9	5
292	589	12	9	4
339	589	19	9	5
308	609	8	9	4
450	609	10	9	5
347	609	7	9	4
314	609	14	9	4
435	609	15	9	4
151	609	11	9	4
537	609	17	9	3
244	609	4	9	3
262	609	2	9	3
59	609	19	9	2
749	609	9	9	4
83	609	3	9	4
326	609	6	9	3
943	609	3	9	2
280	609	0	9	4
7	609	7	9	3
472	609	12	9	5
763	609	3	9	4
28	609	8	9	3
474	609	14	9	4
727	609	7	9	3
847	609	7	9	2
840	609	0	9	4
790	609	10	9	2
632	609	12	9	3
207	609	7	9	4
533	609	13	9	4
553	609	13	9	4
60	609	0	9	3
535	609	15	9	4
90	609	10	9	5
593	609	13	9	3
213	609	13	9	4
864	609	4	9	3
835	609	15	9	4
234	609	14	9	3
18	609	18	9	4
642	609	2	9	3
887	609	7	9	4
426	609	6	9	3
312	609	12	9	3
608	609	8	9	5
618	609	18	9	4
452	609	12	9	4
846	609	6	9	5
200	609	0	9	3
479	609	19	9	5
409	609	9	9	3
897	609	17	9	5
401	609	1	9	3
128	609	8	9	4
804	609	4	9	3
716	609	16	9	3
313	609	13	9	3
48	609	8	9	4
230	609	10	9	3
683	609	3	9	3
659	609	19	9	4
514	609	14	9	4
766	609	6	9	3
18	629	18	9	3
648	629	8	9	4
184	629	4	9	3
407	629	7	9	3
455	629	15	9	3
804	629	4	9	3
354	629	14	9	3
295	629	15	9	5
623	629	3	9	3
60	629	0	9	3
497	629	17	9	2
250	629	10	9	4
450	629	10	9	4
318	629	18	9	4
763	629	3	9	5
504	629	4	9	4
7	629	7	9	3
198	629	18	9	4
194	629	14	9	3
479	629	19	9	3
561	629	1	9	3
934	629	14	9	4
269	629	9	9	2
13	629	13	9	1
429	629	9	9	3
286	629	6	9	5
659	629	19	9	4
23	629	3	9	4
380	629	0	9	2
495	629	15	9	3
313	629	13	9	3
655	629	15	9	3
406	629	6	9	3
244	629	4	9	4
508	629	8	9	4
274	629	14	9	5
715	629	15	9	2
151	629	11	9	4
280	629	0	9	4
297	629	17	9	3
254	629	14	9	2
805	629	5	9	3
806	629	6	9	3
210	629	10	9	3
308	629	8	9	4
334	629	14	9	4
188	629	8	9	4
385	629	5	9	2
860	629	0	9	3
234	629	14	9	4
389	629	9	9	2
650	629	10	9	3
85	629	5	9	3
94	629	14	9	4
98	629	18	9	5
437	629	17	9	3
290	629	10	9	3
523	629	3	9	5
788	629	8	9	1
940	629	0	9	3
293	629	13	9	3
102	629	2	9	3
175	629	15	9	3
457	629	17	9	4
87	629	7	9	4
643	629	3	9	3
815	629	15	9	4
378	629	18	9	5
778	629	18	9	2
10	629	10	9	4
16	629	16	9	4
535	629	15	9	4
447	629	7	9	3
690	629	10	9	1
758	629	18	9	4
615	629	15	9	4
864	629	4	9	3
379	649	19	9	4
293	649	13	9	4
405	649	5	9	1
201	649	1	9	3
7	649	7	9	5
271	649	11	9	3
59	649	19	9	4
664	649	4	9	4
774	649	14	9	3
796	649	16	9	3
903	649	3	9	4
666	649	6	9	3
234	649	14	9	3
328	649	8	9	3
454	649	14	9	2
659	649	19	9	3
279	649	19	9	3
537	649	17	9	3
693	649	13	9	2
524	649	4	9	4
254	649	14	9	1
833	649	13	9	3
269	649	9	9	2
373	649	13	9	4
389	649	9	9	4
889	649	9	9	2
276	649	16	9	4
892	649	12	9	5
655	649	15	9	3
498	649	18	9	3
474	649	14	9	4
870	649	10	9	4
690	649	10	9	4
183	649	3	9	4
95	649	15	9	4
436	649	16	9	5
313	649	13	9	3
897	649	17	9	3
747	649	7	9	3
548	649	8	9	4
932	649	12	9	4
18	649	18	9	3
627	649	7	9	4
308	649	8	9	4
435	649	15	9	3
372	649	12	9	3
339	649	19	9	5
669	649	9	9	4
72	649	12	9	4
788	649	8	9	3
802	669	2	9	1
417	669	17	9	2
617	669	17	9	1
13	669	13	9	1
425	669	5	9	3
7	669	7	9	1
814	669	14	9	3
405	669	5	9	1
175	669	15	9	1
130	669	10	9	4
21	669	1	9	1
276	669	16	9	1
346	669	6	9	1
423	689	3	9	4
592	689	12	9	2
404	689	4	9	2
91	689	11	9	5
537	689	17	9	1
851	689	11	9	3
294	689	14	9	3
507	689	7	9	5
13	689	13	9	2
450	689	10	9	3
282	689	2	9	2
130	689	10	9	2
751	689	11	9	2
848	689	8	9	1
253	689	13	9	5
100	689	0	9	3
532	689	12	9	4
923	689	3	9	3
393	689	13	9	3
334	689	14	9	3
587	689	7	9	1
718	689	18	9	4
656	689	16	9	2
119	689	19	9	4
782	689	2	9	3
463	689	3	9	2
112	689	12	9	4
529	689	9	9	2
193	689	13	9	2
319	689	19	9	3
164	689	4	9	5
347	689	7	9	4
486	689	6	9	2
701	689	1	9	3
224	689	4	9	3
408	689	8	9	3
919	689	19	9	2
377	689	17	9	3
713	689	13	9	3
400	689	0	9	3
222	689	2	9	4
939	689	19	9	5
424	689	4	9	1
624	689	4	9	3
102	689	2	9	3
177	689	17	9	3
425	689	5	9	2
241	689	1	9	3
898	689	18	9	3
841	689	1	9	5
545	689	5	9	4
616	689	16	9	4
431	689	11	9	3
858	689	18	9	5
487	689	7	9	1
149	689	9	9	2
286	689	6	9	5
640	689	0	9	4
894	689	14	9	3
362	689	2	9	5
697	689	17	9	4
384	689	4	9	4
69	689	9	9	3
827	689	7	9	3
355	689	15	9	4
410	689	10	9	2
110	689	10	9	3
186	689	6	9	4
328	689	8	9	5
729	689	9	9	4
544	689	4	9	2
8	689	8	9	4
880	689	0	9	4
758	689	18	9	1
489	689	9	9	5
654	689	14	9	3
29	689	9	9	2
356	689	16	9	5
696	689	16	9	1
445	689	5	9	1
942	689	2	9	3
416	689	16	9	4
351	689	11	9	4
472	689	12	9	4
589	689	9	9	4
755	689	15	9	3
907	689	7	9	4
527	709	7	9	5
474	709	14	9	5
661	709	1	9	4
798	709	18	9	5
373	709	13	9	5
940	709	0	9	5
796	709	16	9	3
854	709	14	9	4
14	709	14	9	5
934	709	14	9	3
271	709	11	9	3
464	709	4	9	5
59	709	19	9	5
334	709	14	9	4
606	709	6	9	5
883	709	3	9	5
380	709	0	9	4
389	709	9	9	4
868	709	8	9	4
537	709	17	9	4
561	709	1	9	3
666	709	6	9	4
378	709	18	9	4
125	709	5	9	3
361	709	1	9	5
158	709	18	9	5
437	709	17	9	5
911	709	11	9	5
92	709	12	9	2
10	709	10	9	4
87	709	7	9	3
908	709	8	9	4
771	709	11	9	5
303	709	3	9	5
327	709	7	9	4
786	709	6	9	2
535	709	15	9	5
89	709	9	9	3
805	709	5	9	4
406	709	6	9	5
18	709	18	9	5
751	709	11	9	4
345	709	5	9	4
405	709	5	9	1
234	709	14	9	4
896	709	16	9	3
264	709	4	9	5
417	709	17	9	3
321	709	1	9	4
904	709	4	9	3
279	709	19	9	4
591	709	11	9	4
790	709	10	9	3
919	709	19	9	3
455	709	15	9	3
524	709	4	9	5
283	709	3	9	5
305	709	5	9	5
379	709	19	9	5
579	709	19	9	5
886	709	6	9	3
500	709	0	9	4
339	709	19	9	5
286	709	6	9	4
629	709	9	9	3
458	709	18	9	4
918	709	18	9	4
58	709	18	9	5
543	709	3	9	3
514	709	14	9	3
354	709	14	9	5
541	709	1	9	5
429	709	9	9	4
457	709	17	9	5
409	709	9	9	4
363	709	3	9	4
315	709	15	9	4
762	709	2	9	3
174	709	14	9	4
13	709	13	9	4
930	709	10	9	4
151	709	11	9	5
903	709	3	9	4
421	709	1	9	4
655	709	15	9	3
618	709	18	9	2
144	709	4	9	4
276	709	16	9	4
639	709	19	9	3
435	709	15	9	4
308	709	8	9	3
932	709	12	9	4
344	709	4	9	5
411	709	11	9	5
90	709	10	9	5
823	709	3	9	3
477	709	17	9	5
645	709	5	9	3
85	709	5	9	5
916	709	16	9	3
748	709	8	9	4
262	709	2	9	5
698	709	18	9	4
450	709	10	9	3
504	729	4	9	5
178	729	18	9	4
588	729	8	9	3
343	729	3	9	3
222	729	2	9	4
328	729	8	9	4
224	729	4	9	3
184	729	4	9	3
308	729	8	9	3
303	729	3	9	3
393	729	13	9	4
450	729	10	9	4
405	729	5	9	4
627	729	7	9	1
892	729	12	9	4
606	729	6	9	4
416	729	16	9	5
373	729	13	9	4
907	729	7	9	5
693	729	13	9	4
500	729	0	9	4
514	729	14	9	4
293	729	13	9	2
913	729	13	9	3
608	729	8	9	4
18	729	18	9	3
158	729	18	9	3
545	729	5	9	3
379	729	19	9	4
42	729	2	9	3
291	729	11	9	4
682	729	2	9	3
269	729	9	9	2
666	729	6	9	4
295	729	15	9	4
62	729	2	9	3
59	729	19	9	4
25	729	5	9	4
711	729	11	9	3
716	729	16	9	2
642	729	2	9	3
435	729	15	9	2
380	729	0	9	3
128	729	8	9	2
330	729	10	9	5
236	729	16	9	5
180	729	0	9	5
749	729	9	9	4
889	729	9	9	3
805	729	5	9	3
43	729	3	9	4
130	729	10	9	4
712	729	12	9	5
618	729	18	9	3
474	729	14	9	4
280	729	0	9	2
144	729	4	9	4
305	729	5	9	3
268	729	8	9	3
727	729	7	9	2
271	729	11	9	4
864	729	4	9	4
457	729	17	9	4
60	729	0	9	4
846	729	6	9	4
24	729	4	9	5
721	729	1	9	3
311	729	11	9	4
201	729	1	9	2
92	729	12	9	4
503	729	3	9	3
452	729	12	9	1
766	729	6	9	3
11	729	11	9	4
655	729	15	9	2
407	729	7	9	4
378	729	18	9	4
151	729	11	9	4
788	729	8	9	4
629	729	9	9	4
429	729	9	9	2
699	749	19	9	3
400	749	0	9	4
750	749	10	9	3
428	749	8	9	4
181	749	1	9	1
299	749	19	9	1
324	749	4	9	3
663	749	3	9	3
856	749	16	9	3
587	749	7	9	2
889	749	9	9	2
327	749	7	9	3
13	749	13	9	3
687	749	7	9	4
669	749	9	9	3
883	749	3	9	3
506	749	6	9	4
409	749	9	9	3
294	749	14	9	3
544	749	4	9	4
831	749	11	9	2
782	749	2	9	4
721	749	1	9	3
720	749	0	9	3
724	749	4	9	4
762	749	2	9	1
537	749	17	9	2
688	749	8	9	5
223	749	3	9	4
451	749	11	9	3
529	749	9	9	4
206	749	6	9	2
606	749	6	9	4
463	749	3	9	3
286	749	6	9	3
739	749	19	9	5
589	749	9	9	3
450	749	10	9	4
489	749	9	9	4
11	749	11	9	5
842	749	2	9	4
787	749	7	9	4
440	749	0	9	3
863	749	3	9	2
305	749	5	9	2
661	749	1	9	2
928	749	8	9	5
170	749	10	9	5
15	749	15	9	1
133	749	13	9	4
234	749	14	9	3
405	769	5	9	1
399	769	19	9	3
442	769	2	9	1
387	769	7	9	1
256	769	16	9	5
541	769	1	9	1
497	769	17	9	3
130	769	10	9	3
320	769	0	9	3
546	769	6	9	4
332	769	12	9	3
280	769	0	9	3
13	769	13	9	3
805	769	5	9	2
642	769	2	9	5
393	769	13	9	4
388	769	8	9	3
417	769	17	9	1
56	769	16	9	4
406	769	6	9	1
802	769	2	9	5
620	769	0	9	4
796	769	16	9	4
457	769	17	9	2
622	769	2	9	1
798	769	18	9	2
709	769	9	9	3
21	769	1	9	1
188	769	8	9	2
76	769	16	9	1
145	769	5	9	2
621	769	1	9	3
367	769	7	9	3
682	769	2	9	2
291	769	11	9	1
776	769	16	9	3
222	769	2	9	2
880	769	0	9	3
773	769	13	9	1
532	769	12	9	2
648	769	8	9	1
276	769	16	9	1
806	789	6	9	4
117	789	17	9	4
405	789	5	9	1
267	789	7	9	5
913	789	13	9	4
276	789	16	9	3
216	789	16	9	5
474	789	14	9	4
342	789	2	9	3
293	789	13	9	2
864	789	4	9	4
92	789	12	9	5
264	789	4	9	4
201	789	1	9	3
49	789	9	9	4
94	789	14	9	4
655	789	15	9	3
99	789	19	9	4
429	789	9	9	4
886	789	6	9	3
393	789	13	9	1
456	789	16	9	3
145	789	5	9	4
387	789	7	9	4
933	789	13	9	4
363	789	3	9	4
221	789	1	9	4
374	789	14	9	4
592	789	12	9	4
846	789	6	9	4
870	789	10	9	4
862	789	2	9	5
218	789	18	9	3
292	789	12	9	4
535	789	15	9	2
889	789	9	9	2
279	789	19	9	4
249	789	9	9	5
59	789	19	9	4
13	789	13	9	5
715	789	15	9	4
608	789	8	9	3
896	789	16	9	2
87	789	7	9	3
487	789	7	9	4
537	789	17	9	2
542	789	2	9	3
749	809	9	9	3
13	809	13	9	4
346	809	6	9	3
622	809	2	9	2
221	809	1	9	3
195	809	15	9	3
279	809	19	9	3
293	809	13	9	2
751	809	11	9	3
619	809	19	9	1
318	809	18	9	4
551	809	11	9	5
269	809	9	9	1
621	809	1	9	4
653	809	13	9	3
417	809	17	9	3
109	809	9	9	4
246	809	6	9	2
102	809	2	9	3
295	809	15	9	4
896	809	16	9	2
487	809	7	9	2
648	809	8	9	3
788	809	8	9	3
773	809	13	9	1
727	809	7	9	4
650	809	10	9	3
682	809	2	9	2
363	809	3	9	4
276	809	16	9	2
497	809	17	9	3
399	809	19	9	3
178	809	18	9	4
660	809	0	9	2
290	809	10	9	4
158	809	18	9	3
328	809	8	9	4
303	809	3	9	2
721	809	1	9	1
94	809	14	9	2
586	809	6	9	3
796	809	16	9	4
757	809	17	9	4
580	829	0	9	2
484	829	4	9	2
117	829	17	9	3
525	829	5	9	2
923	829	3	9	4
521	829	1	9	2
294	829	14	9	3
186	829	6	9	4
552	829	12	9	3
854	829	14	9	2
99	829	19	9	4
119	829	19	9	5
501	829	1	9	3
445	829	5	9	1
347	829	7	9	4
374	829	14	9	2
637	829	17	9	2
518	829	18	9	3
159	829	19	9	4
181	829	1	9	1
938	829	18	9	1
101	829	1	9	3
396	829	16	9	3
255	829	15	9	1
303	829	3	9	2
222	829	2	9	3
13	829	13	9	3
256	829	16	9	4
94	829	14	9	2
291	829	11	9	2
532	829	12	9	3
711	829	11	9	2
577	829	17	9	3
54	829	14	9	2
56	849	16	9	2
363	849	3	9	2
897	849	17	9	4
311	849	11	9	3
178	849	18	9	3
110	849	10	9	3
13	849	13	9	1
405	849	5	9	1
373	849	13	9	3
246	849	6	9	1
826	849	6	9	4
796	849	16	9	4
709	849	9	9	4
727	849	7	9	2
484	849	4	9	3
924	849	4	9	3
109	849	9	9	2
417	849	17	9	1
197	849	17	9	3
586	849	6	9	3
650	849	10	9	2
880	849	0	9	3
313	849	13	9	3
551	849	11	9	5
896	849	16	9	2
892	849	12	9	2
786	849	6	9	2
303	849	3	9	3
774	849	14	9	1
326	849	6	9	1
327	849	7	9	2
293	849	13	9	2
328	849	8	9	3
561	849	1	9	2
627	849	7	9	4
881	849	1	9	2
751	849	11	9	2
87	849	7	9	5
682	849	2	9	2
256	849	16	9	2
222	849	2	9	4
846	849	6	9	3
416	849	16	9	3
497	849	17	9	2
893	849	13	9	3
301	849	1	9	4
790	849	10	9	4
207	849	7	9	3
619	849	19	9	2
320	849	0	9	4
705	849	5	9	3
671	849	11	9	3
289	849	9	9	4
13	869	13	9	3
407	869	7	9	3
56	869	16	9	3
796	869	16	9	4
888	869	8	9	4
145	869	5	9	4
707	869	7	9	1
416	869	16	9	3
270	869	10	9	1
907	869	7	9	5
222	869	2	9	3
436	869	16	9	4
655	869	15	9	2
450	869	10	9	4
128	869	8	9	3
320	869	0	9	4
889	869	9	9	3
175	869	15	9	3
318	869	18	9	3
279	869	19	9	1
303	869	3	9	2
193	869	13	9	3
314	869	14	9	4
478	869	18	9	2
486	889	6	9	4
758	889	18	9	3
90	889	10	9	3
354	889	14	9	5
15	889	15	9	3
485	889	5	9	5
13	889	13	9	3
206	889	6	9	2
704	889	4	9	3
655	889	15	9	3
86	889	6	9	5
866	889	6	9	2
299	889	19	9	3
46	909	6	9	5
13	909	13	9	5
711	909	11	9	4
845	909	5	9	4
863	909	3	9	3
724	909	4	9	1
466	909	6	9	5
931	909	11	9	5
519	909	19	9	5
871	909	11	9	3
894	909	14	9	3
752	909	12	9	3
655	909	15	9	3
798	929	18	9	3
393	929	13	9	3
804	929	4	9	3
532	929	12	9	3
674	929	14	9	3
747	929	7	9	3
25	929	5	9	4
354	929	14	9	4
234	929	14	9	1
887	929	7	9	1
882	929	2	9	1
222	929	2	9	1
648	929	8	9	4
595	929	15	9	2
630	929	10	9	4
286	929	6	9	4
200	929	0	9	4
314	929	14	9	3
474	929	14	9	3
699	929	19	9	3
161	929	1	9	1
63	929	3	9	3
130	929	10	9	4
921	929	1	9	1
145	929	5	9	2
865	929	5	9	2
634	929	14	9	3
59	929	19	9	2
435	929	15	9	2
83	929	3	9	3
181	929	1	9	1
465	929	5	9	3
770	929	10	9	4
938	929	18	9	2
416	929	16	9	4
223	929	3	9	3
151	929	11	9	3
262	929	2	9	3
901	929	1	9	4
15	929	15	9	1
18	949	18	9	3
407	949	7	9	3
405	949	5	9	5
361	949	1	9	4
224	949	4	9	3
707	949	7	9	3
327	949	7	9	4
523	949	3	9	5
276	949	16	9	3
934	949	14	9	3
125	949	5	9	3
615	949	15	9	3
877	949	17	9	3
878	949	18	9	3
174	949	14	9	5
642	949	2	9	1
378	949	18	9	3
804	949	4	9	3
605	949	5	9	5
286	949	6	9	4
922	949	2	9	5
373	949	13	9	4
262	949	2	9	4
711	949	11	9	4
846	949	6	9	2
860	949	0	9	3
798	949	18	9	3
747	949	7	9	5
307	949	7	9	4
167	949	7	9	1
639	949	19	9	3
901	949	1	9	3
345	949	5	9	3
457	949	17	9	3
314	949	14	9	4
130	949	10	9	3
601	949	1	9	2
145	949	5	9	4
885	949	5	9	4
336	949	16	9	4
790	949	10	9	4
533	949	13	9	4
593	949	13	9	2
184	949	4	9	3
128	949	8	9	4
884	949	4	9	2
109	949	9	9	3
503	949	3	9	3
889	949	9	9	3
716	949	16	9	3
622	949	2	9	3
670	949	10	9	2
712	949	12	9	4
92	949	12	9	3
627	949	7	9	2
727	949	7	9	3
222	949	2	9	3
257	949	17	9	3
577	949	17	9	2
244	949	4	9	4
796	949	16	9	4
268	949	8	9	2
840	949	0	9	4
94	949	14	9	5
89	949	9	9	3
393	949	13	9	3
861	949	1	9	4
514	949	14	9	3
62	949	2	9	4
771	949	11	9	5
870	949	10	9	3
942	969	2	9	4
424	969	4	9	1
850	969	10	9	5
313	969	13	9	4
148	969	8	9	4
458	969	18	9	4
94	969	14	9	4
160	969	0	9	1
686	969	6	9	5
608	969	8	9	5
340	969	0	9	5
43	969	3	9	5
115	969	15	9	1
757	969	17	9	3
398	969	18	9	4
276	969	16	9	4
852	969	12	9	5
749	969	9	9	4
275	969	15	9	2
495	969	15	9	4
864	969	4	9	4
815	969	15	9	5
641	969	1	9	4
210	969	10	9	4
862	969	2	9	5
642	969	2	9	2
712	969	12	9	4
279	969	19	9	3
654	969	14	9	5
250	969	10	9	5
452	969	12	9	2
504	969	4	9	4
807	969	7	9	4
334	969	14	9	4
471	969	11	9	2
64	969	4	9	3
716	969	16	9	4
887	969	7	9	5
739	969	19	9	1
223	969	3	9	5
59	969	19	9	3
412	969	12	9	3
25	969	5	9	3
670	969	10	9	2
592	969	12	9	4
738	969	18	9	4
286	969	6	9	5
606	969	6	9	5
450	969	10	9	4
459	969	19	9	3
882	969	2	9	5
437	969	17	9	4
230	969	10	9	4
911	969	11	9	5
620	969	0	9	4
387	969	7	9	3
326	969	6	9	4
42	969	2	9	5
711	969	11	9	5
618	969	18	9	3
41	969	1	9	4
378	969	18	9	4
405	969	5	9	3
643	969	3	9	4
650	969	10	9	3
389	969	9	9	4
892	969	12	9	4
804	969	4	9	4
56	969	16	9	3
18	969	18	9	3
407	969	7	9	4
399	969	19	9	3
151	969	11	9	5
588	969	8	9	5
330	969	10	9	5
281	989	1	9	2
309	989	9	9	3
587	989	7	9	2
824	989	4	9	2
427	989	7	9	5
384	989	4	9	4
782	989	2	9	3
190	989	10	9	3
747	989	7	9	3
695	989	15	9	3
459	989	19	9	5
505	989	5	9	1
234	989	14	9	2
724	989	4	9	1
424	989	4	9	2
871	989	11	9	3
351	989	11	9	4
489	989	9	9	3
902	989	2	9	2
451	989	11	9	1
919	989	19	9	2
330	989	10	9	5
390	989	10	9	5
199	989	19	9	1
256	989	16	9	5
397	989	17	9	1
181	989	1	9	1
721	989	1	9	3
883	989	3	9	5
697	989	17	9	2
699	989	19	9	4
21	989	1	9	3
306	1009	6	9	4
101	1009	1	9	2
52	1009	12	9	5
916	1009	16	9	5
590	1009	10	9	3
859	1009	19	9	4
862	1009	2	9	4
756	1009	16	9	4
456	1009	16	9	5
655	1009	15	9	2
592	1009	12	9	3
936	1009	16	9	4
699	1009	19	9	4
270	1009	10	9	5
537	1009	17	9	2
283	1009	3	9	3
837	1009	17	9	5
839	1009	19	9	3
585	1009	5	9	5
85	1009	5	9	2
657	1009	17	9	4
561	1009	1	9	4
765	1009	5	9	5
906	1009	6	9	2
62	1009	2	9	4
363	1009	3	9	2
63	1009	3	9	4
614	1009	14	9	3
500	1009	0	9	4
883	1009	3	9	4
663	1009	3	9	3
342	1009	2	9	1
264	1009	4	9	4
447	1009	7	9	4
861	1009	1	9	5
296	1009	16	9	3
503	1009	3	9	2
449	1009	9	9	4
181	1009	1	9	1
445	1009	5	9	2
94	1009	14	9	4
145	1009	5	9	2
595	1009	15	9	4
608	1009	8	9	4
665	1009	5	9	4
903	1009	3	9	4
553	1009	13	9	4
733	1009	13	9	2
59	1009	19	9	4
378	1009	18	9	3
884	1009	4	9	2
223	1009	3	9	1
345	1009	5	9	2
634	1009	14	9	2
474	1009	14	9	4
401	1009	1	9	4
26	1009	6	9	2
851	1009	11	9	2
463	1009	3	9	3
894	1009	14	9	4
654	1009	14	9	3
865	1009	5	9	5
49	1009	9	9	3
523	1009	3	9	5
314	1029	14	9	2
457	1029	17	9	3
472	1029	12	9	4
741	1029	1	9	1
38	1029	18	9	1
846	1029	6	9	1
655	1029	15	9	1
405	1029	5	9	1
887	1029	7	9	5
621	1029	1	9	2
222	1029	2	9	1
642	1029	2	9	3
833	1029	13	9	1
648	1029	8	9	2
280	1049	0	9	2
798	1049	18	9	3
825	1049	5	9	3
677	1049	17	9	3
393	1049	13	9	4
181	1049	1	9	1
42	1049	2	9	3
203	1049	3	9	2
200	1049	0	9	3
708	1049	8	9	2
432	1049	12	9	2
130	1049	10	9	3
634	1049	14	9	2
374	1049	14	9	1
796	1049	16	9	4
159	1049	19	9	4
87	1049	7	9	3
837	1049	17	9	1
727	1049	7	9	1
83	1049	3	9	3
880	1049	0	9	3
642	1049	2	9	3
207	1049	7	9	3
92	1049	12	9	1
901	1049	1	9	3
201	1069	1	9	2
264	1069	4	9	5
846	1069	6	9	4
773	1069	13	9	4
49	1069	9	9	3
385	1069	5	9	4
435	1069	15	9	4
387	1069	7	9	2
537	1069	17	9	2
500	1069	0	9	4
561	1069	1	9	4
405	1069	5	9	1
655	1069	15	9	1
58	1069	18	9	2
327	1069	7	9	4
523	1069	3	9	5
249	1069	9	9	5
889	1069	9	9	1
682	1089	2	9	2
294	1089	14	9	2
506	1089	6	9	1
116	1089	16	9	2
103	1089	3	9	1
736	1089	16	9	1
927	1089	7	9	5
548	1089	8	9	2
425	1089	5	9	2
246	1089	6	9	1
507	1089	7	9	5
680	1089	0	9	2
130	1089	10	9	2
894	1089	14	9	2
195	1089	15	9	4
452	1089	12	9	1
798	1089	18	9	3
303	1089	3	9	1
94	1089	14	9	2
550	1089	10	9	3
276	1089	16	9	2
429	1089	9	9	2
697	1089	17	9	3
454	1089	14	9	2
782	1089	2	9	2
881	1089	1	9	1
749	1089	9	9	3
222	1089	2	9	1
851	1089	11	9	3
68	1089	8	9	1
807	1089	7	9	4
87	1089	7	9	3
624	1089	4	9	2
58	1089	18	9	1
314	1089	14	9	1
481	1089	1	9	3
416	1089	16	9	2
55	1089	15	9	1
372	1109	12	9	4
452	1109	12	9	2
256	1109	16	9	4
270	1109	10	9	5
303	1109	3	9	4
671	1109	11	9	2
151	1109	11	9	4
458	1109	18	9	4
629	1109	9	9	4
59	1109	19	9	3
527	1109	7	9	3
707	1109	7	9	5
328	1109	8	9	3
297	1109	17	9	3
916	1109	16	9	3
405	1109	5	9	1
846	1109	6	9	3
435	1109	15	9	3
244	1109	4	9	4
664	1109	4	9	4
429	1109	9	9	2
862	1109	2	9	5
276	1109	16	9	3
291	1109	11	9	4
864	1109	4	9	4
90	1109	10	9	3
919	1109	19	9	3
406	1109	6	9	4
806	1129	6	9	3
76	1129	16	9	5
62	1129	2	9	5
592	1129	12	9	5
214	1129	14	9	4
699	1129	19	9	3
936	1129	16	9	5
763	1129	3	9	4
655	1129	15	9	3
327	1129	7	9	2
486	1129	6	9	4
277	1129	17	9	3
385	1129	5	9	5
733	1129	13	9	4
387	1129	7	9	4
590	1129	10	9	3
678	1129	18	9	1
537	1129	17	9	1
445	1129	5	9	4
65	1129	5	9	4
425	1129	5	9	3
771	1129	11	9	5
257	1129	17	9	5
456	1129	16	9	4
276	1129	16	9	4
524	1129	4	9	2
473	1129	13	9	4
181	1129	1	9	1
358	1149	18	9	3
805	1149	5	9	4
360	1149	0	9	4
878	1149	18	9	4
924	1149	4	9	3
325	1149	5	9	4
622	1149	2	9	3
535	1149	15	9	4
234	1149	14	9	3
235	1149	15	9	4
527	1149	7	9	4
833	1149	13	9	4
585	1149	5	9	4
650	1149	10	9	4
698	1149	18	9	3
561	1149	1	9	4
232	1149	12	9	5
655	1149	15	9	3
148	1149	8	9	5
756	1149	16	9	5
73	1149	13	9	4
932	1149	12	9	4
643	1149	3	9	3
85	1149	5	9	3
606	1149	6	9	4
890	1149	10	9	5
198	1169	18	9	4
178	1169	18	9	4
393	1169	13	9	5
85	1169	5	9	4
308	1169	8	9	5
201	1169	1	9	4
234	1169	14	9	4
551	1169	11	9	4
655	1169	15	9	3
144	1169	4	9	4
416	1189	16	9	5
87	1189	7	9	5
532	1189	12	9	5
487	1209	7	9	4
92	1209	12	9	1
886	1209	6	9	2
279	1209	19	9	4
303	1209	3	9	2
429	1209	9	9	3
94	1209	14	9	2
293	1209	13	9	2
405	1209	5	9	3
577	1209	17	9	4
846	1209	6	9	1
244	1209	4	9	3
417	1209	17	9	3
291	1209	11	9	1
642	1209	2	9	3
291	1229	11	9	2
416	1229	16	9	2
727	1229	7	9	2
95	1229	15	9	2
110	1229	10	9	3
496	1229	16	9	1
405	1229	5	9	1
293	1229	13	9	1
314	1229	14	9	2
561	1229	1	9	1
927	1229	7	9	3
201	1229	1	9	3
382	1229	2	9	5
846	1249	6	9	3
268	1249	8	9	2
336	1249	16	9	3
125	1249	5	9	3
896	1249	16	9	2
450	1249	10	9	3
393	1249	13	9	4
798	1249	18	9	4
586	1249	6	9	3
405	1249	5	9	1
110	1249	10	9	3
727	1249	7	9	3
716	1269	16	9	4
796	1269	16	9	5
151	1269	11	9	5
450	1269	10	9	4
123	1269	3	9	2
694	1269	14	9	5
234	1269	14	9	3
454	1269	14	9	3
731	1269	11	9	3
892	1269	12	9	5
256	1289	16	9	4
145	1289	5	9	1
401	1289	1	9	2
624	1289	4	9	3
314	1289	14	9	2
711	1289	11	9	2
181	1289	1	9	1
167	1309	7	9	1
181	1329	1	9	1
181	1349	1	9	1
486	1369	6	9	3
409	1369	9	9	4
181	1369	1	9	1
234	1369	14	9	3
782	1389	2	9	3
901	1389	1	9	5
181	1389	1	9	1
405	1409	5	9	1
541	1409	1	9	4
807	1409	7	9	4
393	1409	13	9	4
505	1409	5	9	3
194	1409	14	9	2
826	1409	6	9	2
739	1429	19	9	5
355	1429	15	9	4
206	1429	6	9	1
405	1429	5	9	1
234	1449	14	9	4
380	1449	0	9	4
409	1449	9	9	5
585	1449	5	9	5
934	1449	14	9	5
932	1449	12	9	5
561	1449	1	9	5
385	1449	5	9	4
642	1469	2	9	4
472	1469	12	9	4
393	1469	13	9	3
495	1469	15	9	5
405	1469	5	9	1
712	1469	12	9	4
588	1469	8	9	3
254	1469	14	9	3
798	1469	18	9	3
416	1469	16	9	3
500	1469	0	9	1
314	1469	14	9	4
291	1489	11	9	2
886	1489	6	9	1
279	1489	19	9	3
804	1489	4	9	3
436	1489	16	9	2
303	1509	3	9	1
405	1509	5	9	1
642	1509	2	9	2
798	1509	18	9	3
868	1509	8	9	1
655	1529	15	9	2
405	1529	5	9	1
561	1529	1	9	3
773	1529	13	9	5
358	1529	18	9	3
405	1549	5	9	1
655	1549	15	9	2
405	1569	5	9	1
782	1589	2	9	3
889	1589	9	9	5
405	1589	5	9	1
486	1589	6	9	3
592	1609	12	9	1
782	1609	2	9	1
486	1609	6	9	3
805	1629	5	9	5
655	1629	15	9	3
655	1649	15	9	3
782	1669	2	9	2
