569	3	9	3	1
795	3	15	3	2
293	3	13	3	2
456	3	16	3	4
286	3	6	3	2
432	3	12	3	3
453	3	13	3	4
551	3	11	3	5
624	3	4	3	3
663	3	3	3	4
291	3	11	3	3
886	3	6	3	3
917	3	17	3	1
336	3	16	3	1
59	3	19	3	4
82	3	2	3	2
582	3	2	3	3
301	3	1	3	2
936	3	16	3	4
269	3	9	3	3
880	3	0	3	1
280	3	0	3	2
246	3	6	3	2
889	3	9	3	4
429	3	9	3	2
267	3	7	3	4
62	3	2	3	3
99	3	19	3	3
459	3	19	3	2
622	3	2	3	1
500	3	0	3	4
859	3	19	3	5
216	3	16	3	4
268	3	8	3	1
923	3	3	3	4
487	3	7	3	5
406	3	6	3	3
714	3	14	3	5
548	3	8	3	1
435	3	15	3	3
910	3	10	3	2
534	3	14	3	4
854	3	14	3	1
682	3	2	3	3
104	3	4	3	3
463	3	3	3	2
806	3	6	3	2
756	3	16	3	1
916	3	16	3	3
660	3	0	3	1
561	3	1	3	3
43	3	3	3	2
207	3	7	3	2
343	3	3	3	4
49	3	9	3	3
95	3	15	3	1
486	3	6	3	2
157	3	17	3	3
181	3	1	3	2
145	3	5	3	3
417	3	17	3	4
606	3	6	3	5
303	3	3	3	3
81	3	1	3	4
342	3	2	3	2
580	3	0	3	5
793	3	13	3	4
747	3	7	3	2
592	3	12	3	4
1	3	1	3	4
621	3	1	3	5
523	3	3	3	4
63	3	3	3	2
221	3	1	3	4
320	3	0	3	4
346	3	6	3	3
130	3	10	3	5
244	3	4	3	5
654	3	14	3	3
276	3	16	3	3
472	3	12	3	5
699	3	19	3	3
160	3	0	3	3
751	3	11	3	3
586	3	6	3	5
450	3	10	3	4
595	3	15	3	4
393	3	13	3	3
537	3	17	3	2
497	3	17	3	4
710	23	10	3	5
648	23	8	3	3
233	23	13	3	5
160	23	0	3	5
533	23	13	3	3
234	23	14	3	4
361	23	1	3	5
177	23	17	3	5
25	23	5	3	4
303	23	3	3	5
548	23	8	3	5
18	23	18	3	4
90	23	10	3	5
655	23	15	3	3
312	23	12	3	4
249	23	9	3	4
10	23	10	3	5
72	23	12	3	4
641	23	1	3	5
406	23	6	3	4
59	23	19	3	5
350	23	10	3	5
804	23	4	3	4
671	23	11	3	4
96	23	16	3	5
682	23	2	3	4
339	23	19	3	5
119	23	19	3	3
543	23	3	3	4
405	23	5	3	5
360	23	0	3	5
385	23	5	3	5
693	23	13	3	4
436	23	16	3	4
897	23	17	3	3
592	23	12	3	5
76	23	16	3	5
843	23	3	3	2
372	23	12	3	5
298	23	18	3	4
553	23	13	3	5
659	23	19	3	5
264	23	4	3	5
875	23	15	3	5
522	23	2	3	5
94	23	14	3	5
426	23	6	3	4
185	23	5	3	4
629	23	9	3	5
716	23	16	3	4
296	23	16	3	5
334	23	14	3	4
753	23	13	3	2
788	23	8	3	3
542	23	2	3	5
615	23	15	3	5
374	23	14	3	3
13	23	13	3	5
491	23	11	3	2
327	23	7	3	4
382	23	2	3	5
880	23	0	3	5
537	23	17	3	4
773	23	13	3	5
412	23	12	3	4
886	23	6	3	4
445	23	5	3	3
218	23	18	3	4
919	23	19	3	3
115	23	15	3	5
1	23	1	3	4
669	23	9	3	4
417	23	17	3	3
524	23	4	3	5
429	23	9	3	4
663	23	3	3	4
521	23	1	3	3
210	23	10	3	5
456	23	16	3	4
397	23	17	3	5
468	23	8	3	4
207	23	7	3	4
123	23	3	3	4
450	23	10	3	5
135	23	15	3	4
14	23	14	3	5
198	23	18	3	4
747	23	7	3	5
851	23	11	3	4
313	23	13	3	4
881	23	1	3	4
835	23	15	3	4
650	23	10	3	3
694	23	14	3	3
910	23	10	3	4
458	23	18	3	4
776	23	16	3	4
77	23	17	3	4
478	23	18	3	2
187	23	7	3	4
221	23	1	3	4
172	23	12	3	3
929	23	9	3	3
527	23	7	3	5
566	23	6	3	4
686	23	6	3	5
796	23	16	3	2
6	23	6	3	4
276	23	16	3	5
758	23	18	3	4
667	23	7	3	3
833	23	13	3	5
7	23	7	3	3
215	23	15	3	3
299	23	19	3	4
498	23	18	3	4
145	23	5	3	4
97	23	17	3	5
322	23	2	3	5
237	23	17	3	4
643	23	3	3	5
508	23	8	3	4
250	23	10	3	4
889	23	9	3	3
60	23	0	3	4
392	23	12	3	5
263	23	3	3	3
890	23	10	3	5
567	23	7	3	4
854	23	14	3	4
201	23	1	3	4
193	23	13	3	4
226	23	6	3	3
846	23	6	3	4
435	23	15	3	4
474	23	14	3	4
848	23	8	3	2
118	23	18	3	5
744	23	4	3	4
194	23	14	3	4
437	23	17	3	4
645	23	5	3	5
272	23	12	3	5
311	23	11	3	3
391	23	11	3	4
699	23	19	3	4
512	23	12	3	4
293	23	13	3	4
766	23	6	3	4
452	23	12	3	2
343	23	3	3	5
627	23	7	3	4
943	23	3	3	4
379	23	19	3	4
387	23	7	3	2
916	23	16	3	4
867	23	7	3	5
666	23	6	3	4
328	23	8	3	3
323	23	3	3	5
870	23	10	3	4
269	23	9	3	5
868	23	8	3	5
608	23	8	3	5
214	23	14	3	5
749	23	9	3	3
389	23	9	3	4
896	23	16	3	2
409	23	9	3	4
719	23	19	3	3
618	23	18	3	5
903	23	3	3	5
625	23	5	3	4
325	23	5	3	5
85	23	5	3	4
840	23	0	3	5
342	23	2	3	5
315	23	15	3	5
586	23	6	3	2
561	23	1	3	5
774	23	14	3	3
308	23	8	3	5
554	43	14	3	3
727	43	7	3	3
224	43	4	3	3
922	43	2	3	3
659	43	19	3	4
42	43	2	3	2
416	43	16	3	1
896	43	16	3	3
83	43	3	3	4
1	43	1	3	4
110	43	10	3	3
399	43	19	3	3
328	43	8	3	3
303	43	3	3	3
551	43	11	3	2
796	43	16	3	4
472	43	12	3	4
295	43	15	3	4
487	43	7	3	3
290	43	10	3	3
881	43	1	3	3
655	43	15	3	3
301	43	1	3	5
92	43	12	3	3
533	43	13	3	4
436	43	16	3	2
886	43	6	3	2
405	43	5	3	1
864	43	4	3	3
200	43	0	3	3
758	43	18	3	3
345	43	5	3	3
311	43	11	3	4
95	43	15	3	2
450	43	10	3	4
271	43	11	3	3
788	43	8	3	3
276	43	16	3	1
378	43	18	3	3
500	43	0	3	3
846	63	6	3	3
276	63	16	3	3
506	63	6	3	4
92	63	12	3	3
1	63	1	3	2
42	63	2	3	4
727	63	7	3	2
690	63	10	3	3
303	63	3	3	1
268	63	8	3	1
399	63	19	3	3
901	63	1	3	5
435	63	15	3	2
130	63	10	3	4
343	63	3	3	4
790	63	10	3	2
83	63	3	3	4
892	63	12	3	4
621	63	1	3	1
125	63	5	3	3
648	63	8	3	4
311	63	11	3	3
200	63	0	3	4
504	63	4	3	3
398	63	18	3	2
318	63	18	3	3
336	63	16	3	2
880	63	0	3	3
577	63	17	3	4
394	63	14	3	4
379	63	19	3	2
796	63	16	3	3
94	63	14	3	3
927	63	7	3	4
222	63	2	3	3
933	63	13	3	2
95	63	15	3	3
864	63	4	3	3
497	63	17	3	3
406	63	6	3	3
642	63	2	3	3
56	63	16	3	3
606	63	6	3	3
650	63	10	3	2
588	63	8	3	5
798	63	18	3	5
109	63	9	3	3
450	63	10	3	4
476	63	16	3	3
43	63	3	3	3
313	63	13	3	4
87	63	7	3	4
620	63	0	3	5
110	63	10	3	3
804	63	4	3	4
679	63	19	3	3
756	63	16	3	3
65	63	5	3	2
542	63	2	3	3
174	63	14	3	4
660	63	0	3	2
712	63	12	3	4
922	63	2	3	3
881	63	1	3	4
807	63	7	3	5
70	63	10	3	3
472	63	12	3	4
747	63	7	3	3
330	63	10	3	3
653	63	13	3	2
541	63	1	3	3
405	63	5	3	3
279	63	19	3	3
417	63	17	3	3
378	63	18	3	3
536	63	16	3	4
886	63	6	3	3
684	63	4	3	4
5	63	5	3	1
429	63	9	3	2
269	63	9	3	1
738	63	18	3	3
295	83	15	3	5
321	83	1	3	4
622	83	2	3	5
746	83	6	3	4
11	83	11	3	5
711	83	11	3	5
567	83	7	3	4
585	83	5	3	3
870	83	10	3	4
514	83	14	3	5
387	83	7	3	4
698	83	18	3	5
747	83	7	3	4
642	83	2	3	5
270	83	10	3	4
566	83	6	3	4
23	83	3	3	4
565	83	5	3	5
338	83	18	3	2
846	83	6	3	4
916	83	16	3	4
840	83	0	3	5
167	83	7	3	5
180	83	0	3	5
861	83	1	3	5
89	83	9	3	4
429	83	9	3	4
435	83	15	3	4
378	83	18	3	4
283	83	3	3	4
393	83	13	3	4
189	83	9	3	4
381	83	1	3	4
734	83	14	3	4
452	83	12	3	3
62	83	2	3	5
660	83	0	3	3
533	83	13	3	2
13	83	13	3	2
344	83	4	3	4
913	83	13	3	4
889	83	9	3	4
828	83	8	3	3
235	83	15	3	4
405	83	5	3	1
528	83	8	3	5
292	83	12	3	5
498	83	18	3	3
243	83	3	3	4
343	83	3	3	4
158	83	18	3	5
274	83	14	3	5
194	83	14	3	3
51	83	11	3	5
97	83	17	3	1
237	83	17	3	4
178	83	18	3	4
437	83	17	3	4
854	83	14	3	4
327	83	7	3	2
450	83	10	3	4
401	83	1	3	4
679	83	19	3	5
474	83	14	3	3
299	83	19	3	5
831	83	11	3	4
899	83	19	3	4
246	83	6	3	4
608	83	8	3	5
763	83	3	3	3
639	83	19	3	4
1	83	1	3	3
536	83	16	3	5
883	83	3	3	3
187	83	7	3	5
311	83	11	3	5
707	83	7	3	3
316	83	16	3	4
771	83	11	3	5
579	83	19	3	5
346	83	6	3	4
705	83	5	3	4
70	83	10	3	4
907	83	7	3	5
815	83	15	3	4
379	83	19	3	4
541	83	1	3	5
115	83	15	3	3
334	83	14	3	4
271	83	11	3	4
102	83	2	3	3
42	83	2	3	4
296	83	16	3	5
458	83	18	3	4
151	83	11	3	5
670	83	10	3	3
615	83	15	3	4
653	83	13	3	5
417	83	17	3	5
715	83	15	3	4
90	83	10	3	5
64	83	4	3	3
894	83	14	3	4
648	83	8	3	4
588	83	8	3	5
523	83	3	3	5
360	83	0	3	4
922	83	2	3	4
279	83	19	3	5
476	83	16	3	3
751	83	11	3	5
877	83	17	3	3
416	83	16	3	5
748	83	8	3	3
128	83	8	3	5
121	83	1	3	4
712	83	12	3	4
654	83	14	3	5
684	83	4	3	5
119	83	19	3	4
790	83	10	3	3
537	83	17	3	4
934	83	14	3	4
95	83	15	3	5
798	83	18	3	4
583	83	3	3	4
805	83	5	3	4
94	83	14	3	4
896	83	16	3	5
59	83	19	3	4
125	83	5	3	4
488	83	8	3	4
436	83	16	3	5
911	83	11	3	4
96	83	16	3	3
268	83	8	3	4
641	83	1	3	4
297	83	17	3	4
85	83	5	3	4
843	83	3	3	3
606	83	6	3	5
500	83	0	3	4
286	83	6	3	5
447	83	7	3	5
664	83	4	3	4
122	83	2	3	5
354	83	14	3	4
425	83	5	3	2
457	83	17	3	5
823	83	3	3	3
249	83	9	3	5
741	83	1	3	4
918	83	18	3	4
543	83	3	3	4
682	83	2	3	3
593	83	13	3	5
838	83	18	3	5
497	83	17	3	2
844	83	4	3	5
503	83	3	3	5
307	83	7	3	5
156	83	16	3	3
716	83	16	3	4
373	83	13	3	5
586	83	6	3	2
361	83	1	3	3
18	83	18	3	5
727	83	7	3	5
303	83	3	3	5
409	83	9	3	3
312	83	12	3	4
492	83	12	3	4
535	83	15	3	4
253	83	13	3	4
305	83	5	3	3
627	83	7	3	3
648	103	8	3	1
533	103	13	3	3
1	103	1	3	1
254	103	14	3	2
159	103	19	3	1
42	103	2	3	3
881	103	1	3	1
82	103	2	3	2
181	103	1	3	1
606	103	6	3	3
280	103	0	3	3
416	103	16	3	3
200	103	0	3	2
21	103	1	3	1
463	103	3	3	1
432	123	12	3	3
580	123	0	3	4
130	123	10	3	4
393	123	13	3	4
417	123	17	3	2
399	123	19	3	2
357	123	17	3	4
301	123	1	3	4
435	123	15	3	2
320	123	0	3	4
342	123	2	3	5
201	123	1	3	2
630	123	10	3	4
387	123	7	3	3
75	123	15	3	3
416	123	16	3	4
459	123	19	3	3
101	123	1	3	2
348	123	8	3	5
303	123	3	3	4
648	123	8	3	4
430	123	10	3	2
486	123	6	3	3
294	123	14	3	4
44	123	4	3	4
908	123	8	3	3
804	123	4	3	4
150	123	10	3	4
308	123	8	3	3
324	123	4	3	4
49	123	9	3	1
896	123	16	3	3
758	123	18	3	1
407	123	7	3	3
839	123	19	3	3
697	123	17	3	5
505	123	5	3	3
790	123	10	3	3
450	123	10	3	2
907	123	7	3	4
200	123	0	3	4
286	123	6	3	5
268	123	8	3	3
756	123	16	3	2
761	123	1	3	3
178	123	18	3	4
1	123	1	3	4
291	123	11	3	4
406	123	6	3	4
537	123	17	3	2
620	123	0	3	3
592	123	12	3	4
249	123	9	3	3
455	123	15	3	3
624	123	4	3	3
67	123	7	3	4
160	123	0	3	4
490	123	10	3	2
560	123	0	3	2
916	123	16	3	3
864	123	4	3	4
497	123	17	3	3
770	123	10	3	3
671	123	11	3	5
472	123	12	3	4
69	123	9	3	4
181	123	1	3	2
347	123	7	3	3
59	123	19	3	3
525	123	5	3	3
145	123	5	3	4
394	123	14	3	5
378	123	18	3	3
596	123	16	3	2
168	123	8	3	3
703	123	3	3	4
256	123	16	3	2
854	123	14	3	1
618	123	18	3	2
50	123	10	3	4
43	123	3	3	1
727	123	7	3	3
601	123	1	3	1
332	123	12	3	4
270	123	10	3	5
805	123	5	3	4
92	123	12	3	2
21	123	1	3	4
663	123	3	3	3
660	123	0	3	2
250	123	10	3	3
518	123	18	3	2
276	123	16	3	4
445	123	5	3	1
158	123	18	3	3
429	123	9	3	4
58	123	18	3	4
880	123	0	3	4
621	123	1	3	4
606	123	6	3	3
403	123	3	3	3
374	123	14	3	2
851	123	11	3	4
552	123	12	3	3
795	123	15	3	4
735	123	15	3	3
182	123	2	3	4
586	123	6	3	3
11	123	11	3	3
627	123	7	3	3
264	123	4	3	4
99	123	19	3	3
27	123	7	3	5
526	123	6	3	3
447	123	7	3	3
479	143	19	3	1
291	143	11	3	3
474	143	14	3	4
862	143	2	3	5
453	143	13	3	2
804	143	4	3	3
764	143	4	3	5
267	143	7	3	4
340	143	0	3	5
43	143	3	3	4
25	143	5	3	3
128	143	8	3	5
494	143	14	3	5
290	143	10	3	5
643	143	3	3	4
188	143	8	3	5
12	143	12	3	5
437	143	17	3	5
405	143	5	3	5
731	143	11	3	5
346	143	6	3	3
454	143	14	3	4
276	143	16	3	5
339	143	19	3	5
533	143	13	3	4
711	143	11	3	5
882	143	2	3	4
763	143	3	3	3
236	143	16	3	4
189	143	9	3	5
307	143	7	3	3
835	143	15	3	5
28	143	8	3	4
786	143	6	3	4
632	143	12	3	5
748	143	8	3	3
716	143	16	3	5
330	143	10	3	5
406	143	6	3	1
815	143	15	3	5
216	143	16	3	2
393	143	13	3	5
573	143	13	3	2
338	143	18	3	2
896	143	16	3	4
499	143	19	3	3
5	143	5	3	3
922	143	2	3	4
621	143	1	3	2
207	143	7	3	4
593	143	13	3	4
457	143	17	3	5
918	143	18	3	4
633	143	13	3	4
374	143	14	3	2
823	143	3	3	4
500	143	0	3	3
44	143	4	3	4
653	143	13	3	3
666	143	6	3	2
807	143	7	3	4
230	143	10	3	5
373	143	13	3	3
268	143	8	3	2
385	143	5	3	3
795	143	15	3	3
838	143	18	3	5
452	143	12	3	3
59	143	19	3	1
354	143	14	3	4
693	143	13	3	4
64	143	4	3	4
262	143	2	3	3
426	143	6	3	3
843	143	3	3	2
654	143	14	3	5
286	143	6	3	4
682	143	2	3	3
751	143	11	3	5
313	143	13	3	3
798	143	18	3	5
297	143	17	3	5
327	143	7	3	4
269	143	9	3	3
95	143	15	3	4
334	143	14	3	2
778	143	18	3	1
648	143	8	3	4
715	143	15	3	3
524	143	4	3	3
756	143	16	3	5
56	143	16	3	3
311	143	11	3	3
536	143	16	3	5
465	143	5	3	4
885	143	5	3	4
200	143	0	3	5
363	143	3	3	2
314	143	14	3	5
930	143	10	3	2
195	143	15	3	5
694	143	14	3	4
601	143	1	3	3
16	143	16	3	5
345	143	5	3	5
301	143	1	3	4
805	143	5	3	3
308	143	8	3	4
758	143	18	3	5
864	143	4	3	4
537	143	17	3	1
49	143	9	3	3
389	143	9	3	3
655	143	15	3	4
85	143	5	3	4
642	143	2	3	5
504	143	4	3	4
916	143	16	3	3
293	143	13	3	4
913	143	13	3	5
343	143	3	3	4
23	143	3	3	3
577	143	17	3	3
450	143	10	3	5
254	143	14	3	4
734	143	14	3	5
325	143	5	3	1
846	143	6	3	5
379	143	19	3	4
680	143	0	3	4
698	143	18	3	3
130	143	10	3	5
92	143	12	3	3
484	143	4	3	4
18	143	18	3	4
321	143	1	3	3
849	143	9	3	5
712	143	12	3	5
233	143	13	3	4
605	143	5	3	1
295	143	15	3	4
305	143	5	3	3
234	143	14	3	3
303	143	3	3	4
496	143	16	3	3
561	143	1	3	1
887	143	7	3	5
618	143	18	3	4
312	143	12	3	4
610	143	10	3	5
840	143	0	3	4
213	143	13	3	5
399	143	19	3	5
538	143	18	3	3
194	143	14	3	3
342	143	2	3	5
622	143	2	3	4
117	143	17	3	1
749	143	9	3	4
263	143	3	3	5
551	143	11	3	4
472	143	12	3	4
125	143	5	3	5
907	143	7	3	5
152	143	12	3	5
912	143	12	3	5
796	143	16	3	5
665	143	5	3	4
757	143	17	3	3
60	143	0	3	3
429	143	9	3	3
532	143	12	3	4
401	143	1	3	4
223	143	3	3	4
478	143	18	3	5
562	143	2	3	5
541	143	1	3	4
174	143	14	3	5
184	143	4	3	3
178	143	18	3	4
1	143	1	3	1
407	143	7	3	4
527	143	7	3	2
154	143	14	3	3
458	143	18	3	4
897	143	17	3	5
790	143	10	3	3
123	143	3	3	5
679	143	19	3	2
650	143	10	3	5
705	143	5	3	3
225	143	5	3	2
91	143	11	3	4
198	143	18	3	3
468	143	8	3	5
892	143	12	3	2
416	143	16	3	5
20	143	0	3	3
6	143	6	3	2
588	143	8	3	5
806	143	6	3	5
94	143	14	3	4
298	143	18	3	5
42	143	2	3	4
70	143	10	3	5
495	143	15	3	1
90	143	10	3	5
299	143	19	3	3
318	143	18	3	5
487	143	7	3	3
921	143	1	3	5
566	143	6	3	3
911	143	11	3	5
378	143	18	3	4
881	143	1	3	5
659	143	19	3	5
7	143	7	3	3
436	143	16	3	2
151	143	11	3	5
927	143	7	3	3
456	143	16	3	3
13	143	13	3	1
373	163	13	3	4
407	163	7	3	3
158	163	18	3	4
682	163	2	3	3
660	163	0	3	2
530	163	10	3	3
85	163	5	3	3
767	163	7	3	4
313	163	13	3	2
334	163	14	3	4
417	163	17	3	4
1	163	1	3	4
210	163	10	3	3
543	163	3	3	4
916	163	16	3	3
343	163	3	3	5
815	163	15	3	4
60	163	0	3	4
934	163	14	3	4
593	163	13	3	4
279	163	19	3	5
643	163	3	3	4
380	163	0	3	2
707	163	7	3	2
305	163	5	3	3
268	163	8	3	2
429	163	9	3	4
804	163	4	3	3
307	163	7	3	3
398	163	18	3	3
148	163	8	3	4
623	163	3	3	3
536	163	16	3	5
523	163	3	3	5
608	163	8	3	1
559	163	19	3	4
151	163	11	3	4
932	163	12	3	4
98	163	18	3	3
481	163	1	3	4
521	163	1	3	3
840	163	0	3	4
561	163	1	3	3
690	163	10	3	3
747	163	7	3	4
798	163	18	3	3
848	163	8	3	5
452	163	12	3	4
13	163	13	3	3
653	163	13	3	4
379	163	19	3	4
727	163	7	3	4
269	163	9	3	2
666	163	6	3	3
315	163	15	3	3
308	163	8	3	4
495	163	15	3	5
263	163	3	3	5
539	163	19	3	4
836	163	16	3	5
601	163	1	3	4
395	163	15	3	5
234	163	14	3	3
44	163	4	3	4
339	163	19	3	4
7	163	7	3	4
497	163	17	3	2
933	163	13	3	2
504	163	4	3	4
833	163	13	3	3
890	163	10	3	3
911	163	11	3	4
301	163	1	3	3
508	163	8	3	3
125	163	5	3	5
254	163	14	3	2
650	163	10	3	3
102	163	2	3	2
363	163	3	3	3
716	163	16	3	4
87	163	7	3	4
5	163	5	3	5
694	163	14	3	4
293	163	13	3	4
450	163	10	3	4
435	163	15	3	3
758	163	18	3	5
864	163	4	3	4
406	163	6	3	3
566	163	6	3	5
347	163	7	3	4
22	163	2	3	1
622	183	2	3	4
280	183	0	3	3
746	183	6	3	4
382	183	2	3	3
932	183	12	3	4
653	183	13	3	3
445	183	5	3	2
145	183	5	3	5
632	183	12	3	4
48	183	8	3	5
503	183	3	3	5
749	183	9	3	5
603	183	3	3	4
276	183	16	3	5
378	183	18	3	4
745	183	5	3	3
767	183	7	3	4
352	183	12	3	5
512	183	12	3	5
756	183	16	3	4
913	183	13	3	4
37	183	17	3	4
416	183	16	3	5
577	183	17	3	5
538	183	18	3	4
494	183	14	3	5
312	183	12	3	5
790	183	10	3	4
264	183	4	3	5
95	183	15	3	5
610	183	10	3	4
387	183	7	3	4
222	183	2	3	4
561	183	1	3	5
592	183	12	3	5
429	183	9	3	4
709	183	9	3	5
785	183	5	3	5
875	183	15	3	5
753	183	13	3	1
334	183	14	3	4
23	183	3	3	3
527	183	7	3	5
593	183	13	3	4
397	183	17	3	4
207	183	7	3	2
498	183	18	3	4
407	183	7	3	4
217	183	17	3	3
25	183	5	3	4
815	183	15	3	5
757	183	17	3	4
545	183	5	3	4
13	183	13	3	4
760	183	0	3	2
437	183	17	3	3
244	183	4	3	4
619	183	19	3	5
344	183	4	3	5
363	183	3	3	4
339	183	19	3	4
892	183	12	3	5
886	183	6	3	5
172	183	12	3	5
285	183	5	3	4
62	183	2	3	4
200	183	0	3	5
738	183	18	3	5
748	183	8	3	4
506	183	6	3	5
292	183	12	3	5
766	183	6	3	4
435	183	15	3	5
833	183	13	3	5
716	183	16	3	2
301	183	1	3	3
97	183	17	3	5
606	183	6	3	5
883	183	3	3	5
867	183	7	3	3
660	183	0	3	2
236	183	16	3	2
158	183	18	3	3
452	183	12	3	4
504	183	4	3	3
326	183	6	3	5
368	183	8	3	5
1	183	1	3	5
911	183	11	3	4
328	183	8	3	5
882	183	2	3	4
367	183	7	3	5
650	183	10	3	4
239	183	19	3	5
201	183	1	3	4
380	183	0	3	4
910	183	10	3	4
479	183	19	3	5
474	183	14	3	5
137	183	17	3	5
327	183	7	3	3
840	183	0	3	5
267	183	7	3	4
394	183	14	3	4
505	183	5	3	3
92	183	12	3	4
530	183	10	3	4
457	183	17	3	5
7	183	7	3	4
77	183	17	3	5
425	183	5	3	3
44	183	4	3	4
573	183	13	3	3
804	183	4	3	4
70	183	10	3	4
316	183	16	3	1
320	183	0	3	4
536	183	16	3	3
871	183	11	3	3
254	183	14	3	4
385	183	5	3	3
73	183	13	3	4
361	183	1	3	4
480	183	0	3	4
881	183	1	3	4
91	183	11	3	5
548	183	8	3	5
270	183	10	3	5
311	183	11	3	5
889	183	9	3	3
253	183	13	3	5
682	183	2	3	3
715	183	15	3	3
922	183	2	3	3
663	183	3	3	4
405	183	5	3	1
727	183	7	3	3
251	183	11	3	5
215	183	15	3	5
16	183	16	3	5
305	183	5	3	4
175	183	15	3	4
655	183	15	3	4
627	183	7	3	5
903	183	3	3	4
198	183	18	3	5
87	183	7	3	4
488	183	8	3	4
868	183	8	3	5
731	183	11	3	1
249	183	9	3	4
942	183	2	3	3
758	183	18	3	5
648	183	8	3	5
848	183	8	3	3
890	183	10	3	3
897	183	17	3	5
347	183	7	3	3
862	183	2	3	5
60	183	0	3	5
230	183	10	3	3
272	183	12	3	4
796	183	16	3	5
346	183	6	3	4
248	183	8	3	5
234	183	14	3	4
940	183	0	3	3
102	183	2	3	4
823	183	3	3	4
303	183	3	3	5
268	183	8	3	4
521	183	1	3	3
487	183	7	3	5
144	183	4	3	4
151	183	11	3	3
887	183	7	3	1
638	183	18	3	4
665	183	5	3	4
621	183	1	3	4
664	183	4	3	3
374	183	14	3	4
623	183	3	3	3
805	183	5	3	5
308	183	8	3	4
484	183	4	3	4
197	183	17	3	5
659	183	19	3	4
496	183	16	3	2
307	183	7	3	3
693	183	13	3	2
250	183	10	3	4
135	183	15	3	4
666	183	6	3	5
625	183	5	3	3
114	183	14	3	5
780	183	0	3	2
194	183	14	3	3
372	183	12	3	5
514	183	14	3	3
694	183	14	3	5
6	183	6	3	4
96	183	16	3	4
843	183	3	3	5
669	183	9	3	3
417	183	17	3	4
458	183	18	3	4
618	183	18	3	4
447	183	7	3	5
835	183	15	3	4
109	183	9	3	5
499	183	19	3	4
398	183	18	3	4
846	183	6	3	4
551	183	11	3	4
59	183	19	3	5
472	183	12	3	5
847	183	7	3	4
293	183	13	3	4
5	183	5	3	4
508	183	8	3	5
500	183	0	3	4
295	183	15	3	1
315	183	15	3	3
493	183	13	3	5
661	183	1	3	4
788	183	8	3	5
379	183	19	3	4
919	183	19	3	3
421	183	1	3	5
466	183	6	3	3
371	183	11	3	5
497	183	17	3	4
908	183	8	3	4
10	183	10	3	5
269	183	9	3	3
705	183	5	3	2
237	183	17	3	5
42	183	2	3	4
617	183	17	3	4
645	183	5	3	4
115	183	15	3	5
375	183	15	3	5
826	183	6	3	5
934	183	14	3	2
643	183	3	3	5
698	183	18	3	3
263	183	3	3	4
94	183	14	3	5
579	183	19	3	4
560	183	0	3	5
773	183	13	3	4
864	183	4	3	4
747	183	7	3	5
184	183	4	3	4
601	183	1	3	4
830	183	10	3	4
275	183	15	3	3
177	183	17	3	4
406	183	6	3	5
290	183	10	3	4
802	183	2	3	5
313	183	13	3	5
455	183	15	3	4
130	183	10	3	5
933	183	13	3	4
350	183	10	3	3
82	183	2	3	3
325	183	5	3	3
297	183	17	3	4
56	183	16	3	5
298	183	18	3	3
896	183	16	3	4
633	183	13	3	4
604	183	4	3	3
178	183	18	3	4
370	183	10	3	4
543	183	3	3	4
8	183	8	3	5
916	183	16	3	4
286	183	6	3	4
774	183	14	3	4
450	183	10	3	4
64	183	4	3	5
786	183	6	3	4
900	183	0	3	3
218	183	18	3	5
600	183	0	3	5
567	183	7	3	4
495	183	15	3	5
586	183	6	3	4
537	183	17	3	3
51	203	11	3	4
567	203	7	3	4
391	203	11	3	4
339	203	19	3	4
92	203	12	3	4
680	203	0	3	3
226	203	6	3	5
474	203	14	3	5
882	203	2	3	4
641	203	1	3	4
398	203	18	3	4
749	203	9	3	4
911	203	11	3	4
524	203	4	3	4
298	203	18	3	3
59	203	19	3	4
292	203	12	3	4
505	203	5	3	4
666	203	6	3	4
592	203	12	3	5
215	203	15	3	3
116	203	16	3	5
862	203	2	3	4
450	203	10	3	4
344	203	4	3	4
347	203	7	3	5
230	203	10	3	2
6	203	6	3	3
479	203	19	3	3
387	203	7	3	4
932	203	12	3	4
709	203	9	3	4
182	203	2	3	3
758	203	18	3	5
328	203	8	3	5
343	203	3	3	5
561	203	1	3	4
442	203	2	3	3
757	203	17	3	5
586	203	6	3	3
913	203	13	3	4
506	203	6	3	4
618	203	18	3	3
566	203	6	3	4
648	203	8	3	1
903	203	3	3	4
771	203	11	3	1
854	203	14	3	4
76	203	16	3	4
72	203	12	3	3
645	203	5	3	4
535	203	15	3	3
435	203	15	3	4
916	203	16	3	4
43	203	3	3	4
399	203	19	3	4
145	203	5	3	5
664	203	4	3	4
548	203	8	3	5
207	203	7	3	3
201	203	1	3	5
694	203	14	3	4
279	203	19	3	2
647	203	7	3	3
233	203	13	3	3
610	203	10	3	4
532	203	12	3	5
790	203	10	3	4
264	203	4	3	2
334	203	14	3	4
815	203	15	3	4
457	203	17	3	4
406	203	6	3	4
99	203	19	3	4
521	203	1	3	3
393	203	13	3	4
58	203	18	3	5
135	203	15	3	4
95	203	15	3	3
643	203	3	3	4
632	203	12	3	3
10	203	10	3	4
280	203	0	3	4
738	203	18	3	3
346	203	6	3	4
303	203	3	3	5
23	203	3	3	4
11	203	11	3	4
788	203	8	3	5
896	203	16	3	5
184	203	4	3	3
846	203	6	3	5
804	203	4	3	4
183	203	3	3	3
1	203	1	3	4
293	203	13	3	3
7	203	7	3	5
877	203	17	3	4
407	203	7	3	4
64	203	4	3	4
527	203	7	3	4
409	203	9	3	5
745	203	5	3	3
256	203	16	3	4
577	203	17	3	3
655	203	15	3	3
85	203	5	3	5
90	203	10	3	5
405	203	5	3	1
897	203	17	3	4
361	203	1	3	5
429	203	9	3	5
276	203	16	3	4
130	203	10	3	4
488	203	8	3	4
528	203	8	3	4
796	203	16	3	3
313	203	13	3	5
12	203	12	3	3
84	203	4	3	3
864	203	4	3	5
480	203	0	3	4
189	203	9	3	3
892	203	12	3	5
42	203	2	3	4
301	203	1	3	4
305	203	5	3	4
889	203	9	3	2
786	203	6	3	4
218	203	18	3	4
271	203	11	3	4
830	203	10	3	4
551	203	11	3	5
267	203	7	3	5
378	203	18	3	4
899	203	19	3	4
795	203	15	3	3
177	203	17	3	4
671	203	11	3	3
311	203	11	3	5
308	203	8	3	5
727	203	7	3	5
198	203	18	3	3
867	203	7	3	4
253	203	13	3	4
383	203	3	3	5
840	203	0	3	5
323	203	3	3	5
151	203	11	3	3
606	203	6	3	5
327	203	7	3	3
374	203	14	3	3
379	203	19	3	4
454	203	14	3	2
445	203	5	3	3
315	203	15	3	3
268	203	8	3	5
560	203	0	3	4
716	203	16	3	4
537	203	17	3	4
711	203	11	3	4
401	203	1	3	4
437	203	17	3	1
186	203	6	3	5
249	203	9	3	5
416	203	16	3	3
870	203	10	3	4
94	203	14	3	5
194	203	14	3	3
690	203	10	3	4
650	203	10	3	3
545	203	5	3	4
458	203	18	3	5
236	203	16	3	4
417	203	17	3	4
452	203	12	3	3
533	203	13	3	4
178	203	18	3	4
239	203	19	3	1
833	203	13	3	5
498	203	18	3	5
774	203	14	3	2
719	223	19	3	5
315	223	15	3	5
667	223	7	3	5
6	223	6	3	4
592	223	12	3	5
28	223	8	3	5
710	223	10	3	4
407	223	7	3	4
230	223	10	3	5
144	223	4	3	4
343	223	3	3	5
18	223	18	3	5
293	223	13	3	4
551	223	11	3	4
243	223	3	3	4
305	223	5	3	4
291	223	11	3	5
749	223	9	3	4
561	223	1	3	4
178	223	18	3	4
452	223	12	3	5
234	223	14	3	3
457	223	17	3	5
276	223	16	3	5
508	223	8	3	4
593	223	13	3	5
268	223	8	3	3
207	223	7	3	3
934	223	14	3	5
653	223	13	3	3
7	223	7	3	5
453	223	13	3	4
177	223	17	3	4
838	223	18	3	3
409	223	9	3	4
360	223	0	3	5
488	223	8	3	4
666	223	6	3	3
331	223	11	3	4
535	223	15	3	5
222	223	2	3	4
903	223	3	3	5
214	223	14	3	3
224	223	4	3	3
397	223	17	3	4
655	223	15	3	3
538	223	18	3	4
500	223	0	3	4
24	223	4	3	5
297	223	17	3	5
629	223	9	3	5
334	223	14	3	5
387	223	7	3	5
165	223	5	3	4
136	223	16	3	4
118	223	18	3	5
76	223	16	3	2
916	223	16	3	4
447	223	7	3	5
417	223	17	3	5
288	223	8	3	3
805	223	5	3	5
185	223	5	3	4
58	223	18	3	5
323	223	3	3	4
262	223	2	3	3
94	223	14	3	5
13	223	13	3	5
643	223	3	3	4
128	223	8	3	5
450	223	10	3	3
690	223	10	3	4
201	223	1	3	4
605	223	5	3	5
303	223	3	3	4
682	223	2	3	1
342	223	2	3	4
419	223	19	3	4
896	223	16	3	4
109	223	9	3	4
312	223	12	3	5
374	223	14	3	5
747	223	7	3	5
376	223	16	3	4
554	223	14	3	3
233	223	13	3	4
503	223	3	3	5
455	223	15	3	4
10	223	10	3	5
919	223	19	3	4
383	223	3	3	3
894	223	14	3	4
764	223	4	3	3
654	223	14	3	4
800	223	0	3	5
106	223	6	3	4
184	223	4	3	4
249	223	9	3	4
219	223	19	3	5
854	223	14	3	4
504	223	4	3	5
194	223	14	3	4
250	223	10	3	4
679	223	19	3	5
1	223	1	3	5
378	223	18	3	4
788	223	8	3	4
399	223	19	3	3
889	223	9	3	4
328	223	8	3	4
777	223	17	3	4
92	223	12	3	5
393	223	13	3	4
416	223	16	3	5
90	223	10	3	4
758	223	18	3	5
429	223	9	3	4
292	223	12	3	5
345	223	5	3	5
833	223	13	3	4
316	223	16	3	4
851	223	11	3	4
908	223	8	3	4
664	223	4	3	4
650	223	10	3	3
151	223	11	3	5
236	223	16	3	5
781	223	1	3	4
363	223	3	3	5
567	223	7	3	4
675	223	15	3	1
246	223	6	3	5
870	223	10	3	4
864	223	4	3	5
347	223	7	3	4
308	223	8	3	4
1	243	1	3	1
832	243	12	3	2
369	243	9	3	3
612	243	12	3	2
254	243	14	3	2
224	243	4	3	2
589	243	9	3	3
721	243	1	3	3
48	243	8	3	3
181	243	1	3	1
199	243	19	3	1
645	243	5	3	1
415	243	15	3	1
258	243	18	3	3
142	243	2	3	1
137	243	17	3	4
712	243	12	3	4
663	243	3	3	3
59	243	19	3	1
428	243	8	3	4
482	243	2	3	2
424	243	4	3	4
519	243	19	3	1
592	243	12	3	1
898	243	18	3	1
404	243	4	3	3
210	243	10	3	2
127	243	7	3	5
782	243	2	3	3
677	243	17	3	3
463	243	3	3	1
401	243	1	3	3
880	243	0	3	2
20	243	0	3	4
489	243	9	3	4
515	243	15	3	3
650	243	10	3	2
626	243	6	3	1
609	243	9	3	1
813	243	13	3	3
253	243	13	3	2
21	243	1	3	2
938	243	18	3	4
61	243	1	3	2
797	243	17	3	2
630	243	10	3	2
691	243	11	3	1
620	243	0	3	3
126	243	6	3	5
901	243	1	3	2
779	243	19	3	4
13	243	13	3	3
514	243	14	3	2
323	243	3	3	1
256	243	16	3	4
510	243	10	3	3
699	243	19	3	2
771	243	11	3	3
761	243	1	3	3
57	243	17	3	3
598	243	18	3	2
526	243	6	3	1
177	243	17	3	1
897	243	17	3	4
274	243	14	3	2
533	243	13	3	3
602	243	2	3	3
166	243	6	3	3
732	243	12	3	5
304	243	4	3	3
125	243	5	3	2
919	243	19	3	3
796	243	16	3	3
570	243	10	3	1
200	243	0	3	3
186	243	6	3	2
556	243	16	3	1
17	243	17	3	1
169	243	9	3	3
810	243	10	3	4
452	243	12	3	5
223	243	3	3	3
290	243	10	3	3
83	243	3	3	3
754	243	14	3	1
534	243	14	3	3
561	243	1	3	1
728	243	8	3	2
261	243	1	3	5
40	243	0	3	2
811	243	11	3	3
537	243	17	3	1
130	243	10	3	2
816	243	16	3	4
159	243	19	3	4
38	243	18	3	3
825	243	5	3	4
440	243	0	3	1
660	243	0	3	2
803	243	3	3	1
92	243	12	3	1
936	243	16	3	2
824	243	4	3	1
644	243	4	3	4
35	243	15	3	2
205	243	5	3	2
15	243	15	3	1
393	243	13	3	4
682	243	2	3	1
882	243	2	3	4
5	243	5	3	1
8	243	8	3	2
133	243	13	3	3
457	243	17	3	2
387	243	7	3	1
881	243	1	3	2
550	243	10	3	2
488	243	8	3	3
348	243	8	3	3
397	243	17	3	1
804	243	4	3	3
505	243	5	3	2
297	243	17	3	1
847	243	7	3	1
798	243	18	3	4
887	243	7	3	1
300	243	0	3	4
587	243	7	3	3
552	243	12	3	3
451	243	11	3	4
234	243	14	3	1
502	243	2	3	3
813	263	13	3	3
427	263	7	3	5
1	263	1	3	1
502	263	2	3	1
21	263	1	3	1
519	263	19	3	5
802	263	2	3	1
451	263	11	3	2
697	263	17	3	1
186	263	6	3	3
721	263	1	3	3
682	263	2	3	1
489	263	9	3	2
761	263	1	3	1
13	263	13	3	5
621	263	1	3	1
592	263	12	3	1
211	263	11	3	3
181	263	1	3	1
761	283	1	3	4
880	283	0	3	3
733	283	13	3	3
248	283	8	3	1
615	283	15	3	4
919	283	19	3	4
125	283	5	3	5
85	283	5	3	3
299	283	19	3	3
460	283	0	3	3
654	283	14	3	5
297	283	17	3	4
634	283	14	3	2
242	283	2	3	4
463	283	3	3	5
89	283	9	3	4
49	283	9	3	3
517	283	17	3	4
935	283	15	3	4
454	283	14	3	3
931	283	11	3	4
526	283	6	3	3
470	283	10	3	5
398	283	18	3	3
741	283	1	3	4
390	283	10	3	4
698	283	18	3	2
360	283	0	3	4
271	283	11	3	4
293	283	13	3	2
837	283	17	3	5
334	283	14	3	4
15	283	15	3	4
262	283	2	3	3
899	283	19	3	4
536	283	16	3	3
104	283	4	3	4
63	283	3	3	4
625	283	5	3	3
18	283	18	3	5
924	283	4	3	4
667	283	7	3	4
894	283	14	3	3
697	283	17	3	5
798	283	18	3	5
895	283	15	3	4
500	283	0	3	2
23	283	3	3	4
622	283	2	3	4
43	283	3	3	2
708	283	8	3	1
771	283	11	3	4
668	283	8	3	5
930	283	10	3	4
330	283	10	3	5
413	283	13	3	5
481	283	1	3	5
354	283	14	3	4
266	283	6	3	3
711	283	11	3	4
468	283	8	3	4
533	283	13	3	3
618	283	18	3	3
786	283	6	3	4
308	283	8	3	3
479	283	19	3	4
527	283	7	3	4
796	283	16	3	3
465	283	5	3	3
202	283	2	3	3
381	283	1	3	5
597	283	17	3	5
82	283	2	3	2
707	283	7	3	4
838	283	18	3	5
393	283	13	3	3
181	283	1	3	3
878	283	18	3	3
569	283	9	3	4
184	283	4	3	5
907	283	7	3	4
639	283	19	3	4
42	283	2	3	3
378	283	18	3	4
234	283	14	3	3
429	283	9	3	3
727	283	7	3	2
636	283	16	3	3
731	283	11	3	4
514	283	14	3	4
535	283	15	3	4
825	283	5	3	2
314	283	14	3	4
483	283	3	3	5
790	283	10	3	2
249	283	9	3	5
128	283	8	3	5
203	283	3	3	5
440	283	0	3	5
458	283	18	3	5
573	283	13	3	4
385	283	5	3	2
716	283	16	3	4
503	283	3	3	5
478	283	18	3	4
520	283	0	3	4
855	283	15	3	3
883	283	3	3	4
81	283	1	3	4
537	283	17	3	4
854	283	14	3	3
270	283	10	3	5
937	283	17	3	4
58	283	18	3	1
705	283	5	3	5
592	283	12	3	4
256	283	16	3	3
136	283	16	3	4
585	283	5	3	4
79	283	19	3	4
558	283	18	3	3
316	283	16	3	5
158	283	18	3	5
178	283	18	3	5
357	283	17	3	5
591	283	11	3	4
344	283	4	3	4
828	283	8	3	3
10	283	10	3	4
62	283	2	3	4
306	283	6	3	3
303	283	3	3	3
420	283	0	3	5
389	283	9	3	5
93	283	13	3	4
152	283	12	3	4
416	283	16	3	5
734	283	14	3	5
623	283	3	3	4
14	283	14	3	4
548	283	8	3	3
593	283	13	3	4
324	283	4	3	3
860	283	0	3	4
655	283	15	3	3
864	283	4	3	5
243	283	3	3	3
343	283	3	3	4
363	283	3	3	2
450	283	10	3	3
226	283	6	3	2
763	283	3	3	4
608	283	8	3	4
189	283	9	3	5
581	283	1	3	2
409	283	9	3	4
361	283	1	3	4
765	283	5	3	4
26	283	6	3	3
699	283	19	3	4
434	283	14	3	3
588	283	8	3	4
182	283	2	3	2
857	283	17	3	5
321	283	1	3	3
345	283	5	3	4
279	283	19	3	3
610	283	10	3	3
264	283	4	3	5
906	283	6	3	4
2	283	2	3	5
157	283	17	3	4
474	283	14	3	3
437	283	17	3	1
939	283	19	3	5
735	283	15	3	2
637	283	17	3	2
302	303	2	3	2
2	303	2	3	4
6	303	6	3	3
140	303	0	3	5
919	303	19	3	4
446	303	6	3	2
894	303	14	3	4
80	303	0	3	4
381	303	1	3	3
803	303	3	3	4
675	303	15	3	5
4	303	4	3	5
931	303	11	3	4
329	303	9	3	4
413	303	13	3	5
655	303	15	3	4
433	303	13	3	4
111	303	11	3	3
293	303	13	3	4
31	303	11	3	3
431	303	11	3	4
113	303	13	3	5
204	303	4	3	5
656	303	16	3	4
181	303	1	3	1
570	303	10	3	5
819	303	19	3	4
889	303	9	3	3
611	303	11	3	3
343	303	3	3	4
427	303	7	3	5
707	303	7	3	3
201	303	1	3	2
934	303	14	3	4
171	303	11	3	4
750	303	10	3	4
179	303	19	3	1
405	303	5	3	1
47	303	7	3	4
334	303	14	3	4
489	303	9	3	4
416	303	16	3	4
547	303	7	3	3
543	303	3	3	4
537	303	17	3	4
854	303	14	3	3
139	303	19	3	5
587	303	7	3	4
451	303	11	3	2
428	303	8	3	3
173	303	13	3	5
211	303	11	3	3
840	303	0	3	5
845	303	5	3	1
485	303	5	3	4
942	303	2	3	4
701	303	1	3	4
29	303	9	3	4
743	303	3	3	5
79	303	19	3	4
860	303	0	3	3
770	303	10	3	4
409	303	9	3	4
393	303	13	3	4
186	303	6	3	3
673	303	13	3	5
460	303	0	3	3
354	303	14	3	5
309	303	9	3	2
315	303	15	3	4
758	303	18	3	4
641	303	1	3	3
608	303	8	3	4
533	303	13	3	4
235	303	15	3	4
926	303	6	3	3
90	303	10	3	4
149	303	9	3	4
721	303	1	3	3
296	303	16	3	4
176	303	16	3	3
747	303	7	3	5
87	303	7	3	3
430	303	10	3	4
683	303	3	3	3
473	303	13	3	4
503	303	3	3	5
717	303	17	3	4
592	303	12	3	5
568	303	8	3	4
345	303	5	3	4
229	303	9	3	1
579	303	19	3	3
615	303	15	3	5
220	303	0	3	4
219	303	19	3	4
613	303	13	3	4
937	303	17	3	4
574	303	14	3	3
784	303	4	3	4
284	303	4	3	5
13	303	13	3	4
40	303	0	3	4
273	303	13	3	4
818	303	18	3	5
486	303	6	3	4
828	303	8	3	4
126	303	6	3	3
299	303	19	3	3
392	303	12	3	4
144	303	4	3	4
276	303	16	3	4
15	303	15	3	3
842	303	2	3	5
360	303	0	3	3
136	303	16	3	4
567	303	7	3	3
322	303	2	3	3
344	303	4	3	4
863	303	3	3	1
112	303	12	3	4
676	303	16	3	4
851	303	11	3	4
3	303	3	3	3
129	303	9	3	3
866	303	6	3	4
410	303	10	3	3
116	303	16	3	3
475	303	15	3	1
616	303	16	3	4
306	303	6	3	3
448	303	8	3	4
710	303	10	3	4
539	303	19	3	5
100	323	0	3	3
796	323	16	3	2
494	323	14	3	3
598	323	18	3	4
677	323	17	3	4
644	323	4	3	4
587	323	7	3	4
550	323	10	3	5
424	323	4	3	5
378	323	18	3	3
256	323	16	3	5
834	323	14	3	2
841	323	1	3	3
351	323	11	3	5
637	323	17	3	1
129	323	9	3	1
592	323	12	3	1
811	323	11	3	5
126	323	6	3	3
112	323	12	3	3
335	323	15	3	4
513	323	13	3	5
839	323	19	3	4
374	323	14	3	3
250	323	10	3	2
410	323	10	3	3
359	323	19	3	3
858	323	18	3	2
624	323	4	3	2
548	323	8	3	4
606	323	6	3	4
224	323	4	3	3
832	323	12	3	3
921	323	1	3	4
422	323	2	3	3
149	323	9	3	2
75	323	15	3	2
116	323	16	3	3
673	323	13	3	2
317	323	17	3	2
168	323	8	3	3
942	323	2	3	3
556	323	16	3	2
770	323	10	3	5
370	323	10	3	2
488	323	8	3	1
540	323	0	3	3
772	323	12	3	4
489	323	9	3	5
141	323	1	3	4
431	323	11	3	3
748	323	8	3	4
788	323	8	3	3
393	323	13	3	2
276	323	16	3	3
663	323	3	3	2
652	323	12	3	3
897	323	17	3	4
43	323	3	3	3
683	323	3	3	3
502	323	2	3	4
63	323	3	3	1
798	323	18	3	4
17	323	17	3	1
804	323	4	3	4
736	323	16	3	1
925	323	5	3	4
248	323	8	3	1
752	323	12	3	1
377	323	17	3	2
634	323	14	3	4
425	323	5	3	2
90	323	10	3	3
443	323	3	3	2
784	323	4	3	4
764	323	4	3	3
580	323	0	3	2
222	323	2	3	3
872	323	12	3	2
755	323	15	3	4
281	323	1	3	3
549	323	9	3	2
199	323	19	3	3
56	323	16	3	3
345	323	5	3	3
825	323	5	3	4
433	323	13	3	1
83	323	3	3	4
805	323	5	3	5
515	323	15	3	3
423	323	3	3	3
119	323	19	3	4
280	323	0	3	2
564	323	4	3	3
57	323	17	3	3
258	323	18	3	4
649	323	9	3	3
682	323	2	3	2
750	323	10	3	3
399	323	19	3	1
332	323	12	3	5
474	323	14	3	2
631	323	11	3	2
544	323	4	3	2
646	323	6	3	3
616	323	16	3	4
20	323	0	3	4
507	323	7	3	5
639	323	19	3	1
669	323	9	3	1
856	323	16	3	2
47	323	7	3	2
386	323	6	3	4
674	323	14	3	3
635	323	15	3	3
531	323	11	3	5
440	323	0	3	1
33	323	13	3	4
759	323	19	3	4
200	323	0	3	3
936	323	16	3	3
526	323	6	3	2
756	323	16	3	3
650	323	10	3	3
802	323	2	3	5
301	323	1	3	4
155	323	15	3	2
21	323	1	3	2
304	323	4	3	3
347	323	7	3	1
91	323	11	3	2
620	323	0	3	5
159	323	19	3	4
23	323	3	3	2
455	323	15	3	3
143	323	3	3	3
134	323	14	3	4
329	323	9	3	2
198	323	18	3	2
721	323	1	3	3
462	323	2	3	2
562	323	2	3	2
883	323	3	3	5
170	323	10	3	3
316	323	16	3	1
125	323	5	3	3
816	323	16	3	4
28	323	8	3	3
493	323	13	3	4
506	323	6	3	3
695	323	15	3	2
687	323	7	3	2
203	323	3	3	3
362	323	2	3	2
891	323	11	3	3
938	323	18	3	3
648	323	8	3	5
881	323	1	3	2
113	323	13	3	4
324	323	4	3	4
626	323	6	3	1
265	323	5	3	3
302	323	2	3	2
537	323	17	3	1
757	323	17	3	3
894	323	14	3	2
3	323	3	3	2
852	323	12	3	3
178	323	18	3	3
810	323	10	3	4
576	323	16	3	3
853	323	13	3	3
294	323	14	3	3
223	323	3	3	2
714	323	14	3	4
153	323	13	3	2
668	323	8	3	4
893	323	13	3	2
428	323	8	3	3
706	323	6	3	4
596	323	16	3	4
451	323	11	3	4
109	323	9	3	3
61	323	1	3	3
884	323	4	3	2
724	323	4	3	2
87	323	7	3	3
174	323	14	3	1
173	323	13	3	5
751	323	11	3	1
459	323	19	3	3
824	323	4	3	2
388	323	8	3	4
726	323	6	3	3
919	323	19	3	4
255	323	15	3	2
728	323	8	3	3
472	323	12	3	4
26	323	6	3	2
206	323	6	3	1
254	323	14	3	3
164	323	4	3	4
619	323	19	3	3
392	323	12	3	3
867	323	7	3	3
504	323	4	3	4
263	323	3	3	1
699	323	19	3	4
697	323	17	3	4
48	323	8	3	3
831	323	11	3	2
348	323	8	3	5
396	323	16	3	4
589	323	9	3	2
782	323	2	3	3
328	323	8	3	3
197	323	17	3	3
400	323	0	3	4
417	323	17	3	3
703	323	3	3	2
630	323	10	3	4
415	323	15	3	2
13	323	13	3	3
416	323	16	3	3
552	323	12	3	2
510	323	10	3	4
454	323	14	3	2
529	323	9	3	4
78	323	18	3	1
311	323	11	3	3
15	323	15	3	1
107	323	7	3	1
290	323	10	3	3
578	323	18	3	3
404	323	4	3	3
59	323	19	3	4
597	323	17	3	3
166	323	6	3	5
181	323	1	3	2
303	323	3	3	1
3	343	3	3	3
133	343	13	3	2
253	343	13	3	4
758	343	18	3	2
665	343	5	3	3
472	343	12	3	5
294	343	14	3	4
493	343	13	3	3
919	343	19	3	4
193	343	13	3	1
826	343	6	3	5
176	343	16	3	2
91	343	11	3	4
26	343	6	3	3
727	343	7	3	3
695	343	15	3	4
816	343	16	3	4
864	343	4	3	5
551	343	11	3	4
757	343	17	3	3
49	343	9	3	2
435	343	15	3	5
936	343	16	3	3
198	343	18	3	3
82	343	2	3	1
144	343	4	3	2
602	343	2	3	2
304	343	4	3	3
801	343	1	3	4
206	343	6	3	1
863	343	3	3	5
546	343	6	3	3
254	343	14	3	2
191	343	11	3	3
851	343	11	3	2
282	343	2	3	4
276	343	16	3	4
702	343	2	3	2
40	343	0	3	1
220	343	0	3	3
507	343	7	3	5
724	343	4	3	1
474	343	14	3	3
445	343	5	3	1
145	343	5	3	5
33	343	13	3	4
455	343	15	3	4
240	343	0	3	3
537	343	17	3	2
13	343	13	3	1
299	343	19	3	3
544	343	4	3	2
773	343	13	3	1
511	343	11	3	3
409	343	9	3	3
414	343	14	3	2
894	343	14	3	2
580	343	0	3	5
521	343	1	3	3
711	343	11	3	3
827	343	7	3	4
805	343	5	3	5
529	343	9	3	3
755	343	15	3	3
898	343	18	3	3
476	343	16	3	4
782	343	2	3	2
443	343	3	3	5
339	343	19	3	3
166	343	6	3	4
425	343	5	3	3
775	343	15	3	4
489	343	9	3	5
353	343	13	3	2
76	343	16	3	3
806	343	6	3	3
587	343	7	3	4
484	343	4	3	2
561	343	1	3	4
248	343	8	3	4
177	343	17	3	3
127	343	7	3	5
400	343	0	3	4
502	343	2	3	5
384	343	4	3	3
94	343	14	3	4
940	343	0	3	2
241	343	1	3	2
540	343	0	3	4
697	343	17	3	4
509	343	9	3	3
417	343	17	3	2
130	343	10	3	4
578	343	18	3	2
116	343	16	3	2
526	343	6	3	3
328	343	8	3	3
351	343	11	3	3
105	343	5	3	2
854	343	14	3	3
404	343	4	3	1
834	343	14	3	4
399	343	19	3	2
548	343	8	3	4
70	343	10	3	4
616	343	16	3	4
592	343	12	3	3
397	343	17	3	2
395	343	15	3	5
598	343	18	3	2
820	343	0	3	4
292	343	12	3	2
255	343	15	3	2
938	343	18	3	4
783	343	3	3	5
738	343	18	3	3
557	343	17	3	4
394	343	14	3	3
896	343	16	3	1
913	343	13	3	1
29	343	9	3	3
428	343	8	3	2
717	343	17	3	4
710	343	10	3	3
792	363	12	3	3
190	363	10	3	2
301	363	1	3	4
497	363	17	3	2
705	363	5	3	2
872	363	12	3	4
145	363	5	3	4
178	363	18	3	3
200	363	0	3	3
551	363	11	3	4
851	363	11	3	4
222	363	2	3	2
289	363	9	3	3
92	363	12	3	3
279	363	19	3	5
37	363	17	3	3
303	363	3	3	1
880	363	0	3	4
655	363	15	3	3
727	363	7	3	3
817	363	17	3	3
788	363	8	3	2
393	363	13	3	3
374	363	14	3	3
682	363	2	3	2
825	363	5	3	4
650	363	10	3	2
13	363	13	3	3
256	363	16	3	3
804	363	4	3	4
425	363	5	3	1
294	363	14	3	1
637	363	17	3	2
663	363	3	3	2
5	363	5	3	3
346	363	6	3	3
622	363	2	3	4
268	363	8	3	1
130	363	10	3	3
709	363	9	3	3
181	363	1	3	1
99	363	19	3	4
102	363	2	3	2
347	363	7	3	1
506	363	6	3	3
217	363	17	3	1
619	363	19	3	2
339	383	19	3	1
92	383	12	3	1
399	383	19	3	2
911	383	11	3	3
336	383	16	3	1
325	383	5	3	1
276	383	16	3	2
5	383	5	3	3
328	383	8	3	3
56	383	16	3	2
11	383	11	3	2
756	383	16	3	3
244	383	4	3	3
500	383	0	3	3
805	383	5	3	2
174	383	14	3	1
194	383	14	3	1
394	383	14	3	2
880	383	0	3	3
885	383	5	3	2
450	383	10	3	2
405	383	5	3	1
70	383	10	3	2
291	383	11	3	2
385	383	5	3	1
379	383	19	3	2
621	383	1	3	2
38	383	18	3	2
642	383	2	3	5
125	383	5	3	2
389	383	9	3	2
804	403	4	3	3
307	403	7	3	3
5	403	5	3	3
622	403	2	3	4
805	403	5	3	4
193	403	13	3	3
844	403	4	3	3
774	403	14	3	2
373	403	13	3	3
773	403	13	3	2
660	403	0	3	3
886	403	6	3	4
883	403	3	3	5
429	403	9	3	4
394	403	14	3	4
18	403	18	3	3
561	403	1	3	3
747	403	7	3	5
756	403	16	3	2
536	403	16	3	3
256	403	16	3	4
588	403	8	3	3
267	403	7	3	4
600	403	0	3	3
668	403	8	3	4
343	403	3	3	4
59	403	19	3	5
210	403	10	3	4
56	403	16	3	4
94	403	14	3	3
8	403	8	3	4
453	403	13	3	4
64	403	4	3	4
326	403	6	3	3
398	403	18	3	4
393	403	13	3	3
798	403	18	3	4
216	403	16	3	3
268	403	8	3	4
22	403	2	3	5
653	403	13	3	2
901	403	1	3	2
330	403	10	3	5
506	403	6	3	4
197	403	17	3	3
38	403	18	3	1
625	403	5	3	3
346	403	6	3	3
643	403	3	3	3
42	403	2	3	3
224	403	4	3	4
642	403	2	3	4
645	403	5	3	3
37	403	17	3	5
682	403	2	3	3
619	403	19	3	5
279	403	19	3	1
280	403	0	3	3
788	403	8	3	3
815	403	15	3	4
334	403	14	3	4
222	403	2	3	3
514	403	14	3	3
162	403	2	3	3
711	403	11	3	4
269	403	9	3	1
532	403	12	3	4
276	403	16	3	4
387	403	7	3	3
566	403	6	3	3
846	403	6	3	3
318	403	18	3	2
378	403	18	3	4
807	403	7	3	4
325	403	5	3	2
741	403	1	3	5
843	403	3	3	2
790	403	10	3	4
693	403	13	3	2
7	403	7	3	4
521	403	1	3	4
627	403	7	3	2
95	403	15	3	1
864	403	4	3	5
201	403	1	3	3
184	403	4	3	3
543	403	3	3	4
647	403	7	3	4
122	403	2	3	4
771	403	11	3	4
766	403	6	3	3
221	403	1	3	4
927	403	7	3	4
286	403	6	3	5
327	403	7	3	3
177	403	17	3	5
638	403	18	3	3
43	403	3	3	4
545	403	5	3	5
922	403	2	3	3
721	403	1	3	4
425	403	5	3	4
385	403	5	3	3
457	403	17	3	4
405	403	5	3	5
551	403	11	3	3
934	403	14	3	4
943	403	3	3	4
533	403	13	3	3
746	403	6	3	4
504	403	4	3	3
563	403	3	3	4
295	403	15	3	4
254	403	14	3	3
347	403	7	3	5
399	403	19	3	3
407	403	7	3	4
363	403	3	3	3
144	403	4	3	3
99	403	19	3	4
381	403	1	3	3
890	403	10	3	1
158	403	18	3	4
826	403	6	3	4
320	403	0	3	4
301	403	1	3	4
795	403	15	3	3
880	403	0	3	3
194	403	14	3	2
586	403	6	3	4
868	403	8	3	2
290	403	10	3	2
345	403	5	3	3
234	403	14	3	1
478	403	18	3	2
293	403	13	3	3
487	403	7	3	4
709	403	9	3	3
92	403	12	3	4
796	403	16	3	4
495	403	15	3	5
524	403	4	3	4
339	403	19	3	3
806	403	6	3	4
49	403	9	3	3
781	403	1	3	4
892	403	12	3	3
650	403	10	3	3
889	403	9	3	3
291	403	11	3	4
618	403	18	3	4
13	403	13	3	2
833	403	13	3	1
72	403	12	3	3
417	403	17	3	4
757	403	17	3	4
311	403	11	3	4
60	403	0	3	3
450	403	10	3	4
110	403	10	3	3
308	403	8	3	4
62	403	2	3	4
416	403	16	3	5
738	403	18	3	3
379	403	19	3	4
648	403	8	3	4
655	403	15	3	2
87	403	7	3	3
303	403	3	3	5
830	403	10	3	4
881	403	1	3	3
435	403	15	3	4
442	403	2	3	4
705	403	5	3	4
130	403	10	3	5
198	403	18	3	4
727	403	7	3	4
249	403	9	3	4
70	403	10	3	4
456	403	16	3	2
497	403	17	3	3
577	403	17	3	4
246	403	6	3	4
374	403	14	3	2
933	403	13	3	3
541	403	1	3	3
479	403	19	3	3
848	403	8	3	4
217	403	17	3	5
466	403	6	3	3
749	403	9	3	4
305	403	5	3	2
328	403	8	3	3
899	403	19	3	3
313	403	13	3	3
180	403	0	3	3
109	403	9	3	5
102	403	2	3	3
30	403	10	3	2
896	403	16	3	1
472	403	12	3	5
823	423	3	3	5
276	423	16	3	5
397	423	17	3	5
648	423	8	3	4
72	423	12	3	5
370	423	10	3	4
554	423	14	3	4
503	423	3	3	5
23	423	3	3	3
374	423	14	3	3
804	423	4	3	3
326	423	6	3	3
311	423	11	3	5
394	423	14	3	5
230	423	10	3	5
727	423	7	3	3
221	423	1	3	2
508	423	8	3	5
653	423	13	3	2
795	423	15	3	2
825	423	5	3	5
59	423	19	3	5
373	423	13	3	2
271	423	11	3	4
844	423	4	3	3
286	423	6	3	4
280	423	0	3	5
573	423	13	3	3
307	423	7	3	5
122	423	2	3	4
44	423	4	3	4
741	423	1	3	3
497	423	17	3	3
354	423	14	3	4
682	423	2	3	5
693	423	13	3	3
666	423	6	3	3
96	423	16	3	5
95	423	15	3	5
268	423	8	3	2
843	423	3	3	2
291	423	11	3	4
788	423	8	3	5
560	423	0	3	4
327	423	7	3	3
216	423	16	3	4
5	423	5	3	4
210	423	10	3	5
64	423	4	3	4
798	423	18	3	3
807	423	7	3	5
334	423	14	3	5
584	423	4	3	4
901	423	1	3	4
450	423	10	3	5
56	423	16	3	5
297	423	17	3	3
553	423	13	3	3
269	423	9	3	4
846	423	6	3	4
330	423	10	3	5
436	423	16	3	4
224	423	4	3	4
778	423	18	3	1
711	423	11	3	3
654	423	14	3	4
457	423	17	3	5
899	423	19	3	4
864	423	4	3	5
385	423	5	3	2
514	423	14	3	5
465	423	5	3	3
292	423	12	3	5
262	423	2	3	4
566	423	6	3	2
200	423	0	3	5
902	423	2	3	4
313	423	13	3	4
911	423	11	3	4
85	423	5	3	4
187	423	7	3	4
620	423	0	3	5
756	423	16	3	3
537	423	17	3	2
347	423	7	3	4
835	423	15	3	4
314	423	14	3	4
16	423	16	3	5
329	423	9	3	4
524	423	4	3	4
505	423	5	3	4
346	423	6	3	4
49	423	9	3	2
487	423	7	3	4
929	423	9	3	4
452	423	12	3	5
236	423	16	3	5
712	423	12	3	3
916	423	16	3	3
608	423	8	3	4
28	423	8	3	2
363	423	3	3	3
606	423	6	3	5
237	423	17	3	4
890	423	10	3	5
246	423	6	3	3
694	423	14	3	5
222	423	2	3	4
215	423	15	3	5
889	423	9	3	4
592	423	12	3	5
536	423	16	3	4
343	423	3	3	5
504	423	4	3	4
308	423	8	3	5
301	423	1	3	1
454	423	14	3	4
545	423	5	3	4
456	423	16	3	3
738	423	18	3	4
48	423	8	3	4
913	423	13	3	3
577	423	17	3	4
521	423	1	3	3
734	423	14	3	4
867	423	7	3	3
389	423	9	3	5
339	423	19	3	3
660	423	0	3	3
299	423	19	3	3
180	423	0	3	4
254	423	14	3	5
848	423	8	3	4
642	423	2	3	3
627	423	7	3	3
882	423	2	3	5
275	423	15	3	4
774	423	14	3	1
719	423	19	3	3
698	423	18	3	2
144	423	4	3	5
484	423	4	3	5
293	423	13	3	3
65	423	5	3	5
716	423	16	3	4
643	423	3	3	4
700	423	0	3	4
130	423	10	3	5
746	423	6	3	3
479	423	19	3	2
919	423	19	3	5
92	423	12	3	3
18	423	18	3	5
290	423	10	3	5
109	423	9	3	4
796	423	16	3	4
617	423	17	3	1
387	423	7	3	3
659	423	19	3	4
868	423	8	3	2
295	423	15	3	4
533	423	13	3	5
780	423	0	3	5
618	423	18	3	5
437	423	17	3	5
328	423	8	3	4
561	423	1	3	2
189	423	9	3	5
38	423	18	3	5
887	423	7	3	2
234	423	14	3	4
655	423	15	3	3
267	423	7	3	3
416	423	16	3	4
233	423	13	3	4
625	423	5	3	4
62	423	2	3	3
551	423	11	3	1
622	423	2	3	3
380	423	0	3	3
305	423	5	3	4
610	423	10	3	4
567	423	7	3	2
840	423	0	3	5
11	423	11	3	5
506	423	6	3	5
943	423	3	3	3
395	423	15	3	5
303	423	3	3	4
371	423	11	3	5
766	423	6	3	3
80	423	0	3	3
429	423	9	3	4
661	423	1	3	4
493	423	13	3	2
538	423	18	3	4
586	423	6	3	2
263	423	3	3	5
110	423	10	3	4
435	423	15	3	2
749	423	9	3	4
194	423	14	3	3
665	423	5	3	4
679	423	19	3	3
117	423	17	3	4
211	423	11	3	5
7	423	7	3	5
87	423	7	3	3
60	423	0	3	4
43	423	3	3	4
407	423	7	3	4
152	423	12	3	5
243	423	3	3	3
472	423	12	3	5
912	423	12	3	5
854	423	14	3	4
97	423	17	3	5
862	423	2	3	4
393	423	13	3	3
178	423	18	3	4
892	423	12	3	5
498	423	18	3	3
223	423	3	3	3
184	423	4	3	4
709	423	9	3	3
650	423	10	3	3
272	423	12	3	4
399	423	19	3	3
527	423	7	3	3
342	423	2	3	4
757	423	17	3	3
340	423	0	3	4
174	423	14	3	2
541	423	1	3	3
880	423	0	3	5
639	423	19	3	2
881	423	1	3	4
908	423	8	3	4
417	423	17	3	4
91	423	11	3	5
128	423	8	3	4
198	423	18	3	3
705	423	5	3	2
474	423	14	3	5
897	423	17	3	5
632	423	12	3	4
212	423	12	3	4
468	423	8	3	4
588	423	8	3	3
455	423	15	3	5
232	423	12	3	4
458	423	18	3	2
615	423	15	3	5
747	423	7	3	5
6	423	6	3	3
421	423	1	3	2
94	423	14	3	4
20	423	0	3	2
360	423	0	3	4
528	423	8	3	1
885	423	5	3	4
875	423	15	3	5
42	423	2	3	5
785	423	5	3	2
896	423	16	3	3
83	423	3	3	4
542	423	2	3	4
185	423	5	3	5
495	423	15	3	5
805	423	5	3	1
398	423	18	3	5
934	423	14	3	3
298	423	18	3	5
13	423	13	3	5
201	423	1	3	4
318	423	18	3	5
786	423	6	3	5
453	423	13	3	4
629	423	9	3	5
41	423	1	3	2
151	423	11	3	4
90	423	10	3	5
568	423	8	3	4
886	423	6	3	3
593	423	13	3	4
543	423	3	3	3
202	423	2	3	3
535	423	15	3	5
249	423	9	3	4
815	423	15	3	5
70	423	10	3	5
405	423	5	3	5
378	423	18	3	4
207	423	7	3	4
942	423	2	3	5
633	423	13	3	4
721	423	1	3	5
182	423	2	3	5
500	423	0	3	3
621	423	1	3	4
500	443	0	3	4
530	443	10	3	4
766	443	6	3	3
642	443	2	3	2
234	443	14	3	3
13	443	13	3	4
378	443	18	3	4
56	443	16	3	4
435	443	15	3	3
393	443	13	3	3
788	443	8	3	4
254	443	14	3	3
188	443	8	3	4
367	443	7	3	4
194	443	14	3	3
796	443	16	3	2
450	443	10	3	4
366	443	6	3	5
504	443	4	3	3
18	443	18	3	3
802	443	2	3	4
749	443	9	3	4
707	443	7	3	3
498	443	18	3	3
561	443	1	3	4
912	443	12	3	4
193	443	13	3	4
406	443	6	3	4
804	443	4	3	5
236	443	16	3	4
407	443	7	3	3
943	443	3	3	2
85	443	5	3	4
890	443	10	3	4
381	443	1	3	5
263	443	3	3	5
255	443	15	3	1
536	443	16	3	3
326	443	6	3	5
421	443	1	3	5
666	443	6	3	4
425	443	5	3	2
870	443	10	3	3
601	443	1	3	4
102	443	2	3	3
94	443	14	3	4
659	443	19	3	5
370	443	10	3	5
840	443	0	3	5
798	443	18	3	3
325	443	5	3	4
932	443	12	3	4
90	443	10	3	4
533	443	13	3	3
130	443	10	3	5
313	443	13	3	5
334	443	14	3	3
457	443	17	3	4
543	443	3	3	4
303	443	3	3	4
271	443	11	3	3
371	443	11	3	4
716	443	16	3	4
693	443	13	3	2
262	443	2	3	3
5	443	5	3	4
437	443	17	3	4
508	443	8	3	4
429	443	9	3	4
887	443	7	3	4
864	443	4	3	4
380	443	0	3	4
843	443	3	3	4
21	443	1	3	4
59	443	19	3	5
661	443	1	3	4
592	443	12	3	5
115	443	15	3	4
276	443	16	3	4
548	443	8	3	4
145	443	5	3	3
385	443	5	3	3
503	443	3	3	5
135	443	15	3	4
918	443	18	3	3
270	443	10	3	3
747	443	7	3	5
881	443	1	3	5
308	443	8	3	3
363	443	3	3	4
151	443	11	3	5
416	443	16	3	5
815	443	15	3	3
608	443	8	3	5
200	443	0	3	5
256	443	16	3	3
833	443	13	3	3
297	443	17	3	2
60	443	0	3	4
42	443	2	3	3
690	443	10	3	3
496	443	16	3	2
848	443	8	3	5
345	443	5	3	5
903	443	3	3	5
524	443	4	3	4
338	443	18	3	5
537	443	17	3	3
588	443	8	3	3
480	443	0	3	4
16	443	16	3	5
328	443	8	3	4
671	443	11	3	3
562	443	2	3	5
375	443	15	3	4
456	443	16	3	4
201	443	1	3	3
472	443	12	3	4
264	443	4	3	5
169	443	9	3	4
897	443	17	3	5
293	443	13	3	4
377	443	17	3	4
655	443	15	3	4
62	443	2	3	3
577	443	17	3	4
330	443	10	3	4
814	443	14	3	3
374	443	14	3	5
312	443	12	3	4
604	443	4	3	3
311	443	11	3	3
44	443	4	3	5
95	443	15	3	3
215	443	15	3	4
452	443	12	3	5
805	443	5	3	5
648	443	8	3	2
776	443	16	3	3
901	443	1	3	3
72	443	12	3	3
7	443	7	3	5
211	443	11	3	1
184	443	4	3	3
28	443	8	3	4
301	443	1	3	4
911	443	11	3	4
405	443	5	3	4
379	443	19	3	4
566	443	6	3	4
361	443	1	3	3
618	443	18	3	4
643	443	3	3	4
846	443	6	3	4
230	443	10	3	4
239	443	19	3	5
210	443	10	3	4
617	443	17	3	4
506	443	6	3	4
372	443	12	3	4
682	443	2	3	3
650	443	10	3	5
10	463	10	3	4
588	463	8	3	4
883	463	3	3	3
592	463	12	3	4
316	463	16	3	5
537	463	17	3	3
106	463	6	3	3
308	463	8	3	4
7	463	7	3	4
151	463	11	3	5
354	463	14	3	4
899	463	19	3	4
393	463	13	3	4
25	463	5	3	4
344	463	4	3	4
95	463	15	3	5
312	463	12	3	5
484	463	4	3	4
861	463	1	3	3
52	463	12	3	5
13	463	13	3	5
23	463	3	3	4
172	463	12	3	4
92	463	12	3	4
374	463	14	3	1
585	463	5	3	5
387	463	7	3	4
406	463	6	3	5
454	463	14	3	2
307	463	7	3	5
711	463	11	3	5
828	463	8	3	2
321	463	1	3	3
293	463	13	3	4
62	463	2	3	4
343	463	3	3	4
642	463	2	3	3
479	463	19	3	4
213	463	13	3	5
58	463	18	3	3
64	463	4	3	4
846	463	6	3	5
798	463	18	3	3
878	463	18	3	2
506	463	6	3	3
235	463	15	3	4
675	463	15	3	5
234	463	14	3	4
840	463	0	3	5
499	463	19	3	5
629	463	9	3	4
18	463	18	3	4
6	463	6	3	4
543	463	3	3	3
894	463	14	3	4
503	463	3	3	1
276	463	16	3	4
160	463	0	3	4
239	463	19	3	5
854	463	14	3	3
877	463	17	3	4
884	463	4	3	5
474	463	14	3	5
416	463	16	3	4
392	463	12	3	3
380	463	0	3	4
142	463	2	3	3
455	463	15	3	4
437	463	17	3	5
747	463	7	3	3
405	463	5	3	1
417	483	17	3	5
639	483	19	3	5
95	483	15	3	3
354	483	14	3	4
553	483	13	3	5
94	483	14	3	5
96	483	16	3	5
207	483	7	3	5
214	483	14	3	4
514	483	14	3	4
58	483	18	3	5
303	483	3	3	5
160	483	0	3	5
415	483	15	3	5
840	483	0	3	5
325	483	5	3	5
539	483	19	3	5
321	483	1	3	5
538	483	18	3	5
18	483	18	3	4
886	483	6	3	4
899	483	19	3	4
128	483	8	3	5
80	483	0	3	5
389	483	9	3	5
295	483	15	3	5
932	483	12	3	5
643	483	3	3	4
911	483	11	3	3
194	483	14	3	4
567	483	7	3	5
239	483	19	3	5
380	483	0	3	4
749	483	9	3	4
381	483	1	3	5
62	483	2	3	4
870	483	10	3	5
711	483	11	3	5
660	483	0	3	4
138	483	18	3	5
645	483	5	3	5
608	483	8	3	4
429	483	9	3	5
233	483	13	3	5
263	483	3	3	5
716	483	16	3	5
82	483	2	3	5
188	483	8	3	5
744	483	4	3	4
496	483	16	3	4
933	483	13	3	4
493	483	13	3	5
698	483	18	3	3
454	483	14	3	3
342	483	2	3	4
916	483	16	3	5
492	483	12	3	2
889	483	9	3	4
767	483	7	3	5
391	483	11	3	3
85	483	5	3	5
912	483	12	3	5
9	483	9	3	5
305	483	5	3	5
322	483	2	3	5
406	483	6	3	4
650	483	10	3	5
268	483	8	3	5
301	483	1	3	4
734	483	14	3	4
189	483	9	3	5
913	483	13	3	3
158	483	18	3	5
292	483	12	3	5
776	483	16	3	5
343	483	3	3	5
890	483	10	3	5
536	483	16	3	4
48	483	8	3	5
907	483	7	3	4
848	483	8	3	5
290	483	10	3	5
846	483	6	3	5
498	483	18	3	3
452	483	12	3	5
236	483	16	3	5
312	483	12	3	5
293	483	13	3	5
326	483	6	3	5
605	483	5	3	5
867	483	7	3	5
821	483	1	3	5
665	483	5	3	4
796	483	16	3	5
409	483	9	3	4
437	483	17	3	5
561	483	1	3	4
747	483	7	3	5
237	483	17	3	5
235	483	15	3	5
632	483	12	3	5
152	483	12	3	5
659	483	19	3	4
781	483	1	3	5
618	483	18	3	5
892	483	12	3	5
172	483	12	3	3
607	483	7	3	4
606	483	6	3	5
908	483	8	3	4
479	483	19	3	4
6	483	6	3	5
374	483	14	3	3
397	483	17	3	5
184	483	4	3	5
201	483	1	3	3
215	483	15	3	4
200	483	0	3	5
60	483	0	3	5
178	483	18	3	4
294	483	14	3	4
655	483	15	3	4
694	483	14	3	5
758	483	18	3	5
169	483	9	3	3
625	483	5	3	5
676	483	16	3	4
500	483	0	3	4
748	483	8	3	4
77	483	17	3	4
575	483	15	3	3
929	483	9	3	4
679	483	19	3	5
601	483	1	3	4
407	483	7	3	4
91	483	11	3	4
623	483	3	3	5
7	483	7	3	4
763	483	3	3	4
183	483	3	3	5
385	483	5	3	4
537	483	17	3	4
766	483	6	3	3
329	483	9	3	4
307	483	7	3	5
833	483	13	3	4
562	483	2	3	4
566	483	6	3	4
175	483	15	3	5
707	483	7	3	5
524	483	4	3	4
161	483	1	3	3
401	483	1	3	4
316	483	16	3	4
588	483	8	3	4
328	483	8	3	5
339	483	19	3	5
308	483	8	3	3
234	483	14	3	5
299	483	19	3	5
896	483	16	3	3
114	483	14	3	4
350	483	10	3	5
727	483	7	3	4
669	483	9	3	3
13	483	13	3	5
393	483	13	3	4
710	483	10	3	5
311	483	11	3	4
90	483	10	3	5
123	483	3	3	4
804	483	4	3	5
499	483	19	3	5
902	483	2	3	4
610	483	10	3	5
210	483	10	3	5
594	483	14	3	3
334	483	14	3	5
338	483	18	3	4
269	483	9	3	4
788	483	8	3	5
745	483	5	3	1
458	483	18	3	5
383	483	3	3	5
533	483	13	3	4
125	483	5	3	4
450	483	10	3	3
286	483	6	3	5
641	483	1	3	5
670	483	10	3	5
249	483	9	3	5
815	483	15	3	5
664	483	4	3	4
70	483	10	3	5
213	483	13	3	5
56	483	16	3	4
532	483	12	3	5
253	483	13	3	5
862	483	2	3	5
753	483	13	3	5
806	483	6	3	4
480	483	0	3	3
456	483	16	3	4
296	483	16	3	5
313	483	13	3	5
59	483	19	3	5
592	483	12	3	5
10	483	10	3	5
900	483	0	3	4
447	483	7	3	5
402	483	2	3	5
666	483	6	3	5
398	483	18	3	5
530	483	10	3	3
333	483	13	3	4
864	483	4	3	5
535	483	15	3	5
23	483	3	3	4
298	483	18	3	5
807	483	7	3	5
360	483	0	3	5
232	483	12	3	5
267	483	7	3	5
272	483	12	3	5
426	483	6	3	5
934	483	14	3	3
469	483	9	3	5
488	483	8	3	3
474	483	14	3	5
583	483	3	3	5
684	483	4	3	5
854	483	14	3	4
648	483	8	3	5
457	483	17	3	5
897	483	17	3	3
151	483	11	3	5
280	483	0	3	4
568	483	8	3	5
560	483	0	3	5
851	483	11	3	4
881	483	1	3	4
693	483	13	3	3
751	483	11	3	5
385	503	5	3	3
59	503	19	3	4
6	503	6	3	3
807	503	7	3	3
655	503	15	3	3
293	503	13	3	4
298	503	18	3	4
189	503	9	3	3
194	503	14	3	4
7	503	7	3	4
326	503	6	3	3
234	503	14	3	2
312	503	12	3	5
503	503	3	3	3
313	503	13	3	5
301	503	1	3	3
151	503	11	3	3
766	503	6	3	3
870	503	10	3	4
406	503	6	3	3
389	503	9	3	3
823	503	3	3	5
506	503	6	3	4
788	503	8	3	4
561	503	1	3	4
436	503	16	3	4
318	503	18	3	4
716	503	16	3	3
474	503	14	3	4
339	503	19	3	4
504	503	4	3	4
932	503	12	3	4
299	503	19	3	4
450	503	10	3	4
840	503	0	3	4
328	503	8	3	3
64	503	4	3	4
868	503	8	3	3
331	503	11	3	4
474	523	14	3	5
325	523	5	3	3
385	523	5	3	4
85	523	5	3	4
13	523	13	3	4
781	523	1	3	5
296	523	16	3	4
298	523	18	3	4
615	523	15	3	5
523	523	3	3	3
488	523	8	3	3
890	523	10	3	4
87	523	7	3	5
275	523	15	3	4
653	523	13	3	4
161	523	1	3	3
655	523	15	3	3
848	523	8	3	5
308	523	8	3	4
409	523	9	3	4
138	523	18	3	5
522	523	2	3	5
693	523	13	3	4
638	523	18	3	4
328	523	8	3	5
660	523	0	3	3
187	523	7	3	3
804	523	4	3	5
363	523	3	3	3
144	523	4	3	5
835	523	15	3	3
48	523	8	3	5
208	523	8	3	4
870	523	10	3	5
370	523	10	3	3
591	523	11	3	4
524	523	4	3	4
450	523	10	3	5
184	523	4	3	4
627	523	7	3	4
933	523	13	3	4
7	523	7	3	4
437	523	17	3	3
883	523	3	3	5
215	523	15	3	4
645	523	5	3	5
292	523	12	3	4
704	523	4	3	5
77	523	17	3	5
605	523	5	3	5
360	523	0	3	3
492	523	12	3	4
379	523	19	3	4
459	523	19	3	4
479	523	19	3	4
42	523	2	3	5
200	523	0	3	4
60	523	0	3	4
561	523	1	3	4
339	523	19	3	5
692	523	12	3	3
398	523	18	3	4
696	523	16	3	5
559	523	19	3	4
553	523	13	3	4
44	523	4	3	4
516	523	16	3	3
916	523	16	3	3
567	523	7	3	3
406	523	6	3	3
833	523	13	3	3
568	523	8	3	3
233	523	13	3	4
430	523	10	3	4
132	523	12	3	4
154	523	14	3	5
699	523	19	3	2
528	523	8	3	4
556	523	16	3	5
290	523	10	3	3
301	523	1	3	4
777	523	17	3	4
84	523	4	3	4
903	523	3	3	5
342	523	2	3	4
315	523	15	3	4
311	523	11	3	5
932	523	12	3	4
875	523	15	3	4
532	523	12	3	5
864	523	4	3	4
892	523	12	3	5
901	523	1	3	4
774	523	14	3	2
123	523	3	3	3
690	523	10	3	4
694	523	14	3	4
924	523	4	3	5
271	523	11	3	4
930	523	10	3	2
650	523	10	3	3
807	523	7	3	3
495	523	15	3	5
506	523	6	3	5
18	523	18	3	4
327	523	7	3	4
666	523	6	3	4
151	523	11	3	5
623	523	3	3	4
194	523	14	3	5
542	523	2	3	4
14	523	14	3	4
56	523	16	3	4
455	523	15	3	4
405	523	5	3	2
836	523	16	3	5
189	523	9	3	4
452	523	12	3	2
22	523	2	3	5
210	523	10	3	4
746	523	6	3	3
632	523	12	3	3
276	523	16	3	4
830	523	10	3	4
669	523	9	3	4
338	523	18	3	3
59	523	19	3	4
82	523	2	3	5
749	523	9	3	4
579	523	19	3	3
313	523	13	3	5
253	523	13	3	4
236	523	16	3	2
897	523	17	3	5
98	523	18	3	5
235	523	15	3	5
326	523	6	3	4
343	523	3	3	5
95	523	15	3	4
629	523	9	3	3
371	523	11	3	4
912	523	12	3	4
766	523	6	3	3
876	523	16	3	5
234	523	14	3	4
885	523	5	3	3
269	523	9	3	5
232	523	12	3	4
6	523	6	3	5
889	523	9	3	4
321	523	1	3	3
846	523	6	3	4
263	523	3	3	5
456	523	16	3	4
815	523	15	3	4
90	523	10	3	4
573	523	13	3	4
648	523	8	3	3
788	523	8	3	4
753	523	13	3	4
881	523	1	3	4
537	523	17	3	3
566	523	6	3	4
776	523	16	3	4
406	543	6	3	4
115	543	15	3	2
263	543	3	3	5
504	543	4	3	4
522	543	2	3	4
399	543	19	3	3
84	543	4	3	5
7	543	7	3	3
807	543	7	3	2
585	543	5	3	3
655	543	15	3	3
835	543	15	3	5
537	543	17	3	5
527	543	7	3	4
405	543	5	3	1
83	543	3	3	2
90	543	10	3	3
312	543	12	3	5
299	543	19	3	5
378	543	18	3	4
541	543	1	3	4
648	563	8	3	5
13	563	13	3	1
798	563	18	3	2
7	563	7	3	2
367	563	7	3	4
774	563	14	3	1
379	563	19	3	2
864	563	4	3	3
326	563	6	3	3
617	563	17	3	1
291	563	11	3	3
21	563	1	3	2
405	563	5	3	1
422	563	2	3	3
843	563	3	3	2
504	563	4	3	3
650	563	10	3	3
545	563	5	3	3
270	563	10	3	3
653	563	13	3	1
417	563	17	3	2
802	563	2	3	3
925	563	5	3	2
620	563	0	3	5
145	563	5	3	3
406	563	6	3	1
387	563	7	3	2
276	563	16	3	3
201	563	1	3	1
870	583	10	3	2
405	583	5	3	1
59	583	19	3	5
94	583	14	3	3
49	583	9	3	4
450	583	10	3	4
303	583	3	3	1
795	583	15	3	4
327	583	7	3	2
524	583	4	3	4
375	583	15	3	2
343	583	3	3	4
933	583	13	3	3
682	583	2	3	2
158	583	18	3	3
276	583	16	3	3
387	583	7	3	4
256	583	16	3	5
224	583	4	3	1
270	583	10	3	5
268	583	8	3	4
551	583	11	3	3
916	583	16	3	4
671	583	11	3	3
600	583	0	3	3
389	583	9	3	2
293	583	13	3	3
437	583	17	3	1
201	583	1	3	1
790	583	10	3	2
249	583	9	3	4
16	583	16	3	4
429	583	9	3	3
92	583	12	3	3
425	583	5	3	3
7	583	7	3	2
308	583	8	3	4
361	603	1	3	5
661	603	1	3	3
472	603	12	3	5
899	603	19	3	4
556	603	16	3	5
145	603	5	3	5
225	603	5	3	5
293	603	13	3	5
118	603	18	3	4
72	603	12	3	4
497	603	17	3	3
561	603	1	3	4
13	603	13	3	4
798	603	18	3	3
551	603	11	3	5
18	603	18	3	3
452	603	12	3	4
932	603	12	3	5
738	603	18	3	5
82	603	2	3	5
437	603	17	3	5
739	603	19	3	4
218	603	18	3	4
172	603	12	3	3
60	603	0	3	5
387	603	7	3	4
567	603	7	3	5
454	603	14	3	4
686	603	6	3	5
235	603	15	3	3
308	603	8	3	5
97	603	17	3	4
543	603	3	3	5
270	603	10	3	5
840	603	0	3	5
16	603	16	3	5
464	603	4	3	5
76	603	16	3	3
480	603	0	3	4
836	603	16	3	5
64	603	4	3	3
643	603	3	3	5
116	603	16	3	3
322	603	2	3	5
669	603	9	3	5
670	603	10	3	5
350	603	10	3	5
896	603	16	3	4
278	603	18	3	5
10	603	10	3	5
751	603	11	3	4
864	603	4	3	4
409	603	9	3	5
239	603	19	3	5
846	603	6	3	5
548	603	8	3	5
465	603	5	3	4
805	603	5	3	4
734	603	14	3	4
276	603	16	3	5
42	603	2	3	4
450	603	10	3	5
201	603	1	3	4
625	603	5	3	4
48	603	8	3	4
536	603	16	3	4
474	603	14	3	5
506	603	6	3	5
249	603	9	3	5
303	603	3	3	5
575	603	15	3	5
847	603	7	3	3
407	603	7	3	4
908	603	8	3	4
405	603	5	3	3
338	603	18	3	5
698	603	18	3	4
494	603	14	3	3
848	603	8	3	5
91	603	11	3	5
135	603	15	3	4
731	603	11	3	5
623	603	3	3	4
796	603	16	3	4
648	603	8	3	5
421	603	1	3	4
815	603	15	3	3
897	603	17	3	5
568	603	8	3	5
468	603	8	3	5
608	603	8	3	5
843	603	3	3	2
334	603	14	3	5
189	603	9	3	5
354	603	14	3	5
232	603	12	3	4
264	603	4	3	5
169	603	9	3	5
659	603	19	3	5
704	603	4	3	5
707	603	7	3	3
14	603	14	3	4
321	603	1	3	5
716	603	16	3	5
398	603	18	3	4
747	603	7	3	5
890	603	10	3	5
429	603	9	3	4
883	603	3	3	4
532	603	12	3	5
426	603	6	3	5
854	603	14	3	4
389	603	9	3	5
537	603	17	3	4
373	603	13	3	4
911	603	11	3	5
94	603	14	3	4
271	603	11	3	4
327	603	7	3	4
298	603	18	3	5
128	603	8	3	5
650	603	10	3	4
913	603	13	3	4
326	603	6	3	4
658	603	18	3	4
666	603	6	3	4
376	603	16	3	4
7	603	7	3	4
831	603	11	3	5
880	603	0	3	5
592	603	12	3	5
375	603	15	3	4
138	603	18	3	4
694	603	14	3	4
401	603	1	3	4
870	603	10	3	5
533	603	13	3	4
237	603	17	3	5
370	603	10	3	5
292	603	12	3	5
28	603	8	3	3
745	603	5	3	4
330	603	10	3	5
776	603	16	3	4
535	603	15	3	4
363	603	3	3	4
758	603	18	3	5
339	603	19	3	5
749	603	9	3	5
420	603	0	3	4
889	603	9	3	4
867	603	7	3	5
710	603	10	3	4
655	603	15	3	4
214	603	14	3	4
59	603	19	3	5
663	603	3	3	4
804	603	4	3	5
416	603	16	3	5
90	603	10	3	5
294	603	14	3	5
445	603	5	3	3
613	603	13	3	5
299	603	19	3	3
748	603	8	3	5
862	603	2	3	5
509	603	9	3	4
234	603	14	3	4
904	603	4	3	4
213	603	13	3	5
385	603	5	3	5
315	603	15	3	5
51	603	11	3	3
23	603	3	3	4
744	603	4	3	5
660	603	0	3	4
151	603	11	3	5
435	603	15	3	3
160	603	0	3	4
691	603	11	3	5
233	603	13	3	4
383	603	3	3	5
524	603	4	3	3
875	603	15	3	4
379	603	19	3	5
456	603	16	3	5
44	603	4	3	4
391	603	11	3	5
527	603	7	3	4
469	603	9	3	5
579	603	19	3	5
498	603	18	3	4
503	603	3	3	3
553	603	13	3	5
591	603	11	3	5
269	603	9	3	5
58	603	18	3	5
921	603	1	3	3
167	603	7	3	4
539	603	19	3	4
11	603	11	3	4
756	603	16	3	5
411	603	11	3	5
664	603	4	3	5
313	603	13	3	5
297	603	17	3	5
780	603	0	3	2
458	603	18	3	4
312	603	12	3	5
234	623	14	3	2
642	623	2	3	4
222	623	2	3	2
712	623	12	3	4
880	623	0	3	4
815	623	15	3	3
174	623	14	3	3
221	623	1	3	3
705	623	5	3	5
7	623	7	3	3
505	623	5	3	3
541	623	1	3	3
886	623	6	3	1
314	623	14	3	5
927	623	7	3	3
620	623	0	3	4
901	623	1	3	4
682	623	2	3	3
778	623	18	3	1
864	623	4	3	3
588	623	8	3	3
311	623	11	3	2
601	623	1	3	1
83	623	3	3	4
405	623	5	3	1
788	623	8	3	3
328	623	8	3	3
56	623	16	3	3
95	623	15	3	3
796	623	16	3	3
378	623	18	3	3
194	623	14	3	1
504	623	4	3	3
798	623	18	3	3
457	623	17	3	3
393	623	13	3	3
846	623	6	3	1
233	623	13	3	3
577	623	17	3	5
358	643	18	3	3
7	643	7	3	4
405	643	5	3	1
914	643	14	3	4
499	663	19	3	5
296	663	16	3	5
847	663	7	3	2
385	663	5	3	4
429	663	9	3	4
338	663	18	3	5
860	663	0	3	3
196	663	16	3	5
934	663	14	3	5
650	663	10	3	4
334	663	14	3	5
450	663	10	3	4
102	663	2	3	3
279	663	19	3	3
409	663	9	3	4
494	663	14	3	5
848	663	8	3	5
378	663	18	3	3
506	663	6	3	4
846	663	6	3	4
577	663	17	3	5
452	663	12	3	2
707	663	7	3	4
889	663	9	3	3
360	663	0	3	4
405	663	5	3	2
13	663	13	3	5
194	663	14	3	4
218	663	18	3	3
878	663	18	3	5
870	663	10	3	3
83	663	3	3	5
406	663	6	3	5
371	663	11	3	5
583	663	3	3	4
543	663	3	3	4
271	663	11	3	4
208	663	8	3	5
327	663	7	3	4
864	663	4	3	4
426	663	6	3	4
648	663	8	3	1
59	663	19	3	4
383	663	3	3	5
64	663	4	3	3
836	663	16	3	5
481	663	1	3	4
498	663	18	3	4
92	663	12	3	4
899	663	19	3	4
398	663	18	3	2
18	663	18	3	4
401	663	1	3	1
747	663	7	3	5
313	663	13	3	5
892	663	12	3	5
14	663	14	3	5
339	663	19	3	5
234	663	14	3	4
537	663	17	3	3
189	663	9	3	3
666	663	6	3	4
890	663	10	3	4
749	663	9	3	4
344	663	4	3	5
850	663	10	3	2
379	663	19	3	3
886	663	6	3	4
698	663	18	3	1
523	663	3	3	5
474	663	14	3	4
458	663	18	3	4
690	663	10	3	4
417	663	17	3	3
881	663	1	3	5
766	663	6	3	5
326	663	6	3	1
640	663	0	3	5
280	663	0	3	4
239	663	19	3	5
389	663	9	3	4
312	663	12	3	5
10	663	10	3	3
524	663	4	3	2
840	663	0	3	4
716	663	16	3	5
643	663	3	3	4
533	663	13	3	5
342	663	2	3	4
392	663	12	3	4
833	663	13	3	3
376	663	16	3	3
387	663	7	3	4
660	663	0	3	2
11	663	11	3	4
694	663	14	3	4
58	663	18	3	2
908	663	8	3	3
343	663	3	3	5
305	663	5	3	3
151	663	11	3	4
308	663	8	3	5
187	663	7	3	3
380	663	0	3	4
97	663	17	3	5
7	663	7	3	5
148	663	8	3	5
437	663	17	3	5
804	663	4	3	5
85	663	5	3	5
269	663	9	3	4
932	663	12	3	4
125	663	5	3	3
293	663	13	3	3
321	663	1	3	2
664	663	4	3	4
169	683	9	3	3
73	683	13	3	2
408	683	8	3	3
181	683	1	3	1
13	683	13	3	1
424	683	4	3	3
683	683	3	3	3
697	683	17	3	1
940	683	0	3	3
441	683	1	3	2
502	683	2	3	3
91	683	11	3	3
729	683	9	3	2
620	683	0	3	3
30	683	10	3	3
548	683	8	3	4
362	683	2	3	1
750	683	10	3	1
682	683	2	3	2
592	683	12	3	1
264	683	4	3	2
286	683	6	3	5
724	683	4	3	1
290	683	10	3	2
615	683	15	3	1
702	683	2	3	1
206	683	6	3	1
86	683	6	3	5
26	683	6	3	3
7	683	7	3	4
489	683	9	3	2
47	683	7	3	3
651	683	11	3	3
699	683	19	3	3
313	683	13	3	3
437	683	17	3	2
898	683	18	3	3
752	683	12	3	4
317	683	17	3	2
145	683	5	3	3
803	683	3	3	1
451	683	11	3	1
22	683	2	3	1
95	683	15	3	4
863	683	3	3	1
646	683	6	3	3
393	683	13	3	4
404	683	4	3	4
782	683	2	3	1
286	703	6	3	2
537	703	17	3	3
151	703	11	3	4
934	703	14	3	4
883	703	3	3	3
90	703	10	3	3
271	703	11	3	3
10	703	10	3	5
707	703	7	3	4
378	703	18	3	4
763	703	3	3	5
343	703	3	3	4
786	703	6	3	3
185	703	5	3	4
270	703	10	3	4
405	703	5	3	2
798	703	18	3	4
106	703	6	3	4
94	703	14	3	3
760	723	0	3	2
846	723	6	3	2
655	723	15	3	3
328	723	8	3	3
593	723	13	3	4
416	723	16	3	4
405	723	5	3	1
588	723	8	3	2
11	723	11	3	5
224	723	4	3	2
342	723	2	3	3
504	723	4	3	4
537	723	17	3	2
62	723	2	3	2
174	723	14	3	5
378	723	18	3	3
642	723	2	3	4
128	723	8	3	3
311	723	11	3	4
269	723	9	3	1
222	723	2	3	3
682	723	2	3	1
450	723	10	3	3
707	723	7	3	3
788	723	8	3	3
711	723	11	3	5
94	723	14	3	3
249	723	9	3	4
244	723	4	3	3
280	723	0	3	5
716	723	16	3	4
436	723	16	3	3
618	723	18	3	3
417	723	17	3	5
244	743	4	3	5
757	743	17	3	2
478	743	18	3	1
865	743	5	3	1
456	743	16	3	2
472	743	12	3	4
181	743	1	3	1
276	743	16	3	1
255	743	15	3	1
92	743	12	3	2
268	743	8	3	1
425	743	5	3	4
434	743	14	3	1
145	743	5	3	1
11	743	11	3	2
807	743	7	3	3
435	743	15	3	3
545	743	5	3	3
521	743	1	3	1
715	743	15	3	2
301	743	1	3	2
346	743	6	3	2
601	743	1	3	1
374	743	14	3	1
67	743	7	3	4
417	743	17	3	2
764	743	4	3	1
200	743	0	3	3
774	743	14	3	1
497	743	17	3	3
117	743	17	3	1
648	743	8	3	1
314	743	14	3	1
496	743	16	3	2
130	743	10	3	2
246	743	6	3	1
294	743	14	3	2
483	743	3	3	1
295	743	15	3	4
117	763	17	3	5
592	763	12	3	5
534	763	14	3	4
125	763	5	3	3
708	763	8	3	4
181	763	1	3	1
152	763	12	3	5
518	763	18	3	1
599	763	19	3	5
286	763	6	3	2
128	763	8	3	4
323	763	3	3	4
99	763	19	3	5
872	763	12	3	3
493	763	13	3	4
697	763	17	3	4
768	763	8	3	2
903	763	3	3	5
68	763	8	3	1
577	763	17	3	3
943	763	3	3	4
130	763	10	3	5
210	763	10	3	2
892	763	12	3	2
453	763	13	3	4
66	763	6	3	4
207	763	7	3	3
711	763	11	3	1
624	763	4	3	3
449	763	9	3	2
330	763	10	3	5
897	763	17	3	3
692	763	12	3	3
566	763	6	3	4
634	763	14	3	3
521	763	1	3	4
921	763	1	3	3
45	763	5	3	2
276	763	16	3	3
497	763	17	3	3
109	763	9	3	2
291	763	11	3	4
880	763	0	3	3
790	763	10	3	3
847	763	7	3	1
92	763	12	3	3
690	763	10	3	4
182	763	2	3	3
927	763	7	3	4
917	763	17	3	3
632	763	12	3	3
160	763	0	3	4
436	763	16	3	4
445	763	5	3	2
684	763	4	3	2
94	763	14	3	3
101	763	1	3	3
271	763	11	3	3
20	763	0	3	1
57	763	17	3	5
881	763	1	3	3
601	763	1	3	5
434	763	14	3	5
593	763	13	3	3
663	763	3	3	5
597	763	17	3	4
837	763	17	3	1
621	763	1	3	4
648	763	8	3	2
879	763	19	3	5
221	763	1	3	4
542	763	2	3	4
432	763	12	3	5
115	763	15	3	2
301	763	1	3	4
674	763	14	3	5
859	763	19	3	4
606	763	6	3	5
399	763	19	3	2
198	763	18	3	3
930	763	10	3	3
870	763	10	3	4
145	763	5	3	4
393	763	13	3	5
595	763	15	3	3
456	763	16	3	4
923	763	3	3	4
304	763	4	3	4
318	763	18	3	3
374	763	14	3	3
689	763	9	3	4
216	763	16	3	4
865	763	5	3	1
804	763	4	3	4
429	763	9	3	4
347	763	7	3	5
342	763	2	3	3
69	763	9	3	3
269	763	9	3	1
178	763	18	3	4
336	763	16	3	3
324	763	4	3	5
168	763	8	3	2
941	763	1	3	3
222	763	2	3	3
13	763	13	3	1
907	763	7	3	5
478	763	18	3	5
889	763	9	3	4
223	763	3	3	3
332	763	12	3	5
916	763	16	3	3
389	763	9	3	1
938	763	18	3	4
279	763	19	3	3
320	763	0	3	4
174	763	14	3	1
714	763	14	3	4
24	763	4	3	5
244	763	4	3	4
576	763	16	3	3
586	763	6	3	4
513	763	13	3	3
394	763	14	3	3
887	763	7	3	5
435	763	15	3	5
541	763	1	3	3
682	763	2	3	4
618	763	18	3	2
62	763	2	3	1
472	763	12	3	4
582	763	2	3	2
79	763	19	3	5
653	763	13	3	1
665	763	5	3	4
896	763	16	3	2
551	763	11	3	5
821	763	1	3	3
532	763	12	3	5
193	763	13	3	3
314	763	14	3	5
500	763	0	3	3
749	763	9	3	1
622	763	2	3	4
416	763	16	3	5
726	763	6	3	2
255	763	15	3	5
303	763	3	3	4
933	763	13	3	3
642	783	2	3	4
741	783	1	3	3
621	783	1	3	3
94	783	14	3	2
886	783	6	3	1
457	783	17	3	3
487	783	7	3	4
269	783	9	3	1
13	783	13	3	3
83	783	3	3	4
314	783	14	3	3
727	783	7	3	3
256	783	16	3	4
311	783	11	3	3
291	783	11	3	2
417	783	17	3	3
450	783	10	3	3
880	783	0	3	1
393	783	13	3	3
276	783	16	3	1
682	783	2	3	2
178	783	18	3	4
87	783	7	3	4
194	783	14	3	2
222	783	2	3	2
110	783	10	3	3
92	783	12	3	3
405	783	5	3	2
796	783	16	3	4
712	783	12	3	3
868	783	8	3	1
303	783	3	3	2
747	783	7	3	1
416	783	16	3	3
152	783	12	3	4
588	783	8	3	4
497	783	17	3	3
158	803	18	3	3
201	803	1	3	2
378	803	18	3	3
13	803	13	3	3
416	803	16	3	3
276	803	16	3	2
487	803	7	3	2
886	803	6	3	2
655	803	15	3	3
933	823	13	3	2
825	823	5	3	4
94	823	14	3	3
174	823	14	3	4
577	823	17	3	3
294	823	14	3	3
445	823	5	3	1
517	823	17	3	2
425	823	5	3	3
374	823	14	3	1
417	823	17	3	2
406	823	6	3	3
534	823	14	3	4
634	823	14	3	3
486	823	6	3	4
854	823	14	3	2
145	823	5	3	3
227	823	7	3	2
45	823	5	3	4
447	823	7	3	3
487	823	7	3	1
716	823	16	3	3
906	823	6	3	3
201	823	1	3	3
181	823	1	3	2
50	823	10	3	3
141	823	1	3	3
13	823	13	3	5
923	823	3	3	4
396	823	16	3	2
190	823	10	3	2
313	823	13	3	3
276	823	16	3	3
393	823	13	3	3
533	823	13	3	4
330	823	10	3	3
653	823	13	3	2
503	823	3	3	2
423	823	3	3	3
450	823	10	3	3
793	823	13	3	3
343	823	3	3	3
58	823	18	3	1
749	823	9	3	3
650	823	10	3	3
158	823	18	3	2
178	823	18	3	2
709	823	9	3	3
54	823	14	3	2
198	823	18	3	2
880	823	0	3	3
458	823	18	3	3
349	823	9	3	4
269	823	9	3	3
59	823	19	3	5
938	823	18	3	4
109	823	9	3	3
119	823	19	3	3
268	823	8	3	2
328	823	8	3	3
279	823	19	3	3
851	823	11	3	3
592	823	12	3	1
339	823	19	3	3
788	823	8	3	3
102	823	2	3	3
291	823	11	3	3
271	823	11	3	3
682	823	2	3	2
92	823	12	3	4
722	823	2	3	3
862	823	2	3	4
15	823	15	3	2
644	823	4	3	4
524	823	4	3	4
195	823	15	3	4
84	823	4	3	3
104	823	4	3	1
655	823	15	3	2
484	823	4	3	4
144	823	4	3	3
164	823	4	3	4
174	843	14	3	2
293	843	13	3	3
749	843	9	3	3
13	843	13	3	5
405	843	5	3	2
295	843	15	3	4
429	843	9	3	1
478	843	18	3	5
313	843	13	3	3
712	843	12	3	3
95	843	15	3	4
705	843	5	3	2
650	843	10	3	2
308	843	8	3	3
276	843	16	3	4
416	843	16	3	3
393	843	13	3	3
868	843	8	3	1
234	843	14	3	2
437	843	17	3	4
642	843	2	3	3
890	843	10	3	3
269	843	9	3	3
807	843	7	3	2
379	843	19	3	4
254	843	14	3	2
279	843	19	3	4
495	843	15	3	3
541	843	1	3	4
373	843	13	3	3
189	863	9	3	4
212	863	12	3	2
523	863	3	3	4
452	863	12	3	5
358	863	18	3	5
13	863	13	3	4
639	863	19	3	4
585	863	5	3	5
234	863	14	3	5
354	863	14	3	3
559	863	19	3	5
480	863	0	3	4
308	863	8	3	3
883	863	3	3	3
707	863	7	3	4
655	863	15	3	3
916	863	16	3	3
18	863	18	3	3
321	863	1	3	3
305	863	5	3	4
312	863	12	3	5
894	863	14	3	5
90	863	10	3	4
932	863	12	3	4
451	883	11	3	1
446	883	6	3	3
13	883	13	3	3
696	883	16	3	4
574	883	14	3	4
36	883	16	3	5
286	883	6	3	5
181	883	1	3	1
894	883	14	3	3
486	883	6	3	3
871	883	11	3	3
489	883	9	3	2
440	883	0	3	5
206	903	6	3	2
695	903	15	3	4
116	903	16	3	2
656	903	16	3	2
828	903	8	3	4
13	903	13	3	3
284	903	4	3	4
90	903	10	3	4
328	903	8	3	3
655	903	15	3	3
863	903	3	3	3
845	903	5	3	4
894	903	14	3	4
345	903	5	3	3
112	903	12	3	1
707	903	7	3	3
519	903	19	3	5
129	903	9	3	2
409	923	9	3	5
603	923	3	3	4
658	923	18	3	3
440	923	0	3	5
235	923	15	3	4
406	923	6	3	3
14	923	14	3	5
198	923	18	3	3
239	923	19	3	5
316	923	16	3	5
234	923	14	3	4
278	923	18	3	5
305	923	5	3	5
924	923	4	3	5
833	923	13	3	5
707	923	7	3	5
639	923	19	3	4
201	923	1	3	3
296	923	16	3	5
537	923	17	3	3
591	923	11	3	4
828	923	8	3	3
884	923	4	3	3
389	923	9	3	5
94	923	14	3	5
747	923	7	3	5
90	923	10	3	5
450	923	10	3	5
806	923	6	3	3
878	923	18	3	3
233	923	13	3	4
492	923	12	3	5
85	923	5	3	4
71	923	11	3	5
655	923	15	3	3
875	923	15	3	5
370	923	10	3	4
262	923	2	3	4
918	923	18	3	4
58	923	18	3	5
535	923	15	3	4
469	923	9	3	5
711	923	11	3	5
106	923	6	3	4
405	923	5	3	2
417	923	17	3	3
894	923	14	3	5
474	923	14	3	4
626	923	6	3	5
565	923	5	3	4
585	923	5	3	5
73	923	13	3	3
380	923	0	3	3
911	923	11	3	4
745	923	5	3	3
269	923	9	3	4
18	923	18	3	5
568	923	8	3	3
201	943	1	3	3
833	943	13	3	4
16	943	16	3	3
145	943	5	3	3
442	943	2	3	4
881	943	1	3	4
343	943	3	3	4
435	943	15	3	3
889	943	9	3	3
682	943	2	3	3
291	943	11	3	4
870	943	10	3	2
267	943	7	3	4
216	943	16	3	5
943	943	3	3	5
658	943	18	3	3
162	943	2	3	4
303	943	3	3	2
347	943	7	3	4
417	943	17	3	3
916	943	16	3	4
387	943	7	3	4
270	943	10	3	5
474	943	14	3	4
250	943	10	3	4
305	943	5	3	2
551	943	11	3	5
405	943	5	3	1
276	943	16	3	4
524	943	4	3	3
94	943	14	3	3
456	943	16	3	4
497	943	17	3	4
468	943	8	3	3
221	943	1	3	4
425	943	5	3	4
886	943	6	3	3
293	943	13	3	2
135	943	15	3	3
561	943	1	3	3
654	963	14	3	4
744	963	4	3	5
474	963	14	3	5
343	963	3	3	5
592	963	12	3	5
537	963	17	3	3
59	963	19	3	5
92	963	12	3	5
788	963	8	3	4
875	963	15	3	4
271	963	11	3	5
575	963	15	3	1
144	963	4	3	4
177	963	17	3	4
453	963	13	3	4
305	963	5	3	4
99	963	19	3	3
374	963	14	3	5
360	963	0	3	5
296	963	16	3	5
538	963	18	3	4
535	963	15	3	5
539	963	19	3	4
655	963	15	3	3
503	963	3	3	5
391	963	11	3	5
330	963	10	3	5
417	963	17	3	4
456	963	16	3	4
666	963	6	3	3
934	963	14	3	5
908	963	8	3	4
913	963	13	3	4
230	963	10	3	5
234	963	14	3	3
18	963	18	3	5
606	963	6	3	5
645	963	5	3	4
527	963	7	3	4
447	963	7	3	5
468	963	8	3	5
374	983	14	3	2
181	983	1	3	2
145	983	5	3	1
21	983	1	3	2
332	983	12	3	2
699	983	19	3	3
328	983	8	3	3
314	983	14	3	4
851	983	11	3	2
449	983	9	3	2
756	983	16	3	2
186	983	6	3	3
630	983	10	3	3
788	983	8	3	3
435	983	15	3	2
234	1003	14	3	2
798	1003	18	3	3
49	1003	9	3	2
454	1003	14	3	2
747	1003	7	3	1
325	1003	5	3	3
22	1003	2	3	1
648	1003	8	3	4
749	1023	9	3	3
145	1023	5	3	1
782	1023	2	3	3
797	1023	17	3	3
708	1023	8	3	3
141	1023	1	3	4
303	1023	3	3	2
318	1023	18	3	2
894	1023	14	3	3
592	1023	12	3	1
109	1023	9	3	2
417	1023	17	3	4
92	1023	12	3	2
345	1023	5	3	2
207	1023	7	3	3
936	1023	16	3	2
630	1023	10	3	4
939	1023	19	3	4
653	1023	13	3	3
43	1023	3	3	3
159	1023	19	3	2
32	1023	12	3	3
692	1023	12	3	2
798	1023	18	3	3
595	1023	15	3	1
851	1023	11	3	3
672	1023	12	3	2
758	1023	18	3	4
642	1023	2	3	3
733	1023	13	3	1
880	1023	0	3	2
705	1043	5	3	5
798	1043	18	3	3
42	1043	2	3	2
83	1043	3	3	3
620	1043	0	3	4
405	1043	5	3	1
393	1043	13	3	3
712	1043	12	3	3
318	1063	18	3	3
64	1063	4	3	3
601	1063	1	3	3
506	1063	6	3	5
647	1063	7	3	3
698	1063	18	3	2
642	1063	2	3	3
234	1063	14	3	3
405	1063	5	3	5
496	1063	16	3	3
618	1063	18	3	3
835	1063	15	3	4
280	1063	0	3	3
655	1063	15	3	3
831	1063	11	3	4
354	1063	14	3	3
437	1063	17	3	5
274	1063	14	3	4
612	1063	12	3	5
48	1063	8	3	3
505	1063	5	3	3
887	1063	7	3	1
215	1063	15	3	5
535	1063	15	3	4
454	1063	14	3	4
58	1063	18	3	1
807	1063	7	3	4
798	1063	18	3	3
128	1063	8	3	2
201	1063	1	3	3
608	1063	8	3	5
790	1063	10	3	5
536	1063	16	3	5
393	1063	13	3	4
799	1063	19	3	4
848	1063	8	3	5
474	1063	14	3	5
378	1063	18	3	4
383	1063	3	3	5
82	1063	2	3	3
314	1063	14	3	5
276	1083	16	3	3
291	1083	11	3	3
49	1083	9	3	2
498	1083	18	3	3
372	1083	12	3	3
186	1083	6	3	1
537	1103	17	3	4
435	1103	15	3	4
269	1103	9	3	5
201	1103	1	3	3
498	1103	18	3	4
405	1103	5	3	2
342	1103	2	3	3
561	1103	1	3	4
327	1103	7	3	4
361	1103	1	3	4
264	1103	4	3	5
655	1103	15	3	3
249	1103	9	3	5
889	1103	9	3	2
875	1103	15	3	5
58	1103	18	3	5
385	1103	5	3	3
85	1103	5	3	3
299	1103	19	3	4
474	1123	14	3	4
234	1123	14	3	3
60	1123	0	3	4
851	1143	11	3	5
392	1143	12	3	4
782	1143	2	3	2
473	1143	13	3	4
387	1143	7	3	5
655	1143	15	3	3
227	1143	7	3	4
699	1143	19	3	3
69	1143	9	3	5
758	1143	18	3	5
833	1143	13	3	4
445	1143	5	3	4
592	1143	12	3	5
486	1143	6	3	3
385	1143	5	3	4
82	1163	2	3	2
463	1163	3	3	4
450	1163	10	3	3
707	1163	7	3	4
907	1163	7	3	4
224	1163	4	3	2
334	1163	14	3	4
500	1163	0	3	1
796	1163	16	3	3
342	1163	2	3	3
869	1163	9	3	2
181	1163	1	3	2
761	1163	1	3	2
711	1163	11	3	4
618	1163	18	3	2
391	1163	11	3	2
537	1163	17	3	1
825	1163	5	3	3
733	1163	13	3	2
274	1163	14	3	2
560	1163	0	3	3
936	1163	16	3	5
699	1163	19	3	5
639	1163	19	3	1
201	1163	1	3	1
790	1183	10	3	2
87	1183	7	3	3
254	1183	14	3	4
896	1183	16	3	2
495	1183	15	3	4
336	1183	16	3	1
393	1183	13	3	3
798	1183	18	3	1
417	1183	17	3	4
660	1183	0	3	1
194	1183	14	3	2
125	1183	5	3	2
442	1183	2	3	3
868	1183	8	3	1
632	1183	12	3	2
788	1183	8	3	2
653	1183	13	3	1
933	1183	13	3	3
608	1183	8	3	1
659	1203	19	3	4
934	1203	14	3	5
450	1203	10	3	3
225	1203	5	3	5
234	1203	14	3	4
747	1203	7	3	5
429	1203	9	3	4
239	1203	19	3	5
716	1203	16	3	2
90	1203	10	3	5
454	1203	14	3	2
766	1203	6	3	3
911	1203	11	3	4
406	1203	6	3	2
568	1203	8	3	5
389	1203	9	3	5
694	1203	14	3	4
312	1203	12	3	5
325	1203	5	3	5
151	1203	11	3	5
622	1203	2	3	3
94	1223	14	3	4
299	1223	19	3	3
160	1223	0	3	4
655	1223	15	3	3
611	1243	11	3	3
107	1243	7	3	3
863	1243	3	3	4
752	1243	12	3	4
260	1243	0	3	5
782	1243	2	3	3
489	1243	9	3	4
694	1263	14	3	3
334	1263	14	3	4
328	1263	8	3	3
647	1263	7	3	3
234	1263	14	3	3
407	1263	7	3	2
436	1263	16	3	3
450	1263	10	3	4
188	1263	8	3	3
254	1263	14	3	1
119	1263	19	3	3
495	1263	15	3	4
504	1263	4	3	4
314	1263	14	3	2
749	1263	9	3	2
887	1283	7	3	5
141	1283	1	3	3
157	1283	17	3	2
665	1283	5	3	3
938	1283	18	3	3
344	1283	4	3	2
207	1283	7	3	4
798	1283	18	3	4
654	1283	14	3	1
277	1283	17	3	2
684	1283	4	3	3
347	1283	7	3	1
301	1283	1	3	4
854	1283	14	3	2
145	1283	5	3	1
178	1283	18	3	3
758	1283	18	3	4
782	1283	2	3	2
649	1283	9	3	2
622	1303	2	3	2
497	1303	17	3	2
450	1303	10	3	4
886	1303	6	3	1
303	1303	3	3	3
864	1303	4	3	2
453	1303	13	3	2
682	1303	2	3	2
788	1303	8	3	3
291	1303	11	3	3
727	1303	7	3	2
671	1303	11	3	3
158	1303	18	3	3
796	1303	16	3	2
268	1303	8	3	1
217	1303	17	3	2
551	1303	11	3	1
896	1303	16	3	4
181	1323	1	3	1
585	1323	5	3	3
936	1323	16	3	4
181	1343	1	3	1
181	1363	1	3	1
887	1383	7	3	4
782	1383	2	3	3
181	1383	1	3	1
463	1383	3	3	2
452	1383	12	3	1
490	1383	10	3	1
655	1403	15	3	3
189	1403	9	3	4
452	1403	12	3	1
894	1403	14	3	3
896	1423	16	3	2
201	1423	1	3	3
405	1423	5	3	1
880	1423	0	3	3
225	1443	5	3	4
551	1443	11	3	5
429	1443	9	3	2
254	1443	14	3	4
845	1463	5	3	1
752	1463	12	3	4
234	1463	14	3	5
328	1483	8	3	4
276	1483	16	3	3
807	1483	7	3	4
683	1483	3	3	3
660	1483	0	3	3
532	1483	12	3	4
499	1483	19	3	1
603	1483	3	3	5
444	1483	4	3	2
587	1483	7	3	4
416	1483	16	3	4
676	1483	16	3	4
642	1503	2	3	2
286	1503	6	3	3
712	1503	12	3	4
314	1503	14	3	3
416	1503	16	3	4
731	1503	11	3	5
405	1503	5	3	1
620	1503	0	3	4
798	1503	18	3	3
295	1503	15	3	2
378	1523	18	3	2
325	1523	5	3	4
399	1543	19	3	3
405	1563	5	3	1
405	1583	5	3	1
450	1603	10	3	3
585	1623	5	3	4
592	1623	12	3	4
655	1623	15	3	4
655	1643	15	3	5
699	1643	19	3	3
782	1643	2	3	2
901	1643	1	3	5
782	1663	2	3	2
