524	6	4	6	5
758	6	18	6	2
409	6	9	6	4
924	6	4	6	4
936	6	16	6	5
76	6	16	6	5
568	6	8	6	3
537	6	17	6	2
90	6	10	6	4
870	6	10	6	4
655	6	15	6	4
590	6	10	6	5
486	6	6	6	4
806	6	6	6	2
63	6	3	6	3
198	6	18	6	2
773	6	13	6	3
662	6	2	6	5
9	6	9	6	5
707	6	7	6	3
1	6	1	6	5
71	6	11	6	3
79	6	19	6	4
828	6	8	6	1
181	6	1	6	1
18	6	18	6	5
763	26	3	6	4
95	26	15	6	3
344	26	4	6	3
503	26	3	6	2
303	26	3	6	4
911	26	11	6	4
823	26	3	6	5
343	26	3	6	3
318	26	18	6	5
533	26	13	6	3
327	26	7	6	3
833	26	13	6	1
707	26	7	6	3
393	26	13	6	3
194	26	14	6	3
846	26	6	6	4
442	26	2	6	3
682	26	2	6	3
666	26	6	6	3
514	26	14	6	3
293	26	13	6	3
655	26	15	6	3
399	26	19	6	2
1	26	1	6	3
861	26	1	6	3
401	26	1	6	3
437	26	17	6	2
889	26	9	6	4
450	26	10	6	5
474	26	14	6	4
43	26	3	6	5
224	26	4	6	3
478	26	18	6	5
796	26	16	6	2
18	26	18	6	4
591	26	11	6	3
336	26	16	6	5
342	26	2	6	2
406	26	6	6	3
436	26	16	6	3
429	26	9	6	3
593	26	13	6	4
883	26	3	6	3
686	26	6	6	5
90	26	10	6	4
361	26	1	6	3
551	26	11	6	4
758	26	18	6	4
537	26	17	6	3
391	26	11	6	5
476	26	16	6	4
615	26	15	6	4
894	26	14	6	4
128	26	8	6	4
860	26	0	6	3
828	26	8	6	3
201	26	1	6	4
532	26	12	6	3
89	26	9	6	3
345	26	5	6	3
138	26	18	6	5
627	26	7	6	3
299	26	19	6	4
712	26	12	6	2
222	26	2	6	3
243	26	3	6	3
270	26	10	6	5
244	26	4	6	5
405	26	5	6	3
886	26	6	6	4
151	26	11	6	3
747	26	7	6	3
264	26	4	6	4
1	46	1	6	4
315	46	15	6	4
405	46	5	6	1
896	46	16	6	2
92	46	12	6	4
561	46	1	6	4
456	46	16	6	3
201	46	1	6	4
916	46	16	6	4
291	46	11	6	4
537	46	17	6	3
328	46	8	6	2
846	46	6	6	4
788	46	8	6	3
655	46	15	6	4
385	46	5	6	5
666	46	6	6	4
195	46	15	6	3
645	46	5	6	5
303	46	3	6	3
622	46	2	6	4
122	46	2	6	5
506	46	6	6	3
276	46	16	6	3
387	46	7	6	3
239	46	19	6	4
903	46	3	6	4
505	66	5	6	4
18	66	18	6	3
579	66	19	6	4
840	66	0	6	3
65	66	5	6	3
882	66	2	6	4
318	66	18	6	4
236	66	16	6	2
235	66	15	6	2
130	66	10	6	5
476	66	16	6	3
682	66	2	6	3
291	66	11	6	4
711	66	11	6	4
152	66	12	6	5
883	66	3	6	3
846	66	6	6	4
244	66	4	6	4
16	66	16	6	4
796	66	16	6	5
886	66	6	6	3
655	66	15	6	2
144	66	4	6	4
330	66	10	6	5
374	66	14	6	3
758	66	18	6	3
532	66	12	6	5
286	66	6	6	4
83	66	3	6	4
650	66	10	6	3
479	66	19	6	3
290	66	10	6	4
246	66	6	6	3
698	66	18	6	3
151	66	11	6	4
320	66	0	6	4
436	66	16	6	5
901	66	1	6	5
188	66	8	6	3
719	66	19	6	3
749	66	9	6	3
196	66	16	6	3
610	66	10	6	3
389	66	9	6	3
864	66	4	6	3
398	66	18	6	4
145	66	5	6	4
921	66	1	6	5
94	66	14	6	2
208	66	8	6	4
741	66	1	6	3
378	66	18	6	3
184	66	4	6	4
293	66	13	6	2
99	66	19	6	3
899	66	19	6	4
222	66	2	6	4
523	66	3	6	4
934	66	14	6	4
940	66	0	6	4
174	66	14	6	5
870	66	10	6	4
562	66	2	6	1
454	66	14	6	4
234	66	14	6	3
690	66	10	6	3
13	66	13	6	3
457	66	17	6	4
178	66	18	6	4
916	66	16	6	3
269	66	9	6	1
897	66	17	6	3
659	66	19	6	4
354	66	14	6	2
692	66	12	6	2
270	66	10	6	4
640	66	0	6	4
340	66	0	6	5
878	66	18	6	3
666	66	6	6	4
404	66	4	6	4
280	66	0	6	5
429	66	9	6	2
543	66	3	6	3
541	66	1	6	4
314	66	14	6	5
671	66	11	6	5
591	66	11	6	2
504	66	4	6	4
648	66	8	6	5
363	66	3	6	4
327	66	7	6	3
5	66	5	6	1
731	66	11	6	4
345	66	5	6	3
56	66	16	6	3
311	66	11	6	4
128	66	8	6	3
276	66	16	6	3
524	66	4	6	3
405	66	5	6	5
308	66	8	6	4
618	66	18	6	4
89	66	9	6	3
279	66	19	6	2
684	66	4	6	4
472	66	12	6	5
623	66	3	6	4
847	66	7	6	3
450	66	10	6	4
786	66	6	6	4
92	66	12	6	3
301	66	1	6	4
305	66	5	6	3
43	66	3	6	4
87	66	7	6	5
760	66	0	6	2
639	66	19	6	3
262	66	2	6	3
216	66	16	6	2
417	66	17	6	3
361	66	1	6	4
416	66	16	6	5
904	66	4	6	4
497	66	17	6	3
474	66	14	6	4
798	66	18	6	3
727	66	7	6	3
333	66	13	6	5
593	66	13	6	5
256	66	16	6	4
503	66	3	6	3
373	66	13	6	4
371	66	11	6	4
756	66	16	6	4
622	66	2	6	3
102	66	2	6	3
643	66	3	6	3
481	66	1	6	3
712	66	12	6	5
642	66	2	6	5
823	66	3	6	4
194	66	14	6	3
437	66	17	6	3
393	66	13	6	3
554	66	14	6	3
313	66	13	6	1
1	66	1	6	4
399	66	19	6	3
551	66	11	6	2
533	66	13	6	4
343	66	3	6	3
487	66	7	6	5
452	66	12	6	4
477	66	17	6	5
336	66	16	6	3
125	66	5	6	5
654	66	14	6	4
42	66	2	6	4
588	66	8	6	3
790	66	10	6	3
506	66	6	6	4
440	86	0	6	5
889	86	9	6	4
62	86	2	6	2
151	86	11	6	5
658	86	18	6	4
566	86	6	6	4
561	86	1	6	4
450	86	10	6	4
361	86	1	6	4
771	86	11	6	5
796	86	16	6	5
884	86	4	6	3
327	86	7	6	4
354	86	14	6	5
184	86	4	6	5
429	86	9	6	5
492	86	12	6	3
295	86	15	6	5
627	86	7	6	3
456	86	16	6	2
406	86	6	6	4
90	86	10	6	5
452	86	12	6	4
270	86	10	6	4
156	86	16	6	4
536	86	16	6	3
80	86	0	6	5
554	86	14	6	4
257	86	17	6	4
591	86	11	6	5
128	86	8	6	5
682	86	2	6	2
786	86	6	6	4
615	86	15	6	5
815	86	15	6	5
420	86	0	6	5
829	86	9	6	4
25	86	5	6	4
208	86	8	6	2
909	86	9	6	5
458	86	18	6	5
343	86	3	6	5
243	86	3	6	5
244	86	4	6	4
416	86	16	6	1
934	86	14	6	3
565	86	5	6	5
846	86	6	6	5
378	86	18	6	4
585	86	5	6	5
405	86	5	6	1
321	86	1	6	4
749	86	9	6	4
655	86	15	6	4
167	86	7	6	4
457	86	17	6	3
122	86	2	6	5
325	86	5	6	3
13	86	13	6	1
43	86	3	6	4
191	86	11	6	5
338	86	18	6	4
256	86	16	6	5
276	86	16	6	3
224	86	4	6	3
932	86	12	6	4
608	86	8	6	5
297	86	17	6	5
659	86	19	6	5
537	86	17	6	4
864	86	4	6	4
59	86	19	6	3
334	86	14	6	4
7	86	7	6	4
262	86	2	6	3
494	86	14	6	3
201	86	1	6	4
907	86	7	6	5
185	86	5	6	5
187	86	7	6	4
629	86	9	6	5
675	86	15	6	4
916	86	16	6	4
339	86	19	6	4
299	86	19	6	4
495	86	15	6	5
263	86	3	6	4
711	86	11	6	5
398	86	18	6	3
828	86	8	6	3
639	86	19	6	4
535	86	15	6	4
543	86	3	6	4
212	86	12	6	4
894	86	14	6	4
918	86	18	6	4
89	86	9	6	5
748	86	8	6	4
383	86	3	6	5
352	86	12	6	4
449	86	9	6	4
553	86	13	6	3
85	86	5	6	4
119	86	19	6	4
393	86	13	6	2
42	86	2	6	3
481	86	1	6	5
1	86	1	6	5
854	86	14	6	3
280	86	0	6	4
861	86	1	6	5
877	86	17	6	4
311	86	11	6	5
707	86	7	6	4
667	86	7	6	5
454	86	14	6	2
249	86	9	6	4
764	86	4	6	3
474	86	14	6	4
345	86	5	6	4
235	86	15	6	4
698	86	18	6	2
747	86	7	6	5
855	86	15	6	2
622	86	2	6	4
121	86	1	6	5
292	86	12	6	4
94	86	14	6	5
896	86	16	6	1
506	86	6	6	3
805	86	5	6	4
6	86	6	6	3
882	86	2	6	5
305	86	5	6	4
437	86	17	6	4
380	86	0	6	4
435	86	15	6	4
527	86	7	6	4
194	86	14	6	3
503	86	3	6	5
883	86	3	6	3
106	86	6	6	3
11	86	11	6	4
326	86	6	6	2
234	86	14	6	2
716	86	16	6	5
18	86	18	6	4
607	86	7	6	4
661	86	1	6	4
344	86	4	6	4
227	106	7	6	3
715	106	15	6	2
181	106	1	6	2
735	106	15	6	3
213	106	13	6	4
59	106	19	6	4
83	106	3	6	4
256	106	16	6	4
332	106	12	6	4
881	106	1	6	4
504	106	4	6	3
449	106	9	6	3
144	106	4	6	3
7	106	7	6	4
141	106	1	6	5
374	106	14	6	3
44	106	4	6	2
314	106	14	6	2
178	106	18	6	2
903	106	3	6	2
63	106	3	6	2
416	106	16	6	3
717	106	17	6	4
145	106	5	6	4
396	106	16	6	4
54	106	14	6	3
690	106	10	6	3
916	106	16	6	3
403	106	3	6	2
269	106	9	6	1
939	106	19	6	3
593	106	13	6	2
518	106	18	6	5
636	106	16	6	4
525	106	5	6	2
21	106	1	6	2
347	106	7	6	2
793	106	13	6	3
344	106	4	6	2
854	106	14	6	3
930	106	10	6	4
833	106	13	6	2
378	106	18	6	2
764	106	4	6	2
291	106	11	6	4
622	106	2	6	2
938	106	18	6	5
222	106	2	6	2
337	106	17	6	2
666	106	6	6	2
486	106	6	6	1
1	106	1	6	4
699	106	19	6	3
417	106	17	6	2
349	106	9	6	1
303	106	3	6	2
936	106	16	6	3
872	106	12	6	3
825	106	5	6	4
186	106	6	6	2
634	106	14	6	3
839	106	19	6	2
805	106	5	6	5
796	106	16	6	2
92	106	12	6	3
72	106	12	6	4
234	106	14	6	4
707	106	7	6	3
660	106	0	6	2
864	106	4	6	3
821	106	1	6	2
719	126	19	6	2
103	126	3	6	5
422	126	2	6	4
330	126	10	6	5
474	126	14	6	4
1	126	1	6	2
181	126	1	6	2
244	126	4	6	4
494	126	14	6	4
348	126	8	6	5
280	126	0	6	3
26	126	6	6	4
590	126	10	6	5
357	126	17	6	5
450	126	10	6	5
271	126	11	6	3
378	126	18	6	4
894	126	14	6	3
605	126	5	6	5
614	126	14	6	4
141	126	1	6	5
717	126	17	6	5
930	126	10	6	5
7	126	7	6	3
938	126	18	6	4
90	126	10	6	2
131	126	11	6	4
52	126	12	6	5
121	126	1	6	3
634	126	14	6	3
74	126	14	6	3
339	126	19	6	4
735	126	15	6	3
552	126	12	6	4
416	126	16	6	5
458	126	18	6	4
224	126	4	6	3
63	126	3	6	3
796	126	16	6	3
455	126	15	6	5
17	126	17	6	4
231	126	11	6	5
878	126	18	6	3
254	126	14	6	3
398	126	18	6	4
891	126	11	6	5
18	126	18	6	5
490	126	10	6	2
524	126	4	6	4
159	126	19	6	5
786	126	6	6	4
113	126	13	6	5
167	126	7	6	3
931	126	11	6	4
830	126	10	6	5
227	126	7	6	4
59	126	19	6	5
708	126	8	6	4
314	126	14	6	2
594	126	14	6	3
463	126	3	6	4
168	126	8	6	5
613	126	13	6	5
733	126	13	6	2
825	126	5	6	3
402	126	2	6	4
518	126	18	6	4
937	126	17	6	4
374	126	14	6	3
869	126	9	6	2
393	126	13	6	4
390	126	10	6	5
540	126	0	6	3
345	126	5	6	5
854	126	14	6	3
569	126	9	6	5
821	126	1	6	5
919	126	19	6	4
608	126	8	6	1
624	126	4	6	4
104	126	4	6	4
144	126	4	6	4
630	126	10	6	4
57	126	17	6	3
677	126	17	6	1
655	126	15	6	2
640	126	0	6	4
184	126	4	6	3
593	126	13	6	5
697	126	17	6	5
174	126	14	6	5
665	126	5	6	4
468	126	8	6	3
182	126	2	6	5
349	126	9	6	2
533	126	13	6	4
160	126	0	6	3
460	146	0	6	4
204	146	4	6	3
486	146	6	6	2
733	146	13	6	3
654	146	14	6	3
1	146	1	6	4
201	146	1	6	1
279	146	19	6	1
884	146	4	6	3
181	146	1	6	1
392	166	12	6	5
360	166	0	6	5
308	166	8	6	3
884	166	4	6	3
855	166	15	6	4
293	166	13	6	3
18	166	18	6	4
557	166	17	6	4
625	166	5	6	3
6	166	6	6	4
13	166	13	6	5
894	166	14	6	4
90	166	10	6	4
535	166	15	6	4
214	166	14	6	4
655	166	15	6	3
622	166	2	6	5
354	166	14	6	4
878	166	18	6	4
361	166	1	6	4
312	166	12	6	5
409	166	9	6	4
369	166	9	6	4
503	166	3	6	5
232	166	12	6	4
909	166	9	6	5
480	166	0	6	5
450	166	10	6	5
373	166	13	6	5
234	166	14	6	5
734	166	14	6	3
933	166	13	6	3
299	166	19	6	4
257	166	17	6	4
383	166	3	6	4
305	166	5	6	4
642	166	2	6	5
523	166	3	6	4
585	166	5	6	4
429	166	9	6	5
1	166	1	6	5
189	166	9	6	4
566	166	6	6	4
918	166	18	6	4
437	166	17	6	4
707	166	7	6	3
848	166	8	6	5
608	166	8	6	3
639	166	19	6	3
7	166	7	6	3
661	166	1	6	5
60	166	0	6	4
840	166	0	6	5
184	166	4	6	3
499	166	19	6	5
565	166	5	6	4
124	166	4	6	5
279	166	19	6	4
194	186	14	6	5
268	186	8	6	3
20	186	0	6	3
823	186	3	6	4
6	186	6	6	4
437	186	17	6	3
862	186	2	6	3
606	186	6	6	5
222	186	2	6	5
295	186	15	6	5
450	186	10	6	3
456	186	16	6	4
643	186	3	6	4
318	186	18	6	5
535	186	15	6	4
393	186	13	6	3
484	186	4	6	4
254	186	14	6	3
97	186	17	6	3
230	186	10	6	4
378	186	18	6	3
271	186	11	6	4
43	186	3	6	3
690	186	10	6	4
711	186	11	6	3
833	186	13	6	1
882	186	2	6	5
916	186	16	6	3
748	186	8	6	5
283	186	3	6	5
346	186	6	6	3
363	186	3	6	3
660	186	0	6	3
293	186	13	6	2
840	186	0	6	4
886	186	6	6	4
263	186	3	6	4
215	186	15	6	4
543	186	3	6	3
279	186	19	6	5
806	186	6	6	4
207	186	7	6	4
347	186	7	6	5
177	186	17	6	4
758	186	18	6	5
896	186	16	6	4
329	186	9	6	3
380	186	0	6	3
640	186	0	6	5
201	186	1	6	3
180	186	0	6	4
409	186	9	6	5
142	186	2	6	4
899	186	19	6	4
532	186	12	6	4
835	186	15	6	4
158	186	18	6	3
778	186	18	6	4
542	186	2	6	4
749	186	9	6	4
5	186	5	6	5
267	186	7	6	5
92	186	12	6	4
13	186	13	6	4
248	186	8	6	5
1	186	1	6	4
308	186	8	6	4
305	186	5	6	4
128	186	8	6	5
398	186	18	6	4
239	186	19	6	1
648	186	8	6	5
892	186	12	6	3
276	186	16	6	5
618	186	18	6	4
22	186	2	6	5
508	186	8	6	3
716	186	16	6	3
373	186	13	6	5
659	186	19	6	3
81	186	1	6	5
943	186	3	6	5
632	186	12	6	5
514	186	14	6	4
70	186	10	6	4
311	186	11	6	3
326	186	6	6	4
394	186	14	6	5
512	186	12	6	5
727	186	7	6	5
684	186	4	6	4
395	186	15	6	5
339	186	19	6	4
890	186	10	6	2
315	186	15	6	4
436	186	16	6	3
780	186	0	6	4
208	186	8	6	4
56	186	16	6	3
25	186	5	6	4
493	186	13	6	5
911	186	11	6	5
934	186	14	6	2
405	186	5	6	5
232	186	12	6	4
498	186	18	6	4
579	186	19	6	3
151	186	11	6	4
325	186	5	6	4
328	186	8	6	4
807	186	7	6	4
18	186	18	6	4
553	186	13	6	3
774	186	14	6	3
269	186	9	6	2
476	186	16	6	5
492	186	12	6	3
457	186	17	6	5
796	186	16	6	3
868	186	8	6	2
638	186	18	6	5
303	186	3	6	4
442	186	2	6	4
523	186	3	6	3
234	186	14	6	3
551	186	11	6	5
521	186	1	6	4
880	186	0	6	4
60	186	0	6	4
399	186	19	6	4
488	186	8	6	4
741	186	1	6	5
221	186	1	6	4
417	186	17	6	5
912	186	12	6	3
537	186	17	6	4
903	186	3	6	5
788	186	8	6	3
650	186	10	6	4
452	186	12	6	1
664	186	4	6	5
533	186	13	6	3
195	186	15	6	3
642	186	2	6	5
361	186	1	6	3
900	186	0	6	2
343	186	3	6	4
786	186	6	6	4
848	186	8	6	5
298	186	18	6	4
429	186	9	6	4
693	186	13	6	2
495	186	15	6	5
411	186	11	6	5
472	186	12	6	5
7	186	7	6	4
374	186	14	6	5
889	186	9	6	5
524	186	4	6	3
307	186	7	6	5
504	186	4	6	3
655	186	15	6	3
379	186	19	6	5
804	186	4	6	4
864	186	4	6	4
653	186	13	6	5
588	186	8	6	4
187	186	7	6	4
321	186	1	6	4
897	186	17	6	5
406	186	6	6	3
737	186	17	6	5
175	186	15	6	4
397	186	17	6	5
738	186	18	6	4
354	186	14	6	4
59	186	19	6	5
85	186	5	6	3
453	186	13	6	4
566	186	6	6	3
323	186	3	6	4
210	186	10	6	4
846	186	6	6	5
766	186	6	6	3
645	186	5	6	4
385	186	5	6	1
10	186	10	6	4
707	186	7	6	3
95	186	15	6	5
109	186	9	6	3
795	186	15	6	3
340	186	0	6	4
435	186	15	6	4
312	186	12	6	3
389	186	9	6	2
746	186	6	6	4
623	186	3	6	3
218	186	18	6	3
497	186	17	6	4
264	186	4	6	5
334	186	14	6	3
387	186	7	6	2
867	186	7	6	5
682	186	2	6	4
83	186	3	6	4
790	186	10	6	3
665	186	5	6	4
301	186	1	6	4
843	186	3	6	2
299	186	19	6	3
670	186	10	6	4
407	186	7	6	4
275	186	15	6	3
327	186	7	6	2
459	186	19	6	4
114	186	14	6	3
561	186	1	6	3
313	186	13	6	3
412	186	12	6	5
391	186	11	6	5
881	186	1	6	3
586	186	6	6	2
94	186	14	6	4
64	186	4	6	4
371	186	11	6	5
913	186	13	6	3
333	186	13	6	4
14	186	14	6	4
87	186	7	6	5
161	186	1	6	4
666	186	6	6	2
198	186	18	6	5
286	186	6	6	5
125	186	5	6	3
496	186	16	6	4
296	186	16	6	3
503	186	3	6	5
667	186	7	6	4
933	186	13	6	4
601	186	1	6	4
506	186	6	6	4
885	186	5	6	4
102	186	2	6	4
854	186	14	6	3
249	186	9	6	4
336	186	16	6	4
474	186	14	6	4
244	186	4	6	3
189	186	9	6	2
577	186	17	6	4
870	186	10	6	4
838	206	18	6	4
588	206	8	6	4
94	206	14	6	4
412	206	12	6	2
804	206	4	6	3
622	206	2	6	1
373	206	13	6	4
727	206	7	6	3
234	206	14	6	4
823	206	3	6	4
1	206	1	6	4
843	206	3	6	3
409	206	9	6	4
666	206	6	6	4
312	206	12	6	5
268	206	8	6	3
738	206	18	6	3
267	206	7	6	5
542	206	2	6	2
896	206	16	6	3
699	206	19	6	3
447	206	7	6	4
822	206	2	6	3
417	206	17	6	2
293	206	13	6	4
916	206	16	6	3
387	206	7	6	4
435	206	15	6	5
70	206	10	6	3
606	206	6	6	4
73	206	13	6	3
757	206	17	6	4
537	206	17	6	1
406	206	6	6	1
833	206	13	6	4
405	206	5	6	1
496	206	16	6	4
201	206	1	6	2
650	206	10	6	4
393	206	13	6	3
363	206	3	6	2
521	206	1	6	5
487	206	7	6	4
715	206	15	6	4
276	206	16	6	5
561	206	1	6	3
868	206	8	6	5
807	206	7	6	2
130	206	10	6	3
887	206	7	6	5
275	226	15	6	3
102	226	2	6	2
559	226	19	6	5
543	226	3	6	4
561	226	1	6	1
751	226	11	6	3
345	226	5	6	3
450	226	10	6	4
119	226	19	6	3
650	226	10	6	3
600	226	0	6	4
399	226	19	6	3
268	226	8	6	4
194	226	14	6	3
548	226	8	6	5
826	226	6	6	4
158	226	18	6	3
188	226	8	6	3
521	226	1	6	4
943	226	3	6	4
774	226	14	6	2
347	226	7	6	4
653	226	13	6	3
659	226	19	6	4
373	226	13	6	3
694	226	14	6	3
222	226	2	6	3
429	226	9	6	3
246	226	6	6	2
378	226	18	6	3
327	226	7	6	3
533	226	13	6	4
881	226	1	6	3
276	226	16	6	4
778	226	18	6	4
796	226	16	6	3
709	226	9	6	3
244	226	4	6	1
690	226	10	6	3
183	226	3	6	3
671	226	11	6	3
313	226	13	6	4
5	226	5	6	3
200	226	0	6	4
622	226	2	6	4
503	226	3	6	5
234	226	14	6	2
7	226	7	6	5
655	226	15	6	3
38	226	18	6	1
506	226	6	6	4
586	226	6	6	4
846	226	6	6	4
545	226	5	6	3
186	226	6	6	5
207	226	7	6	2
216	226	16	6	3
497	226	17	6	3
293	226	13	6	1
124	226	4	6	4
363	226	3	6	1
788	226	8	6	4
135	226	15	6	3
833	226	13	6	3
110	226	10	6	3
741	226	1	6	2
468	226	8	6	2
932	226	12	6	3
72	226	12	6	4
871	226	11	6	5
43	226	3	6	3
405	226	5	6	2
479	226	19	6	3
328	226	8	6	3
326	226	6	6	5
217	226	17	6	1
934	226	14	6	4
705	226	5	6	3
727	226	7	6	3
577	226	17	6	4
472	226	12	6	5
456	226	16	6	2
92	226	12	6	3
864	226	4	6	3
339	226	19	6	2
95	226	15	6	4
495	226	15	6	4
295	226	15	6	4
524	226	4	6	3
466	226	6	6	4
648	226	8	6	4
22	226	2	6	4
766	226	6	6	3
805	226	5	6	3
279	226	19	6	4
487	226	7	6	3
416	226	16	6	4
291	226	11	6	5
457	226	17	6	3
484	226	4	6	4
643	226	3	6	2
619	226	19	6	5
387	226	7	6	3
790	226	10	6	3
804	226	4	6	4
59	226	19	6	4
270	226	10	6	4
13	226	13	6	4
746	226	6	6	4
633	226	13	6	4
197	226	17	6	4
332	226	12	6	5
267	226	7	6	3
916	226	16	6	3
889	226	9	6	2
417	226	17	6	3
407	226	7	6	3
638	226	18	6	5
1	226	1	6	3
94	226	14	6	2
682	226	2	6	3
877	226	17	6	3
37	226	17	6	5
361	226	1	6	3
201	226	1	6	3
435	226	15	6	4
437	226	17	6	1
320	226	0	6	4
346	226	6	6	3
215	226	15	6	4
436	226	16	6	4
892	226	12	6	3
56	226	16	6	4
738	226	18	6	3
303	226	3	6	4
795	226	15	6	3
749	226	9	6	4
374	226	14	6	5
394	226	14	6	2
130	226	10	6	5
815	226	15	6	3
883	226	3	6	3
109	226	9	6	5
280	226	0	6	3
256	226	16	6	5
880	226	0	6	4
532	226	12	6	4
627	226	7	6	1
453	226	13	6	3
308	226	8	6	3
756	226	16	6	3
640	226	0	6	5
551	226	11	6	5
843	226	3	6	3
178	226	18	6	4
311	226	11	6	4
757	226	17	6	3
806	226	6	6	3
292	226	12	6	4
830	226	10	6	5
537	226	17	6	2
301	226	1	6	5
933	226	13	6	2
145	226	5	6	1
896	226	16	6	3
442	226	2	6	3
79	246	19	6	5
189	246	9	6	4
291	246	11	6	5
327	246	7	6	4
99	246	19	6	3
287	246	7	6	4
222	246	2	6	4
392	246	12	6	5
347	246	7	6	4
936	246	16	6	4
643	246	3	6	5
176	246	16	6	5
917	246	17	6	4
367	246	7	6	4
500	246	0	6	5
94	246	14	6	4
435	246	15	6	5
473	246	13	6	5
387	246	7	6	3
85	246	5	6	4
453	246	13	6	5
730	246	10	6	4
503	246	3	6	5
433	246	13	6	4
342	246	2	6	4
717	246	17	6	5
916	246	16	6	5
116	246	16	6	5
27	246	7	6	4
463	246	3	6	4
269	246	9	6	5
439	246	19	6	4
145	246	5	6	4
560	246	0	6	5
467	246	7	6	5
521	246	1	6	4
232	246	12	6	4
542	246	2	6	3
894	246	14	6	4
212	246	12	6	5
778	246	18	6	2
77	246	17	6	5
595	246	15	6	4
582	246	2	6	4
928	246	8	6	5
620	246	0	6	4
854	246	14	6	3
699	246	19	6	4
139	246	19	6	4
834	246	14	6	4
6	246	6	6	3
89	246	9	6	5
399	246	19	6	3
305	246	5	6	3
567	246	7	6	4
697	246	17	6	5
486	246	6	6	3
69	246	9	6	5
893	246	13	6	3
276	246	16	6	4
468	246	8	6	5
344	246	4	6	4
889	246	9	6	4
345	246	5	6	4
662	246	2	6	5
268	246	8	6	5
92	246	12	6	4
654	246	14	6	1
828	246	8	6	2
819	246	19	6	4
296	246	16	6	4
470	246	10	6	2
323	246	3	6	4
592	246	12	6	5
490	246	10	6	2
682	246	2	6	5
736	246	16	6	4
655	246	15	6	3
762	246	2	6	1
303	246	3	6	5
727	246	7	6	4
359	246	19	6	3
174	246	14	6	5
870	246	10	6	3
782	246	2	6	3
32	246	12	6	4
221	246	1	6	5
214	246	14	6	2
244	246	4	6	5
150	246	10	6	5
417	246	17	6	4
58	246	18	6	5
578	246	18	6	2
919	246	19	6	3
902	246	2	6	1
130	246	10	6	4
376	246	16	6	3
637	246	17	6	2
243	246	3	6	4
178	246	18	6	4
354	246	14	6	4
624	246	4	6	4
790	246	10	6	4
334	246	14	6	4
880	246	0	6	5
496	246	16	6	4
50	246	10	6	3
445	246	5	6	1
669	246	9	6	4
912	246	12	6	2
193	246	13	6	3
770	246	10	6	5
314	246	14	6	5
63	246	3	6	3
294	246	14	6	4
416	246	16	6	4
104	246	4	6	3
557	246	17	6	5
113	246	13	6	5
1	246	1	6	5
635	246	15	6	5
73	246	13	6	3
26	246	6	6	4
432	246	12	6	4
1	266	1	6	1
724	266	4	6	1
451	266	11	6	2
409	266	9	6	1
502	266	2	6	3
592	266	12	6	1
479	266	19	6	3
519	266	19	6	5
626	266	6	6	1
7	266	7	6	4
802	266	2	6	3
660	266	0	6	2
35	266	15	6	3
813	266	13	6	2
831	266	11	6	3
126	266	6	6	5
587	266	7	6	1
939	266	19	6	2
532	266	12	6	4
782	266	2	6	1
48	266	8	6	3
145	266	5	6	3
100	266	0	6	2
928	266	8	6	5
721	266	1	6	3
489	266	9	6	5
416	266	16	6	3
181	266	1	6	1
302	266	2	6	2
509	266	9	6	1
388	266	8	6	5
851	266	11	6	3
137	266	17	6	5
230	266	10	6	4
545	266	5	6	2
449	286	9	6	4
378	286	18	6	5
15	286	15	6	2
665	286	5	6	4
444	286	4	6	2
743	286	3	6	3
810	286	10	6	4
442	286	2	6	2
350	286	10	6	5
34	286	14	6	5
47	286	7	6	3
223	286	3	6	1
556	286	16	6	4
207	286	7	6	2
151	286	11	6	5
443	286	3	6	5
145	286	5	6	3
133	286	13	6	2
278	286	18	6	5
171	286	11	6	3
63	286	3	6	4
176	286	16	6	2
597	286	17	6	3
431	286	11	6	4
294	286	14	6	5
143	286	3	6	2
428	286	8	6	3
624	286	4	6	5
413	286	13	6	5
425	286	5	6	1
485	286	5	6	2
639	286	19	6	4
233	286	13	6	3
204	286	4	6	3
338	286	18	6	4
95	286	15	6	5
28	286	8	6	3
781	286	1	6	1
408	286	8	6	3
277	286	17	6	5
136	286	16	6	5
838	286	18	6	4
666	286	6	6	5
898	286	18	6	2
524	286	4	6	5
163	286	3	6	3
331	286	11	6	4
537	286	17	6	3
851	286	11	6	4
824	286	4	6	2
380	286	0	6	5
107	286	7	6	2
351	286	11	6	5
469	286	9	6	5
447	286	7	6	2
224	286	4	6	3
155	286	15	6	4
306	286	6	6	4
707	286	7	6	5
736	286	16	6	4
572	286	12	6	4
907	286	7	6	5
651	286	11	6	4
199	286	19	6	5
268	286	8	6	5
303	286	3	6	5
353	286	13	6	5
819	286	19	6	5
890	286	10	6	5
236	286	16	6	5
808	286	8	6	4
458	286	18	6	4
270	286	10	6	5
144	286	4	6	4
687	286	7	6	3
554	286	14	6	4
870	286	10	6	4
470	286	10	6	4
662	286	2	6	3
134	286	14	6	3
395	286	15	6	4
321	286	1	6	4
825	286	5	6	4
739	286	19	6	2
544	286	4	6	4
459	286	19	6	4
327	286	7	6	2
48	286	8	6	3
720	286	0	6	5
839	286	19	6	4
788	286	8	6	5
140	286	0	6	5
184	286	4	6	4
90	286	10	6	5
722	286	2	6	4
7	286	7	6	4
732	286	12	6	5
59	286	19	6	3
257	286	17	6	5
460	286	0	6	4
41	286	1	6	4
238	286	18	6	5
663	286	3	6	3
343	286	3	6	4
26	286	6	6	3
240	286	0	6	5
552	286	12	6	4
241	286	1	6	5
762	286	2	6	4
740	286	0	6	5
385	286	5	6	3
82	286	2	6	4
21	286	1	6	3
392	286	12	6	2
936	286	16	6	5
397	286	17	6	4
893	286	13	6	4
237	286	17	6	3
845	286	5	6	5
18	286	18	6	5
551	286	11	6	4
611	286	11	6	5
534	286	14	6	3
288	286	8	6	4
390	286	10	6	4
680	286	0	6	4
129	286	9	6	5
209	286	9	6	2
324	286	4	6	5
631	286	11	6	3
409	286	9	6	5
823	286	3	6	5
873	286	13	6	2
316	286	16	6	5
583	286	3	6	4
782	286	2	6	2
359	286	19	6	5
841	286	1	6	5
271	286	11	6	4
334	286	14	6	4
417	286	17	6	5
717	286	17	6	3
68	286	8	6	5
178	286	18	6	3
735	286	15	6	5
853	286	13	6	3
419	286	19	6	4
315	286	15	6	5
754	286	14	6	3
490	286	10	6	2
325	286	5	6	4
344	286	4	6	3
354	286	14	6	4
284	286	4	6	4
468	286	8	6	4
625	286	5	6	4
400	286	0	6	4
535	286	15	6	2
406	286	6	6	3
931	286	11	6	5
752	286	12	6	1
50	286	10	6	2
463	286	3	6	4
79	286	19	6	5
438	286	18	6	2
73	286	13	6	4
677	286	17	6	1
675	286	15	6	4
220	286	0	6	5
416	286	16	6	5
909	286	9	6	4
797	286	17	6	2
568	286	8	6	3
197	286	17	6	1
384	286	4	6	4
587	286	7	6	4
475	286	15	6	2
561	286	1	6	4
166	286	6	6	1
488	286	8	6	1
780	286	0	6	4
361	286	1	6	5
829	286	9	6	4
373	286	13	6	3
570	286	10	6	4
280	286	0	6	4
159	286	19	6	1
881	286	1	6	2
809	286	9	6	4
863	286	3	6	5
391	286	11	6	4
130	286	10	6	5
360	286	0	6	5
494	286	14	6	4
307	286	7	6	3
221	286	1	6	4
486	286	6	6	2
935	286	15	6	5
216	286	16	6	4
379	286	19	6	4
910	286	10	6	3
924	286	4	6	3
883	286	3	6	3
229	286	9	6	4
161	286	1	6	2
858	286	18	6	4
213	286	13	6	3
520	286	0	6	5
655	286	15	6	3
820	286	0	6	4
590	286	10	6	5
789	286	9	6	1
723	286	3	6	3
420	286	0	6	4
646	286	6	6	3
871	286	11	6	3
474	286	14	6	5
452	286	12	6	4
802	286	2	6	2
645	286	5	6	4
410	286	10	6	4
681	286	1	6	5
88	286	8	6	5
100	286	0	6	3
784	286	4	6	3
174	286	14	6	5
62	286	2	6	3
748	286	8	6	3
106	286	6	6	4
298	286	18	6	4
915	286	15	6	4
329	286	9	6	4
173	286	13	6	5
427	286	7	6	4
794	286	14	6	3
500	286	0	6	1
579	286	19	6	4
796	286	16	6	2
515	286	15	6	2
573	286	13	6	3
112	286	12	6	4
771	286	11	6	2
861	286	1	6	4
401	286	1	6	2
533	286	13	6	4
430	286	10	6	4
157	286	17	6	5
832	286	12	6	3
113	286	13	6	4
127	286	7	6	1
60	286	0	6	5
701	286	1	6	4
728	286	8	6	3
16	286	16	6	2
699	286	19	6	3
592	286	12	6	5
132	286	12	6	3
264	286	4	6	2
888	286	8	6	5
503	286	3	6	3
657	286	17	6	4
764	286	4	6	4
834	286	14	6	4
46	286	6	6	5
527	286	7	6	2
539	286	19	6	4
389	286	9	6	2
875	286	15	6	3
710	286	10	6	4
940	286	0	6	3
254	286	14	6	1
608	286	8	6	4
11	286	11	6	5
529	286	9	6	4
803	286	3	6	5
152	286	12	6	5
296	286	16	6	5
309	286	9	6	4
123	286	3	6	5
598	286	18	6	5
448	286	8	6	2
201	286	1	6	2
827	286	7	6	3
877	286	17	6	2
696	286	16	6	5
937	286	17	6	4
345	286	5	6	3
711	286	11	6	4
193	286	13	6	4
705	286	5	6	3
139	286	19	6	4
305	286	5	6	4
836	286	16	6	3
589	286	9	6	3
339	286	19	6	5
437	286	17	6	2
637	286	17	6	5
85	286	5	6	4
30	286	10	6	5
387	286	7	6	2
29	286	9	6	5
758	286	18	6	5
456	286	16	6	3
679	286	19	6	5
364	286	4	6	5
558	286	18	6	4
614	286	14	6	2
747	286	7	6	4
149	286	9	6	5
66	286	6	6	1
318	286	18	6	3
811	286	11	6	5
104	286	4	6	1
854	286	14	6	1
653	286	13	6	4
930	286	10	6	3
626	286	6	6	5
916	286	16	6	4
422	286	2	6	5
266	286	6	6	4
285	286	5	6	3
258	286	18	6	5
147	286	7	6	5
531	286	11	6	5
856	286	16	6	4
200	286	0	6	4
6	286	6	6	2
876	286	16	6	5
2	286	2	6	4
676	286	16	6	4
835	286	15	6	3
293	286	13	6	3
786	286	6	6	4
938	286	18	6	3
347	286	7	6	3
750	286	10	6	4
919	286	19	6	4
454	286	14	6	3
569	286	9	6	5
491	286	11	6	4
194	286	14	6	1
874	286	14	6	4
623	286	3	6	2
724	286	4	6	1
783	286	3	6	3
489	286	9	6	4
226	286	6	6	4
765	286	5	6	5
878	286	18	6	4
455	286	15	6	5
71	286	11	6	4
818	286	18	6	4
697	286	17	6	4
668	286	8	6	4
799	286	19	6	5
763	286	3	6	4
656	286	16	6	1
9	286	9	6	5
323	286	3	6	3
372	286	12	6	5
864	286	4	6	5
562	286	2	6	4
225	286	5	6	4
664	286	4	6	4
211	286	11	6	4
685	286	5	6	1
102	286	2	6	3
594	286	14	6	3
704	286	4	6	5
407	286	7	6	4
593	286	13	6	5
695	286	15	6	3
591	286	11	6	4
356	286	16	6	3
605	286	5	6	4
487	286	7	6	2
10	286	10	6	4
86	286	6	6	3
812	286	12	6	2
141	286	1	6	4
548	286	8	6	1
212	286	12	6	4
725	286	5	6	5
383	286	3	6	5
205	286	5	6	2
342	286	2	6	4
154	286	14	6	4
76	286	16	6	5
540	286	0	6	4
232	286	12	6	3
894	286	14	6	5
120	286	0	6	5
424	286	4	6	4
158	286	18	6	4
299	286	19	6	4
297	286	17	6	5
510	286	10	6	3
773	286	13	6	3
588	286	8	6	4
465	286	5	6	4
745	286	5	6	1
483	286	3	6	3
787	286	7	6	3
806	286	6	6	3
755	286	15	6	5
40	286	0	6	2
191	286	11	6	4
328	286	8	6	5
512	286	12	6	5
867	286	7	6	5
616	286	16	6	5
111	286	11	6	4
304	286	4	6	1
920	286	0	6	2
860	286	0	6	4
228	286	8	6	5
239	286	19	6	1
185	286	5	6	4
330	286	10	6	5
116	286	16	6	3
119	286	19	6	5
433	286	13	6	5
202	286	2	6	1
753	286	13	6	3
479	286	19	6	1
105	286	5	6	4
891	286	11	6	5
404	286	4	6	1
84	286	4	6	5
131	286	11	6	5
615	286	15	6	4
828	286	8	6	4
629	286	9	6	4
683	286	3	6	2
596	286	16	6	4
574	286	14	6	3
13	286	13	6	3
906	286	6	6	5
648	286	8	6	1
652	286	12	6	3
17	286	17	6	3
634	286	14	6	5
451	286	11	6	1
355	286	15	6	5
464	286	4	6	3
516	286	16	6	5
926	286	6	6	4
126	286	6	6	3
775	286	15	6	4
585	286	5	6	4
24	286	4	6	5
721	286	1	6	5
252	286	12	6	5
733	286	13	6	4
580	286	0	6	4
243	286	3	6	4
482	286	2	6	3
446	286	6	6	3
227	286	7	6	3
492	286	12	6	4
94	286	14	6	4
450	286	10	6	4
27	286	7	6	3
837	286	17	6	4
713	286	13	6	3
273	286	13	6	3
259	286	19	6	4
777	286	17	6	2
934	286	14	6	4
423	286	3	6	4
181	286	1	6	1
546	286	6	6	2
673	286	13	6	4
402	286	2	6	5
382	286	2	6	2
196	286	16	6	5
146	286	6	6	3
43	286	3	6	4
234	286	14	6	3
791	286	11	6	3
650	286	10	6	3
828	306	8	6	3
799	306	19	6	4
31	306	11	6	3
675	306	15	6	5
344	306	4	6	5
343	306	3	6	4
841	306	1	6	4
155	306	15	6	5
220	306	0	6	4
15	306	15	6	5
319	306	19	6	4
316	306	16	6	4
503	306	3	6	5
331	306	11	6	5
171	306	11	6	3
655	306	15	6	3
181	306	1	6	1
664	306	4	6	4
752	306	12	6	5
523	306	3	6	5
863	306	3	6	5
284	306	4	6	4
845	306	5	6	2
355	306	15	6	4
173	306	13	6	5
444	306	4	6	5
243	306	3	6	4
13	306	13	6	3
567	306	7	6	3
63	306	3	6	3
90	306	10	6	4
413	306	13	6	4
133	306	13	6	4
469	306	9	6	4
334	306	14	6	4
338	306	18	6	4
463	306	3	6	4
311	306	11	6	4
186	306	6	6	4
866	306	6	6	4
270	306	10	6	5
639	306	19	6	4
29	306	9	6	4
39	306	19	6	3
196	306	16	6	4
380	306	0	6	4
306	306	6	6	5
62	306	2	6	4
711	306	11	6	5
894	306	14	6	4
309	306	9	6	2
460	306	0	6	4
116	306	16	6	3
197	306	17	6	2
47	306	7	6	4
651	306	11	6	5
803	306	3	6	4
787	306	7	6	3
720	306	0	6	4
798	306	18	6	3
278	306	18	6	5
112	306	12	6	5
360	306	0	6	4
466	306	6	6	5
931	306	11	6	4
79	306	19	6	5
446	306	6	6	3
683	306	3	6	3
6	306	6	6	4
874	306	14	6	4
537	306	17	6	3
791	306	11	6	5
379	306	19	6	3
611	306	11	6	5
883	306	3	6	3
400	306	0	6	3
2	306	2	6	4
486	306	6	6	1
475	306	15	6	5
48	306	8	6	4
507	306	7	6	5
242	306	2	6	5
842	306	2	6	4
750	306	10	6	4
539	306	19	6	4
721	306	1	6	3
592	306	12	6	5
354	306	14	6	5
451	306	11	6	2
514	306	14	6	4
419	306	19	6	5
591	306	11	6	5
615	306	15	6	4
877	306	17	6	3
902	306	2	6	4
608	306	8	6	4
919	326	19	6	3
130	326	10	6	5
197	326	17	6	3
297	326	17	6	2
624	326	4	6	3
190	326	10	6	4
669	326	9	6	1
451	326	11	6	4
86	326	6	6	3
489	326	9	6	4
367	326	7	6	4
724	326	4	6	4
317	326	17	6	3
801	326	1	6	4
466	326	6	6	3
873	326	13	6	4
544	326	4	6	3
587	326	7	6	3
311	326	11	6	2
619	326	19	6	2
676	326	16	6	2
102	326	2	6	3
222	326	2	6	4
853	326	13	6	2
111	326	11	6	3
258	326	18	6	5
851	326	11	6	3
416	326	16	6	5
902	326	2	6	3
74	326	14	6	4
784	326	4	6	5
334	326	14	6	1
38	326	18	6	5
603	326	3	6	4
551	326	11	6	4
357	326	17	6	5
409	326	9	6	3
203	326	3	6	4
616	326	16	6	3
810	326	10	6	5
802	326	2	6	5
134	326	14	6	5
425	326	5	6	1
113	326	13	6	5
832	326	12	6	4
782	326	2	6	5
91	326	11	6	3
171	326	11	6	2
812	326	12	6	4
428	326	8	6	3
378	326	18	6	3
761	326	1	6	1
697	326	17	6	4
834	326	14	6	4
224	326	4	6	4
757	326	17	6	3
149	326	9	6	3
170	326	10	6	5
433	326	13	6	2
329	326	9	6	3
365	326	5	6	2
825	326	5	6	4
474	326	14	6	3
529	326	9	6	4
178	326	18	6	4
21	326	1	6	5
644	326	4	6	5
328	326	8	6	4
708	326	8	6	4
597	326	17	6	1
673	326	13	6	4
628	326	8	6	5
570	326	10	6	1
548	326	8	6	4
205	326	5	6	4
816	326	16	6	4
446	326	6	6	2
88	326	8	6	5
417	326	17	6	4
939	326	19	6	5
305	326	5	6	2
937	326	17	6	1
701	326	1	6	4
201	326	1	6	2
909	326	9	6	4
748	326	8	6	3
629	326	9	6	3
303	326	3	6	2
82	326	2	6	2
126	326	6	6	2
13	326	13	6	3
313	326	13	6	4
555	326	15	6	4
195	326	15	6	3
749	326	9	6	4
100	326	0	6	3
413	326	13	6	3
579	326	19	6	3
606	326	6	6	4
110	326	10	6	4
721	326	1	6	4
772	326	12	6	4
188	326	8	6	3
163	326	3	6	3
663	326	3	6	4
717	326	17	6	3
116	326	16	6	2
64	326	4	6	3
844	326	4	6	3
907	326	7	6	5
351	326	11	6	5
144	326	4	6	4
796	326	16	6	4
589	326	9	6	1
155	326	15	6	2
787	326	7	6	4
831	326	11	6	4
462	326	2	6	4
743	326	3	6	3
165	326	5	6	5
877	326	17	6	4
181	326	1	6	1
464	326	4	6	4
655	326	15	6	2
309	326	9	6	5
485	326	5	6	2
353	326	13	6	2
871	326	11	6	5
588	326	8	6	4
422	326	2	6	3
664	326	4	6	2
545	326	5	6	3
281	326	1	6	1
752	326	12	6	1
510	326	10	6	4
454	326	14	6	4
159	326	19	6	3
499	326	19	6	3
173	326	13	6	5
372	326	12	6	4
813	326	13	6	3
647	326	7	6	3
770	326	10	6	4
143	326	3	6	5
360	326	0	6	3
905	326	5	6	3
318	326	18	6	4
863	326	3	6	5
164	326	4	6	3
692	326	12	6	3
827	326	7	6	3
788	326	8	6	4
388	326	8	6	5
839	326	19	6	4
515	326	15	6	2
894	326	14	6	3
740	326	0	6	3
356	326	16	6	4
29	326	9	6	2
99	326	19	6	3
260	326	0	6	5
423	326	3	6	4
592	326	12	6	4
392	326	12	6	2
261	326	1	6	4
35	326	15	6	3
332	326	12	6	5
856	326	16	6	2
841	326	1	6	4
509	326	9	6	4
3	326	3	6	2
688	326	8	6	5
656	326	16	6	1
342	326	2	6	1
206	326	6	6	1
871	346	11	6	3
768	346	8	6	3
595	346	15	6	4
206	346	6	6	5
71	346	11	6	4
416	346	16	6	4
156	346	16	6	3
445	346	5	6	5
299	346	19	6	3
805	346	5	6	4
903	346	3	6	3
104	346	4	6	3
49	346	9	6	4
294	346	14	6	3
425	346	5	6	5
284	346	4	6	4
752	346	12	6	4
874	346	14	6	3
537	346	17	6	3
683	346	3	6	4
828	346	8	6	4
695	346	15	6	5
54	346	14	6	4
646	346	6	6	2
702	346	2	6	1
288	346	8	6	5
112	346	12	6	5
655	346	15	6	4
631	346	11	6	4
171	346	11	6	4
724	346	4	6	1
389	346	9	6	4
166	346	6	6	1
519	346	19	6	4
334	346	14	6	5
456	346	16	6	5
544	346	4	6	4
783	346	3	6	5
287	346	7	6	5
285	346	5	6	4
920	346	0	6	4
100	346	0	6	3
241	346	1	6	3
784	346	4	6	4
782	346	2	6	2
179	346	19	6	3
532	346	12	6	5
99	346	19	6	4
13	346	13	6	4
863	346	3	6	5
201	346	1	6	4
557	346	17	6	2
511	346	11	6	4
322	346	2	6	3
894	346	14	6	4
880	346	0	6	5
489	346	9	6	5
546	346	6	6	5
133	346	13	6	3
149	346	9	6	4
414	346	14	6	5
551	346	11	6	4
482	346	2	6	3
758	346	18	6	2
269	346	9	6	2
418	346	18	6	2
619	346	19	6	3
561	346	1	6	5
385	346	5	6	3
665	346	5	6	2
729	346	9	6	1
116	346	16	6	4
542	346	2	6	3
458	346	18	6	4
126	346	6	6	3
915	346	15	6	2
808	346	8	6	5
474	346	14	6	5
339	346	19	6	5
276	346	16	6	4
548	346	8	6	4
578	346	18	6	3
271	346	11	6	4
833	346	13	6	5
656	346	16	6	3
369	346	9	6	4
462	346	2	6	1
574	346	14	6	4
592	346	12	6	4
353	346	13	6	4
235	346	15	6	4
845	346	5	6	3
466	346	6	6	3
221	346	1	6	5
3	346	3	6	5
657	346	17	6	4
363	346	3	6	4
94	346	14	6	4
485	346	5	6	4
142	346	2	6	5
141	346	1	6	1
392	346	12	6	4
197	346	17	6	3
883	346	3	6	4
214	346	14	6	3
640	346	0	6	4
819	346	19	6	5
616	346	16	6	3
526	346	6	6	3
145	346	5	6	5
818	346	18	6	4
130	346	10	6	4
319	346	19	6	3
125	346	5	6	1
611	346	11	6	5
682	346	2	6	2
710	346	10	6	4
397	346	17	6	4
624	346	4	6	3
146	346	6	6	4
913	346	13	6	3
293	346	13	6	3
40	346	0	6	2
936	346	16	6	4
851	346	11	6	5
834	346	14	6	3
588	366	8	6	5
193	366	13	6	4
435	366	15	6	2
222	366	2	6	4
276	366	16	6	3
314	366	14	6	4
303	366	3	6	3
472	366	12	6	4
551	366	11	6	5
593	366	13	6	4
60	366	0	6	4
416	366	16	6	4
291	366	11	6	3
450	366	10	6	3
194	366	14	6	2
311	366	11	6	5
642	366	2	6	4
749	366	9	6	4
682	366	2	6	4
916	366	16	6	3
804	366	4	6	4
880	366	0	6	2
293	366	13	6	2
5	366	5	6	3
660	366	0	6	1
201	366	1	6	2
346	366	6	6	2
405	366	5	6	3
727	366	7	6	3
487	366	7	6	3
457	366	17	6	4
373	366	13	6	4
224	366	4	6	3
195	366	15	6	3
653	366	13	6	2
429	366	9	6	3
456	366	16	6	2
110	366	10	6	3
130	366	10	6	5
712	366	12	6	5
94	366	14	6	3
907	366	7	6	5
95	366	15	6	4
399	366	19	6	3
393	366	13	6	4
766	366	6	6	3
363	366	3	6	2
87	386	7	6	2
773	386	13	6	3
303	386	3	6	4
435	386	15	6	4
621	386	1	6	3
712	386	12	6	3
545	386	5	6	2
22	386	2	6	3
766	386	6	6	3
56	386	16	6	3
262	386	2	6	3
566	386	6	6	1
588	386	8	6	2
758	386	18	6	3
293	386	13	6	2
648	386	8	6	4
92	386	12	6	3
5	386	5	6	2
267	386	7	6	3
476	386	16	6	2
885	386	5	6	2
870	386	10	6	4
394	386	14	6	3
524	386	4	6	4
11	386	11	6	3
405	386	5	6	3
222	386	2	6	2
622	386	2	6	3
805	386	5	6	3
751	386	11	6	3
457	386	17	6	3
889	386	9	6	3
790	386	10	6	2
896	386	16	6	3
682	386	2	6	2
495	386	15	6	3
807	386	7	6	4
497	386	17	6	2
254	386	14	6	2
653	386	13	6	1
125	386	5	6	3
23	386	3	6	4
883	386	3	6	3
393	386	13	6	4
18	386	18	6	2
542	386	2	6	3
7	386	7	6	4
660	386	0	6	2
363	386	3	6	1
174	386	14	6	1
286	386	6	6	3
347	386	7	6	1
864	386	4	6	3
49	386	9	6	4
279	386	19	6	3
795	386	15	6	3
815	386	15	6	2
450	386	10	6	4
536	386	16	6	4
399	386	19	6	3
295	386	15	6	4
195	386	15	6	2
684	386	4	6	3
102	386	2	6	2
551	386	11	6	1
311	386	11	6	3
325	386	5	6	4
326	386	6	6	5
504	386	4	6	3
268	386	8	6	2
378	386	18	6	3
846	386	6	6	3
500	386	0	6	3
373	386	13	6	3
221	386	1	6	3
389	386	9	6	3
774	386	14	6	2
94	386	14	6	4
943	386	3	6	1
727	386	7	6	2
95	386	15	6	2
880	386	0	6	3
276	386	16	6	3
472	386	12	6	5
642	386	2	6	5
417	386	17	6	3
109	386	9	6	1
804	406	4	6	3
943	406	3	6	3
922	406	2	6	4
749	406	9	6	4
348	406	8	6	4
396	406	16	6	2
54	406	14	6	2
13	406	13	6	1
246	406	6	6	3
367	406	7	6	4
201	406	1	6	1
332	406	12	6	3
793	406	13	6	2
145	406	5	6	3
92	406	12	6	2
256	406	16	6	3
99	406	19	6	3
825	406	5	6	2
620	406	0	6	4
117	406	17	6	3
648	406	8	6	3
314	406	14	6	3
5	406	5	6	1
862	406	2	6	4
435	406	15	6	3
38	406	18	6	2
186	406	6	6	1
276	406	16	6	2
255	406	15	6	1
21	406	1	6	1
919	406	19	6	3
619	406	19	6	2
721	406	1	6	1
374	406	14	6	3
164	406	4	6	2
434	406	14	6	3
83	406	3	6	2
897	406	17	6	3
262	406	2	6	3
181	406	1	6	1
774	406	14	6	1
601	406	1	6	2
501	406	1	6	3
49	406	9	6	2
938	406	18	6	3
849	406	9	6	4
851	406	11	6	2
294	406	14	6	2
805	406	5	6	1
301	426	1	6	4
847	426	7	6	2
532	426	12	6	5
496	426	16	6	3
715	426	15	6	5
5	426	5	6	3
222	426	2	6	1
303	426	3	6	3
943	426	3	6	4
487	426	7	6	3
868	426	8	6	4
293	426	13	6	1
826	426	6	6	2
545	426	5	6	3
246	426	6	6	3
561	426	1	6	1
893	426	13	6	4
287	426	7	6	3
927	426	7	6	4
472	426	12	6	4
761	426	1	6	1
757	426	17	6	3
896	426	16	6	2
130	426	10	6	4
399	426	19	6	3
823	426	3	6	4
405	426	5	6	1
276	426	16	6	3
537	426	17	6	1
846	426	6	6	1
363	426	3	6	2
56	426	16	6	4
843	446	3	6	3
617	446	17	6	2
222	446	2	6	3
405	446	5	6	1
5	446	5	6	4
387	446	7	6	2
13	446	13	6	1
372	446	12	6	4
7	446	7	6	2
59	466	19	6	4
218	466	18	6	4
437	466	17	6	2
308	466	8	6	5
268	466	8	6	3
591	466	11	6	3
543	466	3	6	4
886	466	6	6	1
327	466	7	6	3
361	466	1	6	4
527	466	7	6	2
663	466	3	6	3
854	466	14	6	3
62	466	2	6	3
374	466	14	6	5
72	466	12	6	4
864	466	4	6	4
80	466	0	6	5
343	466	3	6	4
271	466	11	6	4
151	466	11	6	5
293	466	13	6	3
84	466	4	6	4
407	466	7	6	3
291	466	11	6	5
913	466	13	6	3
234	466	14	6	4
270	466	10	6	5
405	466	5	6	1
524	466	4	6	4
421	466	1	6	4
406	466	6	6	4
315	466	15	6	1
870	466	10	6	4
535	466	15	6	3
92	466	12	6	4
747	466	7	6	3
409	466	9	6	4
6	466	6	6	4
592	466	12	6	5
216	466	16	6	4
194	466	14	6	4
664	466	4	6	4
97	466	17	6	3
655	466	15	6	3
537	466	17	6	4
201	466	1	6	4
144	466	4	6	2
429	466	9	6	2
115	466	15	6	5
763	466	3	6	4
548	466	8	6	5
41	486	1	6	4
298	486	18	6	3
712	486	12	6	4
119	486	19	6	4
536	486	16	6	4
312	486	12	6	5
262	486	2	6	5
84	486	4	6	5
96	486	16	6	3
340	486	0	6	4
698	486	18	6	4
846	486	6	6	5
499	486	19	6	3
625	486	5	6	3
313	486	13	6	3
279	486	19	6	4
90	486	10	6	5
514	486	14	6	3
385	486	5	6	2
331	486	11	6	3
426	486	6	6	3
308	486	8	6	4
280	486	0	6	5
716	486	16	6	5
488	486	8	6	4
161	486	1	6	1
342	486	2	6	5
189	486	9	6	5
796	486	16	6	5
338	486	18	6	3
409	486	9	6	3
6	486	6	6	4
747	486	7	6	5
474	486	14	6	4
305	486	5	6	5
399	486	19	6	3
401	486	1	6	4
389	486	9	6	4
707	486	7	6	3
454	486	14	6	3
344	486	4	6	4
704	486	4	6	4
167	486	7	6	4
776	486	16	6	4
767	486	7	6	4
835	486	15	6	4
537	486	17	6	3
263	486	3	6	4
659	486	19	6	4
43	486	3	6	4
932	486	12	6	5
731	486	11	6	4
498	486	18	6	2
24	486	4	6	3
10	486	10	6	4
145	486	5	6	3
751	486	11	6	3
568	486	8	6	4
151	486	11	6	5
269	486	9	6	3
798	486	18	6	4
18	486	18	6	3
234	486	14	6	3
292	486	12	6	4
496	506	16	6	3
934	506	14	6	4
389	506	9	6	4
184	506	4	6	4
707	506	7	6	2
693	506	13	6	2
119	506	19	6	5
450	506	10	6	5
399	506	19	6	3
659	506	19	6	3
897	506	17	6	4
767	506	7	6	5
704	506	4	6	4
524	506	4	6	4
308	506	8	6	4
7	506	7	6	5
429	506	9	6	4
886	506	6	6	4
746	506	6	6	3
504	506	4	6	4
840	506	0	6	5
911	506	11	6	3
650	506	10	6	3
222	506	2	6	2
622	506	2	6	3
201	506	1	6	4
234	506	14	6	4
645	506	5	6	5
95	506	15	6	3
417	506	17	6	4
373	506	13	6	4
474	506	14	6	5
293	506	13	6	5
236	506	16	6	5
833	506	13	6	2
618	506	18	6	4
456	506	16	6	4
312	506	12	6	4
758	506	18	6	3
535	506	15	6	5
90	506	10	6	5
567	506	7	6	5
363	506	3	6	2
339	506	19	6	4
60	506	0	6	5
883	506	3	6	5
436	506	16	6	5
532	506	12	6	5
325	506	5	6	5
151	506	11	6	4
331	506	11	6	2
94	506	14	6	5
716	506	16	6	4
852	506	12	6	4
666	506	6	6	5
508	506	8	6	5
42	506	2	6	3
537	506	17	6	3
868	506	8	6	4
268	506	8	6	4
846	506	6	6	3
932	506	12	6	4
406	506	6	6	4
452	506	12	6	3
553	506	13	6	4
6	506	6	6	4
385	506	5	6	2
416	506	16	6	5
916	506	16	6	3
694	506	14	6	4
575	506	15	6	2
303	506	3	6	4
128	506	8	6	4
269	506	9	6	5
178	506	18	6	3
380	506	0	6	3
85	506	5	6	4
13	506	13	6	5
907	506	7	6	5
653	506	13	6	2
233	506	13	6	5
661	506	1	6	3
881	506	1	6	4
608	506	8	6	4
271	506	11	6	4
712	506	12	6	3
334	506	14	6	3
327	506	7	6	3
561	506	1	6	3
59	506	19	6	5
766	526	6	6	2
496	526	16	6	3
705	526	5	6	3
653	526	13	6	3
387	526	7	6	4
271	526	11	6	5
524	526	4	6	3
615	526	15	6	4
846	526	6	6	4
308	526	8	6	3
554	526	14	6	4
389	526	9	6	3
72	526	12	6	4
605	526	5	6	5
385	526	5	6	3
321	526	1	6	3
13	526	13	6	3
694	526	14	6	5
739	526	19	6	5
804	526	4	6	4
671	526	11	6	2
864	526	4	6	4
627	526	7	6	4
897	526	17	6	5
528	526	8	6	4
106	526	6	6	4
406	526	6	6	5
236	526	16	6	3
18	526	18	6	4
313	526	13	6	4
833	526	13	6	4
90	526	10	6	5
197	526	17	6	5
325	526	5	6	3
6	526	6	6	3
843	526	3	6	3
780	526	0	6	5
924	526	4	6	3
488	526	8	6	4
618	526	18	6	5
38	526	18	6	1
774	526	14	6	4
479	526	19	6	4
840	526	0	6	4
234	526	14	6	3
381	526	1	6	4
399	526	19	6	3
727	526	7	6	4
11	526	11	6	3
452	526	12	6	4
826	526	6	6	3
533	526	13	6	2
230	526	10	6	3
716	526	16	6	5
450	526	10	6	4
409	526	9	6	3
527	526	7	6	5
474	526	14	6	5
254	526	14	6	3
747	526	7	6	5
23	526	3	6	3
405	526	5	6	1
862	526	2	6	4
532	526	12	6	5
758	526	18	6	4
97	526	17	6	3
882	526	2	6	4
454	526	14	6	4
707	526	7	6	1
412	526	12	6	4
871	526	11	6	5
749	526	9	6	5
189	526	9	6	4
504	526	4	6	3
91	526	11	6	4
379	526	19	6	4
698	526	18	6	2
835	526	15	6	3
600	526	0	6	4
263	526	3	6	5
22	526	2	6	4
648	526	8	6	3
65	526	5	6	4
194	526	14	6	4
311	526	11	6	5
815	526	15	6	4
934	526	14	6	2
592	526	12	6	5
932	526	12	6	5
921	526	1	6	4
326	526	6	6	5
807	526	7	6	5
59	526	19	6	4
224	526	4	6	4
426	526	6	6	4
7	526	7	6	5
659	526	19	6	5
85	526	5	6	4
256	526	16	6	3
374	526	14	6	4
892	526	12	6	4
119	526	19	6	2
521	526	1	6	3
276	526	16	6	4
340	526	0	6	5
207	526	7	6	4
298	526	18	6	5
881	526	1	6	5
639	526	19	6	4
505	526	5	6	5
497	526	17	6	3
896	526	16	6	4
416	526	16	6	5
541	526	1	6	4
198	526	18	6	4
633	526	13	6	4
211	526	11	6	4
650	526	10	6	4
537	526	17	6	3
503	526	3	6	3
458	526	18	6	5
943	526	3	6	4
561	526	1	6	3
312	526	12	6	5
693	546	13	6	1
328	546	8	6	3
561	546	1	6	1
881	546	1	6	4
378	546	18	6	2
643	546	3	6	3
75	546	15	6	3
795	546	15	6	3
654	546	14	6	4
194	546	14	6	3
332	546	12	6	4
82	546	2	6	3
524	546	4	6	4
605	546	5	6	2
644	546	4	6	4
168	546	8	6	3
42	546	2	6	3
151	546	11	6	2
709	546	9	6	4
901	546	1	6	4
294	546	14	6	4
15	546	15	6	2
299	546	19	6	3
536	546	16	6	2
178	546	18	6	3
416	546	16	6	3
470	546	10	6	4
897	546	17	6	4
717	546	17	6	3
648	546	8	6	4
500	546	0	6	4
54	546	14	6	3
456	546	16	6	4
880	546	0	6	3
382	546	2	6	2
786	546	6	6	4
593	546	13	6	3
145	546	5	6	3
83	546	3	6	4
249	546	9	6	3
560	546	0	6	2
62	546	2	6	4
374	546	14	6	5
447	546	7	6	2
297	546	17	6	3
477	546	17	6	4
442	546	2	6	3
733	546	13	6	1
580	546	0	6	1
121	546	1	6	1
223	546	3	6	5
314	546	14	6	4
222	546	2	6	3
270	546	10	6	4
916	546	16	6	2
102	546	2	6	3
259	546	19	6	3
109	546	9	6	3
807	546	7	6	4
923	546	3	6	4
396	546	16	6	4
792	546	12	6	3
637	546	17	6	1
872	546	12	6	4
423	546	3	6	2
301	546	1	6	4
896	546	16	6	2
56	546	16	6	3
548	546	8	6	4
749	546	9	6	3
320	546	0	6	4
22	546	2	6	3
595	546	15	6	4
403	546	3	6	3
37	546	17	6	3
67	546	7	6	3
130	546	10	6	4
274	546	14	6	3
865	546	5	6	1
394	546	14	6	4
939	546	19	6	4
104	546	4	6	1
53	546	13	6	4
57	546	17	6	4
891	546	11	6	3
158	546	18	6	3
770	546	10	6	4
434	546	14	6	5
501	546	1	6	4
705	546	5	6	3
457	546	17	6	2
790	546	10	6	1
339	546	19	6	4
630	546	10	6	3
886	546	6	6	1
213	546	13	6	4
518	546	18	6	4
487	546	7	6	3
665	546	5	6	2
43	546	3	6	4
290	546	10	6	2
425	546	5	6	3
493	546	13	6	5
336	546	16	6	3
64	546	4	6	3
279	546	19	6	3
761	546	1	6	5
545	546	5	6	3
458	546	18	6	3
60	546	0	6	4
882	546	2	6	2
255	546	15	6	3
308	546	8	6	3
676	546	16	6	3
13	546	13	6	3
393	546	13	6	2
513	546	13	6	4
346	546	6	6	4
347	546	7	6	4
708	546	8	6	3
435	546	15	6	4
58	546	18	6	2
399	546	19	6	2
614	546	14	6	1
450	546	10	6	4
174	546	14	6	3
386	546	6	6	2
117	546	17	6	3
445	546	5	6	2
186	546	6	6	4
137	546	17	6	5
504	546	4	6	4
862	546	2	6	4
728	546	8	6	2
417	546	17	6	3
718	546	18	6	4
295	546	15	6	4
455	546	15	6	3
16	546	16	6	4
699	546	19	6	3
101	546	1	6	4
533	546	13	6	3
796	546	16	6	4
280	546	0	6	4
70	546	10	6	2
938	546	18	6	3
833	546	13	6	2
933	546	13	6	2
201	546	1	6	2
889	546	9	6	4
344	546	4	6	3
577	546	17	6	3
935	546	15	6	4
727	546	7	6	2
619	546	19	6	2
769	546	9	6	4
551	546	11	6	2
363	546	3	6	3
99	546	19	6	4
690	546	10	6	4
899	546	19	6	2
590	546	10	6	1
238	546	18	6	3
864	546	4	6	4
931	546	11	6	3
349	546	9	6	3
758	546	18	6	3
26	546	6	6	2
159	546	19	6	4
268	546	8	6	4
716	546	16	6	1
49	546	9	6	1
293	546	13	6	1
697	546	17	6	4
236	546	16	6	4
852	546	12	6	4
650	546	10	6	1
190	546	10	6	3
825	546	5	6	5
359	546	19	6	3
774	546	14	6	1
660	546	0	6	2
92	546	12	6	2
267	546	7	6	3
666	546	6	6	4
817	546	17	6	4
217	546	17	6	2
298	546	18	6	3
200	546	0	6	3
486	546	6	6	2
291	546	11	6	3
216	546	16	6	2
671	546	11	6	5
23	546	3	6	3
327	546	7	6	2
141	546	1	6	4
207	546	7	6	3
343	546	3	6	1
621	546	1	6	3
466	546	6	6	4
234	546	14	6	1
287	546	7	6	4
436	546	16	6	3
479	546	19	6	2
534	546	14	6	4
625	546	5	6	2
323	546	3	6	2
742	546	2	6	1
627	546	7	6	3
432	546	12	6	3
722	546	2	6	3
804	546	4	6	3
805	546	5	6	2
303	546	3	6	2
554	546	14	6	3
788	546	8	6	3
219	546	19	6	4
94	546	14	6	3
271	546	11	6	2
503	546	3	6	4
682	546	2	6	3
286	546	6	6	1
87	546	7	6	3
449	546	9	6	2
256	546	16	6	4
653	546	13	6	2
943	546	3	6	4
262	546	2	6	2
348	546	8	6	3
569	546	9	6	3
599	546	19	6	4
429	546	9	6	3
746	546	6	6	3
663	546	3	6	3
459	546	19	6	1
472	546	12	6	4
357	546	17	6	5
606	546	6	6	4
313	546	13	6	4
715	546	15	6	4
624	546	4	6	3
95	546	15	6	2
7	546	7	6	4
120	546	0	6	2
181	546	1	6	2
84	546	4	6	3
391	546	11	6	3
276	546	16	6	3
555	546	15	6	3
119	546	19	6	4
634	546	14	6	4
757	546	17	6	3
63	546	3	6	2
592	546	12	6	4
244	566	4	6	4
682	566	2	6	3
313	566	13	6	4
825	566	5	6	5
889	566	9	6	3
843	566	3	6	3
345	566	5	6	3
864	566	4	6	4
788	566	8	6	4
756	566	16	6	4
627	566	7	6	3
848	566	8	6	4
466	566	6	6	3
716	566	16	6	3
823	566	3	6	4
727	566	7	6	3
796	566	16	6	4
551	566	11	6	5
72	566	12	6	4
373	566	13	6	4
671	566	11	6	4
217	566	17	6	4
106	566	6	6	4
399	566	19	6	4
197	566	17	6	4
221	566	1	6	3
804	566	4	6	4
655	566	15	6	3
846	566	6	6	5
92	566	12	6	4
774	566	14	6	2
899	566	19	6	3
618	566	18	6	3
758	566	18	6	4
868	566	8	6	1
886	566	6	6	3
280	566	0	6	4
640	566	0	6	4
474	566	14	6	5
381	566	1	6	2
870	566	10	6	2
840	566	0	6	5
201	566	1	6	3
711	566	11	6	2
897	566	17	6	2
363	566	3	6	3
495	566	15	6	4
401	566	1	6	5
826	566	6	6	3
308	566	8	6	4
506	566	6	6	4
305	566	5	6	3
862	566	2	6	3
375	566	15	6	4
877	566	17	6	4
435	566	15	6	4
429	566	9	6	3
194	566	14	6	4
538	566	18	6	3
454	566	14	6	4
850	566	10	6	5
437	566	17	6	3
268	566	8	6	3
749	566	9	6	3
562	566	2	6	4
339	566	19	6	3
882	566	2	6	4
600	566	0	6	3
225	566	5	6	4
632	566	12	6	4
484	566	4	6	4
705	566	5	6	4
109	566	9	6	4
320	566	0	6	3
648	566	8	6	4
346	566	6	6	5
293	566	13	6	3
405	566	5	6	1
22	566	2	6	3
158	566	18	6	3
896	566	16	6	4
37	566	17	6	4
807	566	7	6	4
326	566	6	6	4
659	566	19	6	3
883	566	3	6	3
457	566	17	6	4
650	566	10	6	3
487	566	7	6	4
145	566	5	6	5
450	566	10	6	4
830	566	10	6	3
521	566	1	6	3
276	566	16	6	4
291	566	11	6	4
188	566	8	6	5
42	566	2	6	5
664	566	4	6	4
374	566	14	6	3
94	566	14	6	2
901	566	1	6	5
178	566	18	6	4
270	566	10	6	5
253	566	13	6	4
151	566	11	6	3
411	566	11	6	4
880	566	0	6	3
665	566	5	6	2
472	566	12	6	4
536	566	16	6	5
757	566	17	6	3
393	566	13	6	3
693	566	13	6	2
425	566	5	6	2
7	566	7	6	4
328	566	8	6	5
95	566	15	6	2
497	566	17	6	3
881	566	1	6	4
619	566	19	6	4
586	566	6	6	3
653	566	13	6	5
561	566	1	6	3
387	566	7	6	3
130	566	10	6	4
932	566	12	6	4
533	566	13	6	4
64	566	4	6	3
535	566	15	6	3
666	566	6	6	3
87	566	7	6	5
334	566	14	6	3
59	566	19	6	4
588	566	8	6	2
453	566	13	6	3
135	566	15	6	3
271	566	11	6	4
175	566	15	6	3
537	566	17	6	2
83	566	3	6	4
746	566	6	6	4
943	566	3	6	4
332	566	12	6	4
380	566	0	6	3
633	566	13	6	3
207	566	7	6	4
505	566	5	6	3
741	566	1	6	4
892	566	12	6	4
290	566	10	6	3
790	566	10	6	3
85	566	5	6	3
256	566	16	6	5
559	566	19	6	5
318	566	18	6	4
102	566	2	6	2
916	566	16	6	3
629	566	9	6	5
643	566	3	6	3
543	566	3	6	4
186	566	6	6	5
43	566	3	6	3
110	566	10	6	4
311	566	11	6	4
577	566	17	6	4
545	566	5	6	4
378	566	18	6	3
871	566	11	6	3
222	566	2	6	4
267	566	7	6	3
479	566	19	6	3
563	566	3	6	4
13	566	13	6	5
661	566	1	6	4
279	566	19	6	4
8	566	8	6	3
301	566	1	6	3
234	566	14	6	2
379	566	19	6	4
110	586	10	6	3
788	586	8	6	2
217	586	17	6	2
682	586	2	6	1
453	586	13	6	2
798	586	18	6	2
846	586	6	6	2
393	586	13	6	3
600	586	0	6	2
586	586	6	6	2
487	586	7	6	2
796	586	16	6	3
532	586	12	6	4
94	586	14	6	1
749	586	9	6	4
280	586	0	6	4
313	586	13	6	2
622	586	2	6	3
279	586	19	6	4
405	586	5	6	4
7	586	7	6	3
826	586	6	6	4
506	586	6	6	2
543	586	3	6	3
200	586	0	6	4
627	586	7	6	3
303	586	3	6	2
648	586	8	6	3
328	586	8	6	1
320	586	0	6	3
13	586	13	6	3
95	586	15	6	2
276	586	16	6	3
197	586	17	6	3
16	606	16	6	4
354	606	14	6	5
474	606	14	6	3
264	606	4	6	5
698	606	18	6	2
151	606	11	6	5
10	606	10	6	5
694	606	14	6	4
426	606	6	6	5
60	606	0	6	4
437	606	17	6	4
450	606	10	6	5
840	606	0	6	4
731	606	11	6	3
409	606	9	6	4
796	606	16	6	4
693	606	13	6	4
870	606	10	6	4
59	606	19	6	4
172	606	12	6	3
617	606	17	6	3
385	606	5	6	4
328	606	8	6	3
378	606	18	6	5
848	606	8	6	4
567	606	7	6	4
707	606	7	6	4
747	606	7	6	5
854	606	14	6	4
524	606	4	6	4
454	606	14	6	2
343	606	3	6	5
766	606	6	6	3
610	606	10	6	5
670	606	10	6	4
299	606	19	6	4
659	606	19	6	5
846	606	6	6	4
405	606	5	6	3
342	606	2	6	5
85	606	5	6	4
167	606	7	6	4
932	606	12	6	4
301	606	1	6	3
835	606	15	6	5
42	606	2	6	3
123	606	3	6	3
716	606	16	6	5
338	606	18	6	3
406	606	6	6	3
560	606	0	6	4
7	606	7	6	3
90	606	10	6	5
234	606	14	6	5
568	606	8	6	5
13	606	13	6	4
169	606	9	6	5
225	606	5	6	5
608	606	8	6	5
823	606	3	6	4
184	606	4	6	5
334	606	14	6	5
312	606	12	6	5
704	606	4	6	2
537	606	17	6	3
918	606	18	6	4
7	626	7	6	5
405	626	5	6	1
683	626	3	6	3
234	626	14	6	4
553	646	13	6	4
804	646	4	6	4
11	646	11	6	3
474	646	14	6	4
308	646	8	6	5
506	646	6	6	4
263	646	3	6	5
527	646	7	6	5
932	646	12	6	4
537	646	17	6	2
114	646	14	6	4
13	646	13	6	4
94	646	14	6	5
666	646	6	6	3
912	646	12	6	3
391	646	11	6	4
889	646	9	6	3
766	646	6	6	4
617	646	17	6	4
870	646	10	6	4
7	646	7	6	5
28	646	8	6	4
326	646	6	6	2
788	646	8	6	3
524	646	4	6	5
426	646	6	6	3
659	646	19	6	4
833	646	13	6	5
745	646	5	6	4
868	646	8	6	5
802	646	2	6	4
567	646	7	6	5
405	646	5	6	2
328	646	8	6	3
234	646	14	6	3
156	646	16	6	4
293	646	13	6	3
897	646	17	6	5
615	666	15	6	2
7	666	7	6	4
279	666	19	6	2
405	666	5	6	1
358	666	18	6	3
327	686	7	6	4
425	686	5	6	3
10	686	10	6	4
305	686	5	6	3
653	686	13	6	2
655	686	15	6	2
393	686	13	6	4
276	686	16	6	3
224	686	4	6	4
758	686	18	6	3
308	686	8	6	4
378	686	18	6	4
151	686	11	6	3
815	686	15	6	5
535	686	15	6	5
201	686	1	6	2
487	686	7	6	4
429	686	9	6	2
128	686	8	6	4
886	686	6	6	4
158	686	18	6	5
379	686	19	6	4
291	686	11	6	5
506	686	6	6	3
347	686	7	6	5
671	686	11	6	3
823	686	3	6	4
454	686	14	6	2
293	686	13	6	3
234	686	14	6	3
450	686	10	6	4
301	686	1	6	4
94	686	14	6	4
896	686	16	6	3
236	686	16	6	3
749	686	9	6	4
249	686	9	6	5
43	686	3	6	3
102	686	2	6	3
682	686	2	6	4
889	686	9	6	3
13	686	13	6	5
907	686	7	6	4
416	686	16	6	5
389	686	9	6	3
592	686	12	6	5
621	686	1	6	5
551	686	11	6	3
642	686	2	6	5
8	686	8	6	3
21	706	1	6	2
776	706	16	6	3
620	706	0	6	3
10	706	10	6	4
13	706	13	6	1
291	706	11	6	3
167	726	7	6	1
648	726	8	6	3
81	726	1	6	4
642	726	2	6	2
311	726	11	6	3
788	726	8	6	4
886	726	6	6	1
405	726	5	6	1
11	726	11	6	3
868	726	8	6	2
655	726	15	6	2
328	726	8	6	4
429	726	9	6	2
747	726	7	6	2
276	746	16	6	4
715	746	15	6	5
371	746	11	6	4
59	746	19	6	5
537	746	17	6	3
429	746	9	6	3
286	746	6	6	4
64	746	4	6	5
561	746	1	6	3
496	746	16	6	3
484	746	4	6	4
655	746	15	6	3
342	746	2	6	4
407	746	7	6	4
249	746	9	6	5
653	746	13	6	5
207	746	7	6	4
275	746	15	6	4
198	746	18	6	4
125	746	5	6	3
472	746	12	6	5
297	746	17	6	3
536	746	16	6	5
497	746	17	6	5
299	746	19	6	4
244	746	4	6	3
903	746	3	6	2
42	746	2	6	3
712	746	12	6	4
795	746	15	6	3
825	746	5	6	5
751	746	11	6	4
798	746	18	6	4
264	746	4	6	3
234	746	14	6	2
521	746	1	6	4
880	746	0	6	4
253	746	13	6	3
102	746	2	6	2
889	746	9	6	4
896	746	16	6	3
178	746	18	6	3
442	746	2	6	3
272	746	12	6	3
352	746	12	6	4
940	746	0	6	3
682	746	2	6	3
303	746	3	6	4
394	746	14	6	2
493	746	13	6	4
922	746	2	6	4
648	746	8	6	4
933	746	13	6	4
56	746	16	6	4
749	746	9	6	5
13	746	13	6	3
130	746	10	6	5
307	746	7	6	4
542	746	2	6	4
632	746	12	6	3
690	746	10	6	2
487	746	7	6	4
346	746	6	6	3
293	746	13	6	3
301	746	1	6	3
882	746	2	6	4
437	746	17	6	4
545	746	5	6	4
405	746	5	6	1
454	746	14	6	2
506	746	6	6	5
551	746	11	6	5
399	746	19	6	5
618	746	18	6	2
645	746	5	6	4
11	746	11	6	4
532	746	12	6	5
436	746	16	6	5
727	746	7	6	4
336	746	16	6	3
804	746	4	6	4
268	746	8	6	3
886	746	6	6	3
315	746	15	6	3
796	746	16	6	3
363	746	3	6	4
488	746	8	6	4
417	746	17	6	5
514	746	14	6	5
435	746	15	6	4
758	746	18	6	4
621	746	1	6	4
660	746	0	6	4
41	746	1	6	3
868	746	8	6	2
899	746	19	6	4
94	746	14	6	4
757	746	17	6	3
846	746	6	6	3
222	746	2	6	5
654	746	14	6	3
406	746	6	6	3
327	746	7	6	3
373	746	13	6	4
379	746	19	6	3
642	746	2	6	3
308	746	8	6	4
870	746	10	6	3
606	746	6	6	5
280	746	0	6	4
279	746	19	6	5
416	746	16	6	5
246	746	6	6	4
476	746	16	6	3
916	746	16	6	3
332	746	12	6	5
334	746	14	6	3
387	746	7	6	1
70	746	10	6	3
209	766	9	6	4
181	766	1	6	1
486	766	6	6	4
184	766	4	6	3
286	766	6	6	3
707	766	7	6	3
655	766	15	6	3
936	766	16	6	3
13	766	13	6	4
934	786	14	6	1
94	786	14	6	3
276	786	16	6	3
405	786	5	6	1
429	786	9	6	2
846	786	6	6	4
13	786	13	6	3
343	786	3	6	4
790	786	10	6	3
660	786	0	6	1
435	786	15	6	4
655	786	15	6	2
262	786	2	6	3
639	786	19	6	3
686	806	6	6	5
833	806	13	6	4
498	806	18	6	3
234	806	14	6	2
682	806	2	6	3
222	806	2	6	4
201	806	1	6	3
253	806	13	6	4
846	806	6	6	3
94	806	14	6	4
374	806	14	6	3
177	806	17	6	4
76	806	16	6	4
606	806	6	6	5
130	806	10	6	3
116	806	16	6	4
378	806	18	6	4
110	806	10	6	3
586	806	6	6	4
308	806	8	6	4
314	806	14	6	4
537	806	17	6	3
493	806	13	6	3
406	806	6	6	4
387	806	7	6	1
429	806	9	6	2
269	806	9	6	3
327	806	7	6	4
233	806	13	6	4
916	806	16	6	4
805	806	5	6	4
339	806	19	6	4
655	806	15	6	3
592	806	12	6	4
13	806	13	6	5
562	806	2	6	1
276	806	16	6	4
875	806	15	6	4
154	806	14	6	4
65	806	5	6	4
456	806	16	6	3
305	806	5	6	3
405	806	5	6	1
851	806	11	6	4
347	806	7	6	3
399	806	19	6	3
249	806	9	6	5
156	806	16	6	3
132	806	12	6	3
248	806	8	6	3
569	826	9	6	3
852	826	12	6	3
774	826	14	6	2
249	826	9	6	1
468	826	8	6	3
267	826	7	6	3
892	826	12	6	2
798	826	18	6	5
13	826	13	6	5
727	826	7	6	2
200	826	0	6	4
406	826	6	6	3
290	826	10	6	2
223	826	3	6	1
795	826	15	6	3
552	826	12	6	2
109	826	9	6	3
887	826	7	6	1
847	826	7	6	3
521	826	1	6	2
833	826	13	6	2
279	826	19	6	4
851	826	11	6	4
872	826	12	6	3
145	826	5	6	2
275	826	15	6	2
881	826	1	6	1
804	826	4	6	3
181	826	1	6	1
790	826	10	6	1
162	826	2	6	3
660	826	0	6	3
57	826	17	6	2
207	826	7	6	2
308	826	8	6	3
642	826	2	6	5
497	826	17	6	3
92	826	12	6	2
255	826	15	6	1
193	826	13	6	2
541	826	1	6	3
648	826	8	6	3
582	826	2	6	3
577	826	17	6	4
507	826	7	6	5
82	826	2	6	3
854	826	14	6	2
886	826	6	6	1
399	826	19	6	2
749	826	9	6	3
807	826	7	6	3
101	826	1	6	3
45	826	5	6	3
927	826	7	6	4
897	826	17	6	4
42	826	2	6	3
435	826	15	6	2
705	826	5	6	4
164	826	4	6	4
294	826	14	6	1
141	826	1	6	2
716	826	16	6	2
472	826	12	6	3
796	826	16	6	2
222	826	2	6	2
768	826	8	6	1
715	826	15	6	2
119	826	19	6	4
429	826	9	6	3
901	826	1	6	2
595	826	15	6	1
717	826	17	6	2
268	826	8	6	1
357	826	17	6	3
880	826	0	6	3
151	826	11	6	1
758	826	18	6	3
453	826	13	6	1
190	826	10	6	3
393	826	13	6	3
733	846	13	6	2
593	846	13	6	2
223	846	3	6	2
314	846	14	6	3
274	846	14	6	2
374	846	14	6	2
181	846	1	6	3
533	846	13	6	2
717	846	17	6	4
869	846	9	6	2
334	846	14	6	3
13	846	13	6	2
324	846	4	6	5
83	846	3	6	3
224	846	4	6	4
935	846	15	6	4
854	846	14	6	3
839	846	19	6	2
588	846	8	6	4
416	846	16	6	3
296	846	16	6	2
59	846	19	6	4
708	846	8	6	2
342	846	2	6	2
660	846	0	6	2
256	846	16	6	4
101	846	1	6	3
500	846	0	6	3
450	846	10	6	3
459	846	19	6	4
92	846	12	6	3
231	846	11	6	4
551	846	11	6	3
486	846	6	6	2
178	846	18	6	3
504	846	4	6	4
174	846	14	6	5
860	846	0	6	2
550	846	10	6	2
345	846	5	6	4
477	846	17	6	4
599	846	19	6	5
365	846	5	6	3
859	846	19	6	5
549	866	9	6	4
378	866	18	6	2
43	866	3	6	4
318	866	18	6	4
298	866	18	6	3
83	866	3	6	3
438	866	18	6	5
478	866	18	6	1
223	866	3	6	4
178	866	18	6	4
158	866	18	6	2
749	866	9	6	3
518	866	18	6	5
283	866	3	6	3
630	866	10	6	3
303	866	3	6	2
889	866	9	6	4
933	866	13	6	2
805	866	5	6	1
403	866	3	6	4
580	866	0	6	4
450	866	10	6	4
463	866	3	6	3
523	866	3	6	5
593	866	13	6	5
938	866	18	6	5
59	866	19	6	3
330	866	10	6	5
533	866	13	6	2
236	866	16	6	3
256	866	16	6	4
168	866	8	6	5
119	866	19	6	3
109	866	9	6	4
280	866	0	6	3
393	866	13	6	3
823	866	3	6	2
159	866	19	6	5
293	866	13	6	3
200	866	0	6	4
923	866	3	6	4
416	866	16	6	4
93	866	13	6	2
20	866	0	6	1
13	866	13	6	3
891	866	11	6	5
101	866	1	6	4
927	866	7	6	4
141	866	1	6	5
851	866	11	6	3
181	866	1	6	1
692	866	12	6	4
708	866	8	6	5
716	866	16	6	3
727	866	7	6	3
301	866	1	6	4
707	866	7	6	2
591	866	11	6	3
776	866	16	6	3
552	866	12	6	3
401	866	1	6	3
786	866	6	6	3
42	866	2	6	4
447	866	7	6	2
62	866	2	6	2
916	866	16	6	3
459	866	19	6	5
825	866	5	6	4
472	866	12	6	5
82	866	2	6	3
102	866	2	6	2
936	866	16	6	2
666	866	6	6	2
207	866	7	6	3
271	866	11	6	4
332	866	12	6	2
599	866	19	6	2
251	866	11	6	2
342	866	2	6	1
87	866	7	6	4
231	866	11	6	3
901	866	1	6	3
462	866	2	6	5
542	866	2	6	2
57	866	17	6	3
152	866	12	6	5
137	866	17	6	3
622	866	2	6	2
774	866	14	6	1
674	866	14	6	5
345	866	5	6	3
682	866	2	6	2
634	866	14	6	3
839	866	19	6	2
357	866	17	6	5
72	866	12	6	4
722	866	2	6	4
554	866	14	6	3
879	866	19	6	5
32	866	12	6	3
764	866	4	6	4
862	866	2	6	4
15	866	15	6	4
75	866	15	6	2
624	866	4	6	3
334	866	14	6	3
524	866	4	6	2
314	866	14	6	4
84	866	4	6	4
274	866	14	6	4
577	866	17	6	5
637	866	17	6	3
395	866	15	6	3
164	866	4	6	5
665	866	5	6	3
717	866	17	6	1
897	866	17	6	5
885	866	5	6	3
244	866	4	6	5
587	886	7	6	2
440	886	0	6	5
229	886	9	6	1
834	886	14	6	4
493	886	13	6	2
615	886	15	6	2
88	886	8	6	5
80	886	0	6	4
710	886	10	6	3
635	886	15	6	4
785	886	5	6	3
410	886	10	6	2
69	886	9	6	4
529	886	9	6	4
263	886	3	6	2
750	886	10	6	3
100	886	0	6	3
334	886	14	6	4
201	886	1	6	1
486	886	6	6	3
345	886	5	6	3
624	886	4	6	4
889	886	9	6	3
592	886	12	6	3
629	886	9	6	3
699	886	19	6	3
828	886	8	6	1
782	886	2	6	3
697	886	17	6	5
414	886	14	6	4
570	886	10	6	2
181	886	1	6	1
611	886	11	6	4
685	886	5	6	1
842	886	2	6	4
13	886	13	6	5
526	886	6	6	3
445	886	5	6	3
608	886	8	6	1
499	886	19	6	4
883	886	3	6	3
894	886	14	6	3
631	886	11	6	4
269	886	9	6	3
451	886	11	6	4
863	886	3	6	3
244	886	4	6	5
31	886	11	6	2
327	886	7	6	2
428	886	8	6	4
117	886	17	6	5
323	886	3	6	3
228	886	8	6	1
90	906	10	6	2
13	906	13	6	3
683	906	3	6	4
611	906	11	6	2
171	906	11	6	3
724	906	4	6	1
696	906	16	6	3
444	906	4	6	4
286	906	6	6	5
129	906	9	6	5
209	906	9	6	2
284	906	4	6	3
863	906	3	6	4
219	906	19	6	4
334	906	14	6	5
720	906	0	6	4
828	906	8	6	3
363	906	3	6	2
787	906	7	6	1
655	906	15	6	2
79	906	19	6	5
45	926	5	6	3
59	926	19	6	1
49	926	9	6	1
612	926	12	6	2
160	926	0	6	2
290	926	10	6	3
68	926	8	6	1
336	926	16	6	1
178	926	18	6	4
289	926	9	6	3
552	926	12	6	2
450	926	10	6	4
648	926	8	6	3
551	926	11	6	2
534	926	14	6	4
399	926	19	6	2
640	926	0	6	3
798	926	18	6	4
532	926	12	6	3
847	926	7	6	1
22	926	2	6	1
865	926	5	6	1
595	926	15	6	1
357	926	17	6	4
804	926	4	6	4
42	926	2	6	3
447	926	7	6	3
738	926	18	6	3
378	926	18	6	1
459	926	19	6	4
181	926	1	6	1
650	926	10	6	3
389	926	9	6	3
104	926	4	6	1
718	926	18	6	2
727	926	7	6	3
897	926	17	6	4
660	926	0	6	2
887	926	7	6	5
822	926	2	6	2
936	926	16	6	4
223	926	3	6	4
347	926	7	6	1
238	926	18	6	3
484	926	4	6	4
26	926	6	6	2
621	926	1	6	3
665	926	5	6	3
141	926	1	6	4
779	926	19	6	4
654	926	14	6	4
792	926	12	6	3
287	926	7	6	4
267	926	7	6	2
101	926	1	6	3
490	926	10	6	2
92	926	12	6	3
81	926	1	6	3
606	926	6	6	3
852	926	12	6	3
435	926	15	6	3
872	926	12	6	4
87	926	7	6	4
586	926	6	6	4
125	926	5	6	3
244	926	4	6	2
708	926	8	6	3
43	926	3	6	2
145	926	5	6	3
422	926	2	6	2
164	926	4	6	2
715	926	15	6	4
790	926	10	6	2
15	926	15	6	1
837	926	17	6	1
825	926	5	6	4
344	926	4	6	2
468	926	8	6	2
57	926	17	6	3
497	926	17	6	2
637	926	17	6	2
463	926	3	6	1
279	926	19	6	4
703	926	3	6	4
303	926	3	6	2
416	926	16	6	2
795	926	15	6	2
393	926	13	6	4
880	926	0	6	3
938	926	18	6	3
348	926	8	6	3
230	926	10	6	3
75	926	15	6	3
294	926	14	6	3
268	926	8	6	2
99	926	19	6	3
923	926	3	6	4
210	926	10	6	2
774	926	14	6	1
486	926	6	6	2
642	926	2	6	5
798	946	18	6	2
716	946	16	6	2
844	946	4	6	3
95	946	15	6	3
807	946	7	6	3
712	946	12	6	4
297	946	17	6	2
887	946	7	6	4
70	946	10	6	3
497	946	17	6	4
682	946	2	6	4
59	946	19	6	1
94	946	14	6	3
642	946	2	6	2
892	946	12	6	3
279	946	19	6	3
130	946	10	6	4
805	946	5	6	2
49	946	9	6	2
313	946	13	6	3
286	946	6	6	3
280	946	0	6	4
373	946	13	6	5
268	946	8	6	3
320	946	0	6	5
340	946	0	6	5
275	946	15	6	3
435	946	15	6	2
44	946	4	6	3
405	946	5	6	2
298	946	18	6	3
437	946	17	6	3
314	946	14	6	5
291	946	11	6	4
660	946	0	6	2
222	946	2	6	2
244	946	4	6	4
764	946	4	6	4
311	946	11	6	4
919	946	19	6	4
865	946	5	6	1
561	946	1	6	3
43	946	3	6	4
82	946	2	6	2
194	946	14	6	3
417	946	17	6	4
472	946	12	6	2
389	946	9	6	3
541	946	1	6	5
885	946	5	6	3
471	946	11	6	2
532	946	12	6	5
826	946	6	6	3
399	946	19	6	3
868	946	8	6	1
620	946	0	6	4
16	946	16	6	5
363	946	3	6	4
56	946	16	6	4
295	946	15	6	2
478	946	18	6	2
151	966	11	6	4
711	966	11	6	5
593	966	13	6	5
655	966	15	6	3
295	966	15	6	5
253	966	13	6	5
330	966	10	6	5
618	966	18	6	4
606	966	6	6	5
474	966	14	6	4
487	966	7	6	5
128	966	8	6	4
308	966	8	6	3
234	966	14	6	4
90	966	10	6	5
152	966	12	6	5
311	966	11	6	4
768	966	8	6	4
450	966	10	6	4
642	966	2	6	5
896	966	16	6	4
18	966	18	6	2
864	966	4	6	4
537	966	17	6	2
416	966	16	6	5
43	966	3	6	4
21	986	1	6	1
102	986	2	6	1
442	986	2	6	1
825	986	5	6	5
479	986	19	6	1
880	986	0	6	3
534	986	14	6	5
181	986	1	6	2
92	986	12	6	2
595	986	15	6	2
119	986	19	6	3
671	986	11	6	2
256	986	16	6	5
294	986	14	6	3
399	986	19	6	3
207	986	7	6	3
109	986	9	6	2
697	986	17	6	1
374	986	14	6	3
774	986	14	6	1
396	986	16	6	4
436	986	16	6	3
749	986	9	6	3
276	1006	16	6	3
334	1006	14	6	3
763	1006	3	6	2
833	1006	13	6	1
537	1006	17	6	2
299	1006	19	6	4
449	1006	9	6	4
308	1006	8	6	4
269	1006	9	6	3
85	1006	5	6	3
870	1006	10	6	2
461	1006	1	6	5
23	1006	3	6	3
151	1006	11	6	1
58	1006	18	6	2
184	1006	4	6	3
373	1006	13	6	2
201	1006	1	6	2
76	1006	16	6	3
889	1006	9	6	4
437	1006	17	6	3
358	1006	18	6	5
405	1006	5	6	1
451	1026	11	6	1
181	1026	1	6	1
721	1026	1	6	3
36	1026	16	6	5
758	1046	18	6	4
532	1046	12	6	4
916	1046	16	6	2
886	1046	6	6	2
823	1046	3	6	3
447	1046	7	6	3
256	1046	16	6	4
506	1046	6	6	4
896	1046	16	6	2
711	1046	11	6	3
308	1046	8	6	4
655	1046	15	6	3
374	1046	14	6	5
633	1046	13	6	4
378	1046	18	6	3
145	1046	5	6	4
293	1046	13	6	1
881	1046	1	6	3
405	1046	5	6	2
524	1046	4	6	3
94	1046	14	6	2
303	1046	3	6	3
554	1046	14	6	4
870	1046	10	6	3
586	1046	6	6	3
271	1046	11	6	4
135	1046	15	6	3
180	1046	0	6	2
130	1046	10	6	4
497	1046	17	6	3
207	1046	7	6	4
653	1046	13	6	1
268	1046	8	6	3
276	1046	16	6	3
291	1046	11	6	4
796	1046	16	6	3
504	1046	4	6	4
495	1046	15	6	5
764	1046	4	6	4
186	1046	6	6	3
311	1046	11	6	3
375	1046	15	6	2
682	1046	2	6	3
42	1046	2	6	3
577	1046	17	6	4
92	1046	12	6	3
49	1066	9	6	2
194	1066	14	6	3
313	1066	13	6	2
642	1066	2	6	3
222	1066	2	6	1
275	1066	15	6	3
373	1066	13	6	4
846	1066	6	6	3
798	1066	18	6	2
807	1066	7	6	5
620	1066	0	6	5
618	1066	18	6	3
405	1066	5	6	1
385	1066	5	6	4
881	1066	1	6	3
280	1066	0	6	4
303	1086	3	6	1
90	1086	10	6	4
533	1086	13	6	3
174	1086	14	6	5
455	1086	15	6	3
209	1086	9	6	4
486	1086	6	6	3
256	1086	16	6	5
936	1086	16	6	3
399	1086	19	6	3
52	1086	12	6	4
854	1086	14	6	3
417	1086	17	6	4
731	1086	11	6	1
847	1086	7	6	4
655	1086	15	6	3
184	1086	4	6	4
119	1086	19	6	4
181	1086	1	6	1
919	1086	19	6	4
663	1086	3	6	3
328	1106	8	6	2
112	1106	12	6	4
58	1106	18	6	4
655	1106	15	6	2
694	1126	14	6	5
454	1126	14	6	2
263	1126	3	6	5
696	1126	16	6	3
328	1126	8	6	3
650	1126	10	6	4
553	1126	13	6	4
766	1126	6	6	4
321	1126	1	6	3
788	1126	8	6	5
95	1126	15	6	4
745	1126	5	6	2
932	1126	12	6	5
716	1126	16	6	3
82	1126	2	6	4
848	1126	8	6	5
493	1126	13	6	2
796	1126	16	6	1
326	1126	6	6	2
91	1126	11	6	1
60	1126	0	6	4
406	1126	6	6	3
450	1126	10	6	4
562	1126	2	6	4
312	1126	12	6	4
398	1126	18	6	4
524	1126	4	6	1
642	1126	2	6	1
308	1126	8	6	3
167	1126	7	6	5
234	1126	14	6	4
97	1126	17	6	3
70	1146	10	6	3
405	1146	5	6	2
642	1146	2	6	1
500	1166	0	6	4
119	1166	19	6	5
535	1166	15	6	4
387	1166	7	6	3
85	1166	5	6	4
524	1166	4	6	5
342	1166	2	6	1
655	1166	15	6	3
537	1166	17	6	2
405	1166	5	6	1
592	1166	12	6	3
201	1166	1	6	3
655	1186	15	6	3
87	1186	7	6	3
234	1186	14	6	4
868	1206	8	6	3
94	1206	14	6	3
379	1206	19	6	2
374	1206	14	6	2
405	1206	5	6	1
279	1206	19	6	5
90	1206	10	6	2
916	1206	16	6	2
727	1206	7	6	2
291	1206	11	6	3
110	1206	10	6	3
95	1206	15	6	4
436	1206	16	6	3
194	1206	14	6	1
393	1206	13	6	3
222	1206	2	6	2
846	1206	6	6	3
437	1206	17	6	4
653	1206	13	6	3
303	1226	3	6	4
104	1226	4	6	3
345	1226	5	6	3
854	1226	14	6	4
94	1226	14	6	4
416	1226	16	6	3
894	1226	14	6	4
464	1226	4	6	4
500	1226	0	6	4
637	1226	17	6	2
530	1226	10	6	4
207	1226	7	6	2
486	1226	6	6	4
655	1226	15	6	3
883	1226	3	6	3
222	1226	2	6	4
293	1226	13	6	3
116	1226	16	6	2
392	1226	12	6	4
605	1226	5	6	4
450	1226	10	6	4
540	1226	0	6	4
299	1226	19	6	2
144	1226	4	6	4
936	1226	16	6	3
334	1226	14	6	4
592	1226	12	6	4
458	1226	18	6	2
733	1226	13	6	3
782	1226	2	6	2
532	1226	12	6	4
467	1226	7	6	4
405	1246	5	6	1
747	1246	7	6	1
399	1246	19	6	1
125	1246	5	6	2
110	1246	10	6	2
130	1246	10	6	3
933	1246	13	6	1
840	1266	0	6	5
932	1266	12	6	4
279	1266	19	6	1
918	1266	18	6	4
271	1266	11	6	2
585	1266	5	6	3
121	1266	1	6	4
655	1266	15	6	3
358	1266	18	6	4
666	1266	6	6	5
161	1266	1	6	2
405	1266	5	6	1
385	1286	5	6	3
716	1286	16	6	2
389	1286	9	6	5
286	1286	6	6	5
496	1286	16	6	2
846	1286	6	6	4
305	1286	5	6	5
416	1286	16	6	5
144	1286	4	6	4
151	1286	11	6	5
568	1286	8	6	4
498	1286	18	6	3
474	1286	14	6	2
308	1286	8	6	3
450	1286	10	6	3
303	1286	3	6	4
293	1286	13	6	4
405	1306	5	6	1
167	1306	7	6	5
447	1326	7	6	4
907	1326	7	6	4
181	1326	1	6	1
199	1326	19	6	3
500	1326	0	6	4
859	1326	19	6	4
405	1346	5	6	1
298	1346	18	6	3
409	1346	9	6	3
424	1346	4	6	4
181	1346	1	6	1
181	1366	1	6	1
310	1386	10	6	1
181	1386	1	6	1
782	1386	2	6	3
833	1386	13	6	4
490	1386	10	6	4
871	1386	11	6	3
193	1406	13	6	4
914	1406	14	6	4
896	1406	16	6	3
655	1406	15	6	3
622	1406	2	6	3
655	1426	15	6	2
498	1426	18	6	3
334	1426	14	6	4
303	1426	3	6	2
416	1426	16	6	5
250	1426	10	6	5
201	1426	1	6	2
532	1426	12	6	3
234	1446	14	6	3
727	1446	7	6	3
336	1446	16	6	1
880	1446	0	6	4
579	1446	19	6	2
295	1446	15	6	4
798	1446	18	6	4
450	1446	10	6	4
487	1446	7	6	3
751	1446	11	6	2
417	1446	17	6	3
393	1446	13	6	5
711	1446	11	6	2
790	1446	10	6	4
864	1446	4	6	3
354	1466	14	6	5
655	1466	15	6	3
280	1466	0	6	5
243	1466	3	6	3
828	1466	8	6	4
711	1466	11	6	4
279	1486	19	6	1
299	1506	19	6	4
655	1506	15	6	3
385	1506	5	6	4
339	1526	19	6	4
405	1546	5	6	1
405	1566	5	6	1
405	1586	5	6	1
463	1606	3	6	2
648	1626	8	6	1
655	1646	15	6	3
828	1646	8	6	4
782	1666	2	6	2
