617	7	17	7	3
144	7	4	7	2
484	7	4	7	4
655	7	15	7	3
577	7	17	7	2
234	7	14	7	2
124	7	4	7	4
255	7	15	7	2
226	7	6	7	4
104	7	4	7	3
235	7	15	7	4
525	7	5	7	3
294	7	14	7	4
505	7	5	7	3
84	7	4	7	4
715	7	15	7	3
314	7	14	7	4
465	7	5	7	5
286	7	6	7	4
64	7	4	7	4
115	7	15	7	5
524	7	4	7	2
445	7	5	7	1
334	7	14	7	5
735	7	15	7	3
604	7	4	7	4
537	7	17	7	4
425	7	5	7	3
497	7	17	7	3
354	7	14	7	4
95	7	15	7	5
624	7	4	7	4
795	7	15	7	5
44	7	4	7	5
55	7	15	7	3
15	7	15	7	1
374	7	14	7	1
815	7	15	7	4
664	7	4	7	3
24	7	4	7	4
394	7	14	7	5
457	7	17	7	4
637	7	17	7	1
434	7	14	7	1
346	7	6	7	2
882	7	2	7	4
862	7	2	7	5
366	7	6	7	2
919	7	19	7	3
386	7	6	7	3
657	7	17	7	3
764	7	4	7	4
406	7	6	7	4
802	7	2	7	5
474	7	14	7	5
804	7	4	7	4
32	7	12	7	4
514	7	14	7	5
534	7	14	7	4
417	7	17	7	3
52	7	12	7	5
742	7	2	7	3
397	7	17	7	5
554	7	14	7	3
72	7	12	7	1
722	7	2	7	4
377	7	17	7	4
677	7	17	7	4
214	7	14	7	5
357	7	17	7	3
839	7	19	7	2
844	7	4	7	3
614	7	14	7	2
634	7	14	7	4
92	7	12	7	4
682	7	2	7	4
365	7	5	7	2
297	7	17	7	4
779	7	19	7	3
864	7	4	7	5
66	7	6	7	3
277	7	17	7	2
719	7	19	7	2
466	7	6	7	4
714	7	14	7	4
217	7	17	7	4
569	7	9	7	4
697	7	17	7	5
486	7	6	7	5
924	7	4	7	4
177	7	17	7	4
774	7	14	7	2
305	7	5	7	4
814	7	14	7	4
699	7	19	7	2
834	7	14	7	4
622	7	2	7	5
117	7	17	7	3
854	7	14	7	4
582	7	2	7	5
97	7	17	7	5
265	7	5	7	2
894	7	14	7	4
192	7	12	7	4
57	7	17	7	4
37	7	17	7	4
526	7	6	7	4
151	7	11	7	4
17	7	17	7	4
941	7	1	7	4
252	7	12	7	4
659	7	19	7	3
442	7	2	7	4
46	7	6	7	4
145	7	5	7	5
546	7	6	7	5
7	7	7	7	5
566	7	6	7	4
422	7	2	7	3
292	7	12	7	3
881	7	1	7	4
435	7	15	7	4
402	7	2	7	4
382	7	2	7	2
67	7	7	7	5
87	7	7	7	4
342	7	2	7	4
251	7	11	7	3
579	7	19	7	3
761	7	1	7	4
606	7	6	7	4
332	7	12	7	4
262	7	2	7	4
741	7	1	7	3
26	7	6	7	3
352	7	12	7	3
227	7	7	7	5
247	7	7	7	4
65	7	5	7	1
291	7	11	7	5
372	7	12	7	3
45	7	5	7	3
665	7	5	7	4
267	7	7	7	5
25	7	5	7	4
499	7	19	7	4
412	7	12	7	5
222	7	2	7	5
432	7	12	7	2
621	7	1	7	4
717	7	17	7	4
162	7	2	7	3
194	7	14	7	3
142	7	2	7	4
666	7	6	7	4
936	7	16	7	4
327	7	7	7	3
347	7	7	7	4
102	7	2	7	2
581	7	1	7	4
706	7	6	7	3
367	7	7	7	5
452	7	12	7	5
387	7	7	7	5
331	7	11	7	4
82	7	2	7	3
561	7	1	7	5
472	7	12	7	5
459	7	19	7	5
62	7	2	7	4
916	7	16	7	4
896	7	16	7	4
407	7	7	7	4
439	7	19	7	4
344	7	4	7	4
521	7	1	7	3
447	7	7	7	5
786	7	6	7	5
467	7	7	7	5
501	7	1	7	4
825	7	5	7	5
491	7	11	7	3
532	7	12	7	5
14	7	14	7	5
441	7	1	7	4
421	7	1	7	3
527	7	7	7	5
908	7	8	7	3
868	7	8	7	5
551	7	11	7	5
567	7	7	7	4
627	7	7	7	5
321	7	1	7	4
552	7	12	7	3
757	7	17	7	4
776	7	16	7	4
301	7	1	7	4
379	7	19	7	5
592	7	12	7	5
788	7	8	7	4
727	7	7	7	2
671	7	11	7	5
221	7	1	7	4
359	7	19	7	5
886	7	6	7	5
748	7	8	7	4
201	7	1	7	3
339	7	19	7	4
612	7	12	7	3
747	7	7	7	4
906	7	6	7	3
632	7	12	7	3
751	7	11	7	3
648	7	8	7	3
576	7	16	7	5
847	7	7	7	3
10	7	10	7	4
867	7	7	7	5
887	7	7	7	4
181	7	1	7	4
30	7	10	7	4
831	7	11	7	5
588	7	8	7	3
496	7	16	7	4
141	7	1	7	5
299	7	19	7	3
817	7	17	7	4
927	7	7	7	3
792	7	12	7	4
548	7	8	7	5
184	7	4	7	3
101	7	1	7	3
13	7	13	7	2
81	7	1	7	4
852	7	12	7	3
455	7	15	7	4
6	7	6	7	2
911	7	11	7	4
21	7	1	7	5
1	7	1	7	4
468	7	8	7	3
53	7	13	7	3
73	7	13	7	4
113	7	13	7	3
892	7	12	7	4
60	7	0	7	5
368	7	8	7	4
416	7	16	7	4
130	7	10	7	5
348	7	8	7	4
213	7	13	7	4
264	7	4	7	5
932	7	12	7	4
328	7	8	7	4
279	7	19	7	5
903	7	3	7	2
160	7	0	7	3
745	7	5	7	4
9	7	9	7	4
200	7	0	7	4
308	7	8	7	4
293	7	13	7	3
883	7	3	7	5
190	7	10	7	4
49	7	9	7	4
843	7	3	7	5
199	7	19	7	4
296	7	16	7	5
280	7	0	7	4
268	7	8	7	4
823	7	3	7	5
69	7	9	7	5
230	7	10	7	3
159	7	19	7	5
89	7	9	7	5
276	7	16	7	5
248	7	8	7	2
250	7	10	7	4
320	7	0	7	4
393	7	13	7	4
188	7	8	7	5
119	7	19	7	5
703	7	3	7	4
413	7	13	7	3
168	7	8	7	1
865	7	5	7	5
109	7	9	7	4
148	7	8	7	5
270	7	10	7	4
663	7	3	7	4
453	7	13	7	5
473	7	13	7	2
643	7	3	7	4
94	7	14	7	4
380	7	0	7	3
99	7	19	7	4
493	7	13	7	3
108	7	8	7	5
256	7	16	7	4
68	7	8	7	3
189	7	9	7	3
79	7	19	7	5
28	7	8	7	5
603	7	3	7	5
460	7	0	7	3
8	7	8	7	3
583	7	3	7	5
938	7	18	7	4
216	7	16	7	5
59	7	19	7	4
176	7	16	7	5
500	7	0	7	5
249	7	9	7	5
116	7	16	7	2
653	7	13	7	2
905	7	5	7	4
838	7	18	7	5
540	7	0	7	4
430	7	10	7	3
693	7	13	7	4
96	7	16	7	5
450	7	10	7	4
244	7	4	7	4
463	7	3	7	4
269	7	9	7	3
76	7	16	7	4
733	7	13	7	3
560	7	0	7	3
885	7	5	7	3
56	7	16	7	5
580	7	0	7	3
403	7	3	7	5
778	7	18	7	4
74	7	14	7	4
773	7	13	7	2
793	7	13	7	3
289	7	9	7	4
16	7	16	7	5
758	7	18	7	5
620	7	0	7	4
833	7	13	7	3
329	7	9	7	3
363	7	3	7	3
890	7	10	7	4
343	7	3	7	5
913	7	13	7	5
738	7	18	7	4
660	7	0	7	3
54	7	14	7	4
470	7	10	7	3
933	7	13	7	4
323	7	3	7	2
889	7	9	7	3
490	7	10	7	3
680	7	0	7	5
678	7	18	7	4
658	7	18	7	4
870	7	10	7	4
618	7	18	7	4
303	7	3	7	4
730	7	10	7	4
610	7	10	7	2
805	7	5	7	5
58	7	18	7	5
840	7	0	7	4
630	7	10	7	4
555	7	15	7	4
535	7	15	7	5
118	7	18	7	5
518	7	18	7	3
158	7	18	7	5
243	7	3	7	3
880	7	0	7	3
498	7	18	7	3
429	7	9	7	2
709	7	9	7	3
478	7	18	7	1
203	7	3	7	3
178	7	18	7	4
790	7	10	7	4
650	7	10	7	4
689	7	9	7	5
458	7	18	7	4
669	7	9	7	3
198	7	18	7	4
629	7	9	7	2
378	7	18	7	4
940	7	0	7	4
23	7	3	7	4
43	7	3	7	4
770	7	10	7	5
295	7	15	7	5
671	27	11	7	3
773	27	13	7	1
600	27	0	7	3
727	27	7	7	4
297	27	17	7	1
682	27	2	7	3
627	27	7	7	3
16	27	16	7	2
487	27	7	7	5
709	27	9	7	3
447	27	7	7	3
650	27	10	7	3
896	27	16	7	1
472	27	12	7	4
387	27	7	7	1
655	27	15	7	3
405	27	5	7	1
452	27	12	7	5
291	27	11	7	3
198	27	18	7	2
85	27	5	7	4
586	27	6	7	3
619	27	19	7	4
849	27	9	7	5
87	27	7	7	4
276	27	16	7	3
417	27	17	7	3
320	27	0	7	3
393	27	13	7	4
435	27	15	7	1
268	27	8	7	4
881	27	1	7	3
442	27	2	7	2
7	27	7	7	4
37	27	17	7	4
715	27	15	7	3
293	27	13	7	3
279	27	19	7	5
130	27	10	7	4
943	27	3	7	4
216	27	16	7	3
1	27	1	7	2
457	27	17	7	4
416	27	16	7	4
374	27	14	7	4
13	27	13	7	3
892	27	12	7	4
871	27	11	7	2
425	27	5	7	3
851	27	11	7	4
886	27	6	7	2
217	27	17	7	1
880	27	0	7	3
757	27	17	7	4
466	27	6	7	3
201	27	1	7	3
221	27	1	7	4
318	47	18	7	2
436	47	16	7	4
102	47	2	7	2
601	47	1	7	3
343	47	3	7	4
311	47	11	7	2
286	47	6	7	4
327	47	7	7	4
870	47	10	7	3
508	47	8	7	3
267	47	7	7	5
429	47	9	7	4
378	47	18	7	4
184	47	4	7	4
655	47	15	7	3
389	47	9	7	4
65	47	5	7	2
455	47	15	7	2
474	47	14	7	4
262	47	2	7	2
795	47	15	7	3
271	47	11	7	3
87	47	7	7	3
747	47	7	7	5
11	47	11	7	4
880	47	0	7	4
342	47	2	7	5
116	47	16	7	3
18	47	18	7	3
276	47	16	7	4
218	47	18	7	4
503	47	3	7	5
151	47	11	7	3
201	47	1	7	4
663	47	3	7	4
299	47	19	7	4
398	47	18	7	3
763	47	3	7	3
269	47	9	7	4
92	47	12	7	4
268	47	8	7	1
805	47	5	7	5
405	47	5	7	5
864	47	4	7	5
177	47	17	7	3
313	47	13	7	3
49	47	9	7	5
476	47	16	7	3
94	47	14	7	5
7	47	7	7	5
645	47	5	7	4
533	47	13	7	1
264	47	4	7	5
239	47	19	7	2
524	47	4	7	2
293	47	13	7	3
308	47	8	7	4
643	47	3	7	4
887	47	7	7	5
417	47	17	7	3
883	47	3	7	3
847	47	7	7	2
185	47	5	7	4
130	47	10	7	3
542	47	2	7	5
932	47	12	7	4
903	47	3	7	5
325	47	5	7	3
437	47	17	7	4
216	47	16	7	4
622	47	2	7	3
195	47	15	7	5
233	47	13	7	5
303	47	3	7	5
648	47	8	7	2
59	47	19	7	5
98	47	18	7	4
682	47	2	7	1
6	47	6	7	3
379	47	19	7	5
773	47	13	7	4
592	47	12	7	5
295	47	15	7	5
749	47	9	7	4
297	47	17	7	2
506	47	6	7	4
279	47	19	7	4
690	47	10	7	1
457	47	17	7	4
591	47	11	7	3
301	47	1	7	4
60	47	0	7	4
571	47	11	7	3
940	47	0	7	3
363	47	3	7	5
846	47	6	7	5
330	47	10	7	5
43	47	3	7	1
627	47	7	7	2
361	47	1	7	4
406	47	6	7	4
354	47	14	7	4
234	47	14	7	2
868	47	8	7	2
399	47	19	7	3
833	47	13	7	5
385	47	5	7	4
334	47	14	7	4
567	47	7	7	4
908	47	8	7	3
514	47	14	7	4
640	47	0	7	4
806	47	6	7	4
1	47	1	7	4
790	47	10	7	2
468	47	8	7	5
339	47	19	7	4
716	47	16	7	3
62	47	2	7	4
391	47	11	7	4
738	47	18	7	3
886	47	6	7	4
450	47	10	7	3
660	47	0	7	2
543	47	3	7	3
561	47	1	7	4
387	47	7	7	4
664	47	4	7	4
537	47	17	7	4
737	47	17	7	3
331	47	11	7	5
555	47	15	7	2
535	47	15	7	5
102	67	2	7	1
94	67	14	7	3
174	67	14	7	1
194	67	14	7	1
314	67	14	7	4
497	67	17	7	3
394	67	14	7	5
417	67	17	7	4
554	67	14	7	3
337	67	17	7	4
934	67	14	7	4
87	67	7	7	4
741	67	1	7	3
267	67	7	7	3
621	67	1	7	4
561	67	1	7	1
407	67	7	7	1
487	67	7	7	3
301	67	1	7	2
727	67	7	7	4
927	67	7	7	4
13	67	13	7	1
1	67	1	7	3
943	67	3	7	4
293	67	13	7	3
313	67	13	7	1
393	67	13	7	3
453	67	13	7	4
643	67	3	7	4
523	67	3	7	4
833	67	13	7	3
363	67	3	7	1
343	67	3	7	3
933	67	13	7	1
303	67	3	7	5
38	67	18	7	4
378	67	18	7	2
880	67	0	7	1
660	67	0	7	1
280	67	0	7	4
268	67	8	7	3
180	67	0	7	1
588	67	8	7	1
648	67	8	7	4
868	67	8	7	3
551	67	11	7	5
222	67	2	7	4
291	67	11	7	4
442	67	2	7	3
622	67	2	7	1
864	67	4	7	4
642	67	2	7	4
682	67	2	7	4
684	67	4	7	3
922	67	2	7	3
95	67	15	7	2
195	67	15	7	2
504	67	4	7	2
295	67	15	7	4
435	67	15	7	4
495	67	15	7	3
244	67	4	7	4
184	67	4	7	3
44	67	4	7	3
92	67	12	7	3
152	67	12	7	5
472	67	12	7	4
399	67	19	7	3
339	67	19	7	3
712	67	12	7	3
299	67	19	7	2
279	67	19	7	4
892	67	12	7	4
932	67	12	7	2
159	67	19	7	1
109	67	9	7	5
389	67	9	7	2
790	67	10	7	3
690	67	10	7	4
749	67	9	7	1
889	67	9	7	2
450	67	10	7	3
56	67	16	7	2
196	67	16	7	5
330	67	10	7	4
216	67	16	7	3
276	67	16	7	3
336	67	16	7	4
416	67	16	7	4
130	67	10	7	4
110	67	10	7	3
476	67	16	7	4
886	67	6	7	4
846	67	6	7	4
896	67	16	7	2
586	67	6	7	5
125	67	5	7	5
506	67	6	7	3
405	67	5	7	5
346	67	6	7	3
326	67	6	7	2
246	67	6	7	2
545	67	5	7	1
253	87	13	7	5
488	87	8	7	5
201	87	1	7	3
719	87	19	7	2
466	87	6	7	3
42	87	2	7	4
445	87	5	7	3
846	87	6	7	4
385	87	5	7	3
497	87	17	7	3
378	87	18	7	4
405	87	5	7	1
271	87	11	7	3
235	87	15	7	4
465	87	5	7	4
321	87	1	7	3
916	87	16	7	3
639	87	19	7	3
721	87	1	7	3
96	87	16	7	4
542	87	2	7	3
144	87	4	7	5
409	87	9	7	3
450	87	10	7	5
499	87	19	7	4
13	87	13	7	5
194	87	14	7	4
527	87	7	7	3
212	87	12	7	5
454	87	14	7	4
618	87	18	7	3
421	87	1	7	4
178	87	18	7	4
763	87	3	7	2
177	87	17	7	4
854	87	14	7	4
174	87	14	7	5
577	87	17	7	5
830	87	10	7	4
354	87	14	7	3
84	87	4	7	5
59	87	19	7	4
207	87	7	7	4
327	87	7	7	3
921	87	1	7	2
798	87	18	7	3
389	87	9	7	5
303	87	3	7	3
621	87	1	7	5
398	87	18	7	4
592	87	12	7	4
305	87	5	7	1
343	87	3	7	4
561	87	1	7	3
749	87	9	7	4
747	87	7	7	5
6	87	6	7	4
532	87	12	7	5
80	87	0	7	4
455	87	15	7	3
20	87	0	7	5
615	87	15	7	4
363	87	3	7	3
815	87	15	7	5
796	87	16	7	5
887	87	7	7	5
559	87	19	7	4
892	87	12	7	5
56	87	16	7	4
484	87	4	7	5
64	87	4	7	4
393	87	13	7	4
655	87	15	7	3
654	87	14	7	4
535	87	15	7	5
437	87	17	7	3
263	87	3	7	4
870	87	10	7	5
682	87	2	7	5
85	87	5	7	4
16	87	16	7	4
416	87	16	7	5
933	87	13	7	4
823	87	3	7	5
727	87	7	7	4
119	87	19	7	5
92	87	12	7	3
653	87	13	7	4
487	87	7	7	5
72	87	12	7	4
429	87	9	7	3
838	87	18	7	4
804	87	4	7	4
554	87	14	7	4
222	87	2	7	3
886	87	6	7	4
125	87	5	7	5
889	87	9	7	4
781	87	1	7	4
215	87	15	7	5
555	87	15	7	4
344	87	4	7	4
44	87	4	7	5
474	87	14	7	4
87	87	7	7	4
65	87	5	7	5
308	87	8	7	4
234	87	14	7	3
345	87	5	7	5
279	87	19	7	1
751	87	11	7	5
514	87	14	7	5
896	87	16	7	4
536	87	16	7	3
521	87	1	7	3
293	87	13	7	4
864	87	4	7	5
911	87	11	7	5
82	87	2	7	3
880	87	0	7	4
660	87	0	7	2
406	87	6	7	3
374	87	14	7	5
496	87	16	7	5
606	87	6	7	4
533	87	13	7	4
1	87	1	7	5
715	87	15	7	4
601	87	1	7	4
902	87	2	7	4
645	87	5	7	4
347	87	7	7	3
643	87	3	7	5
537	87	17	7	3
151	87	11	7	4
228	87	8	7	1
903	87	3	7	4
629	87	9	7	5
89	107	9	7	5
648	107	8	7	4
181	107	1	7	1
494	107	14	7	4
325	107	5	7	2
1	107	1	7	4
697	107	17	7	5
607	107	7	7	4
106	107	6	7	4
621	107	1	7	4
416	107	16	7	5
601	107	1	7	4
265	107	5	7	1
483	107	3	7	3
721	107	1	7	4
894	107	14	7	3
532	107	12	7	5
891	107	11	7	5
907	107	7	7	5
52	107	12	7	4
11	107	11	7	4
370	107	10	7	4
533	107	13	7	3
930	107	10	7	3
224	107	4	7	3
463	107	3	7	3
158	107	18	7	3
174	107	14	7	5
387	107	7	7	3
200	107	0	7	3
733	107	13	7	4
474	107	14	7	3
454	107	14	7	3
348	107	8	7	4
286	107	6	7	1
207	107	7	7	3
588	107	8	7	5
271	107	11	7	1
308	107	8	7	4
99	107	19	7	3
537	107	17	7	3
524	107	4	7	3
486	127	6	7	5
690	127	10	7	4
2	127	2	7	5
701	127	1	7	4
368	127	8	7	4
854	127	14	7	4
425	127	5	7	4
573	127	13	7	4
305	127	5	7	5
234	127	14	7	4
8	127	8	7	5
113	127	13	7	4
848	127	8	7	3
517	127	17	7	4
939	127	19	7	5
332	127	12	7	5
322	127	2	7	4
869	127	9	7	5
922	127	2	7	3
460	127	0	7	4
494	127	14	7	5
318	127	18	7	5
804	127	4	7	3
782	127	2	7	4
504	127	4	7	5
938	127	18	7	5
409	127	9	7	4
422	127	2	7	4
910	127	10	7	5
43	127	3	7	4
747	127	7	7	5
710	127	10	7	5
886	127	6	7	4
637	127	17	7	2
736	127	16	7	4
524	127	4	7	5
120	127	0	7	4
296	127	16	7	5
644	127	4	7	4
834	127	14	7	5
716	127	16	7	5
209	127	9	7	5
884	127	4	7	4
333	127	13	7	4
619	127	19	7	4
157	127	17	7	5
160	127	0	7	5
597	127	17	7	4
231	127	11	7	3
402	127	2	7	5
727	127	7	7	4
13	127	13	7	5
774	127	14	7	4
605	127	5	7	5
618	127	18	7	5
104	127	4	7	3
913	127	13	7	4
177	127	17	7	5
73	127	13	7	5
211	127	11	7	4
465	127	5	7	4
215	127	15	7	4
328	127	8	7	5
889	127	9	7	4
623	127	3	7	4
325	127	5	7	5
358	127	18	7	1
838	127	18	7	5
532	127	12	7	5
549	127	9	7	5
236	127	16	7	5
843	127	3	7	2
794	127	14	7	5
643	127	3	7	5
840	127	0	7	4
382	127	2	7	3
456	127	16	7	5
417	127	17	7	4
480	127	0	7	3
533	127	13	7	5
15	127	15	7	2
337	127	17	7	3
21	127	1	7	5
634	127	14	7	5
830	127	10	7	4
768	127	8	7	5
721	127	1	7	5
109	127	9	7	2
95	127	15	7	4
450	127	10	7	5
537	127	17	7	5
805	127	5	7	3
864	127	4	7	4
495	127	15	7	4
161	127	1	7	3
606	127	6	7	4
492	127	12	7	5
250	127	10	7	4
746	127	6	7	2
150	127	10	7	5
703	127	3	7	5
327	127	7	7	4
363	127	3	7	4
334	127	14	7	4
169	127	9	7	4
192	127	12	7	4
248	127	8	7	5
594	127	14	7	4
615	127	15	7	5
833	127	13	7	5
212	127	12	7	2
929	127	9	7	5
94	127	14	7	5
590	127	10	7	4
612	127	12	7	2
789	127	9	7	5
708	127	8	7	3
475	127	15	7	4
10	127	10	7	5
581	127	1	7	5
683	127	3	7	4
64	127	4	7	5
890	127	10	7	5
38	127	18	7	2
387	127	7	7	4
868	127	8	7	4
564	127	4	7	4
85	127	5	7	5
407	127	7	7	3
666	127	6	7	5
207	127	7	7	5
765	127	5	7	5
62	127	2	7	4
391	127	11	7	5
525	127	5	7	3
538	127	18	7	5
735	127	15	7	4
91	127	11	7	5
232	127	12	7	3
761	127	1	7	3
731	127	11	7	4
371	127	11	7	4
339	127	19	7	5
781	127	1	7	5
294	127	14	7	5
449	127	9	7	5
542	127	2	7	5
379	127	19	7	5
213	127	13	7	5
935	127	15	7	4
6	127	6	7	5
16	127	16	7	5
459	127	19	7	4
766	127	6	7	5
58	127	18	7	4
744	127	4	7	5
497	127	17	7	5
758	127	18	7	5
880	127	0	7	5
610	127	10	7	5
896	127	16	7	5
672	127	12	7	4
648	127	8	7	3
745	127	5	7	2
521	127	1	7	4
445	127	5	7	2
457	127	17	7	5
132	127	12	7	4
793	127	13	7	5
557	127	17	7	4
455	127	15	7	5
286	127	6	7	4
82	127	2	7	2
139	127	19	7	5
936	127	16	7	5
692	127	12	7	3
879	127	19	7	5
324	127	4	7	4
630	127	10	7	2
233	127	13	7	5
373	127	13	7	2
416	127	16	7	5
663	127	3	7	5
773	127	13	7	5
467	127	7	7	5
326	127	6	7	1
102	127	2	7	2
115	127	15	7	5
678	127	18	7	5
108	127	8	7	4
686	127	6	7	5
14	127	14	7	2
12	127	12	7	4
602	127	2	7	5
184	127	4	7	5
797	127	17	7	4
311	127	11	7	4
786	127	6	7	4
263	127	3	7	4
878	127	18	7	4
807	127	7	7	3
501	127	1	7	5
933	127	13	7	5
608	127	8	7	5
131	127	11	7	4
148	127	8	7	1
749	127	9	7	4
403	127	3	7	4
385	127	5	7	4
622	127	2	7	5
777	127	17	7	1
698	127	18	7	4
87	127	7	7	4
280	127	0	7	5
158	127	18	7	5
68	127	8	7	4
435	127	15	7	4
452	127	12	7	5
556	127	16	7	5
586	127	6	7	4
806	127	6	7	5
699	127	19	7	3
479	127	19	7	5
897	127	17	7	5
227	127	7	7	4
423	127	3	7	4
141	127	1	7	2
469	127	9	7	4
243	127	3	7	4
600	127	0	7	5
674	127	14	7	5
742	127	2	7	5
299	127	19	7	5
121	127	1	7	5
825	127	5	7	3
89	127	9	7	5
159	127	19	7	5
733	127	13	7	3
421	127	1	7	4
420	127	0	7	5
122	127	2	7	5
659	127	19	7	5
482	127	2	7	4
466	127	6	7	3
490	127	10	7	5
881	127	1	7	4
293	127	13	7	5
823	127	3	7	5
389	127	9	7	5
406	127	6	7	4
498	127	18	7	4
665	127	5	7	4
22	127	2	7	5
316	127	16	7	2
566	127	6	7	5
693	127	13	7	4
458	127	18	7	5
592	127	12	7	5
759	127	19	7	2
658	127	18	7	5
18	127	18	7	5
398	127	18	7	4
738	127	18	7	4
826	127	6	7	5
344	127	4	7	5
463	127	3	7	5
474	127	14	7	5
473	127	13	7	5
268	127	8	7	4
851	127	11	7	5
7	127	7	7	5
568	127	8	7	4
682	127	2	7	5
59	127	19	7	5
709	127	9	7	5
96	127	16	7	5
178	127	18	7	5
527	127	7	7	5
737	127	17	7	5
924	127	4	7	3
374	127	14	7	4
272	127	12	7	5
638	127	18	7	2
430	127	10	7	4
343	127	3	7	5
815	127	15	7	3
694	127	14	7	5
386	127	6	7	5
862	127	2	7	5
548	127	8	7	5
193	127	13	7	5
329	127	9	7	4
883	127	3	7	5
624	127	4	7	4
499	127	19	7	4
908	127	8	7	4
717	127	17	7	4
401	127	1	7	1
194	127	14	7	5
237	127	17	7	5
943	127	3	7	5
26	127	6	7	5
871	127	11	7	5
436	127	16	7	5
595	127	15	7	5
852	127	12	7	4
395	127	15	7	5
313	127	13	7	5
72	127	12	7	5
116	127	16	7	5
503	127	3	7	5
189	127	9	7	4
347	127	7	7	5
288	127	8	7	5
222	127	2	7	5
650	127	10	7	2
198	127	18	7	5
567	127	7	7	5
253	127	13	7	5
392	127	12	7	5
46	127	6	7	5
397	127	17	7	5
891	127	11	7	4
292	127	12	7	5
846	127	6	7	5
424	127	4	7	4
54	127	14	7	4
175	127	15	7	5
902	127	2	7	3
839	127	19	7	5
697	127	17	7	5
552	127	12	7	4
45	127	5	7	5
346	127	6	7	5
763	127	3	7	4
539	127	19	7	3
210	127	10	7	5
903	127	3	7	5
488	127	8	7	4
493	127	13	7	3
303	127	3	7	5
267	127	7	7	5
551	127	11	7	5
505	127	5	7	1
123	127	3	7	5
870	127	10	7	5
526	127	6	7	4
66	127	6	7	4
165	127	5	7	4
153	127	13	7	3
37	127	17	7	4
323	127	3	7	5
931	127	11	7	5
669	127	9	7	5
464	127	4	7	5
887	127	7	7	3
103	127	3	7	4
256	127	16	7	4
601	127	1	7	4
201	127	1	7	5
136	127	16	7	5
321	127	1	7	3
360	127	0	7	5
315	127	15	7	5
429	127	9	7	4
185	127	5	7	5
513	127	13	7	4
269	127	9	7	4
835	127	15	7	4
90	127	10	7	4
653	127	13	7	5
83	127	3	7	4
405	127	5	7	5
562	127	2	7	5
664	127	4	7	5
796	127	16	7	5
271	127	11	7	5
651	127	11	7	4
559	127	19	7	4
468	127	8	7	4
188	127	8	7	4
649	127	9	7	5
799	127	19	7	4
591	127	11	7	4
754	127	14	7	4
350	127	10	7	5
560	127	0	7	5
604	127	4	7	4
858	127	18	7	5
613	127	13	7	4
491	127	11	7	3
214	127	14	7	4
77	127	17	7	2
399	127	19	7	2
928	127	8	7	5
719	127	19	7	3
144	127	4	7	4
655	127	15	7	5
629	127	9	7	5
197	127	17	7	5
25	127	5	7	3
298	127	18	7	5
874	127	14	7	5
800	127	0	7	4
892	127	12	7	5
24	127	4	7	5
575	127	15	7	2
1	127	1	7	5
195	127	15	7	5
308	127	8	7	4
301	127	1	7	4
276	127	16	7	5
776	127	16	7	5
445	147	5	7	2
374	147	14	7	3
633	147	13	7	4
142	147	2	7	1
72	147	12	7	5
458	147	18	7	2
543	147	3	7	4
308	147	8	7	3
303	147	3	7	4
454	147	14	7	3
393	147	13	7	5
921	147	1	7	3
606	147	6	7	5
666	147	6	7	3
343	147	3	7	4
941	147	1	7	4
251	147	11	7	3
665	147	5	7	4
222	147	2	7	4
162	147	2	7	4
297	147	17	7	3
413	147	13	7	2
346	147	6	7	4
268	147	8	7	4
722	147	2	7	3
174	147	14	7	4
649	147	9	7	4
417	147	17	7	4
190	147	10	7	4
313	147	13	7	4
463	147	3	7	3
501	147	1	7	3
708	147	8	7	4
854	147	14	7	3
940	147	0	7	4
104	147	4	7	3
388	147	8	7	4
401	147	1	7	2
620	147	0	7	3
348	147	8	7	5
59	147	19	7	5
455	147	15	7	4
533	147	13	7	1
682	147	2	7	1
518	147	18	7	4
851	147	11	7	4
552	147	12	7	3
500	147	0	7	3
186	147	6	7	4
1	147	1	7	3
792	147	12	7	4
347	147	7	7	4
249	147	9	7	5
614	147	14	7	5
130	147	10	7	4
259	147	19	7	4
479	147	19	7	3
728	147	8	7	4
495	147	15	7	5
119	147	19	7	4
81	147	1	7	4
416	147	16	7	5
314	147	14	7	4
157	147	17	7	5
647	147	7	7	4
540	147	0	7	3
200	147	0	7	5
886	147	6	7	5
609	147	9	7	1
894	147	14	7	3
871	147	11	7	5
684	147	4	7	2
109	147	9	7	4
332	147	12	7	4
654	147	14	7	3
534	147	14	7	5
226	147	6	7	3
276	147	16	7	4
54	147	14	7	5
293	147	13	7	2
152	147	12	7	3
291	147	11	7	4
62	147	2	7	3
796	147	16	7	5
289	147	9	7	3
761	147	1	7	4
506	147	6	7	3
82	147	2	7	3
294	147	14	7	4
75	147	15	7	3
916	147	16	7	1
817	147	17	7	3
634	147	14	7	2
434	147	14	7	3
429	147	9	7	2
44	147	4	7	4
447	147	7	7	4
407	147	7	7	4
663	147	3	7	3
629	147	9	7	5
551	147	11	7	4
532	147	12	7	4
357	147	17	7	5
671	147	11	7	1
825	147	5	7	5
13	147	13	7	3
521	147	1	7	4
101	147	1	7	4
758	147	18	7	4
889	147	9	7	3
537	147	17	7	2
896	147	16	7	2
459	147	19	7	3
234	147	14	7	3
637	147	17	7	1
738	147	18	7	3
899	147	19	7	2
267	147	7	7	3
286	147	6	7	5
67	147	7	7	3
883	147	3	7	2
580	147	0	7	3
151	147	11	7	2
862	147	2	7	5
193	147	13	7	2
92	147	12	7	2
175	147	15	7	3
141	147	1	7	4
903	147	3	7	3
320	147	0	7	4
592	147	12	7	4
216	147	16	7	4
37	147	17	7	3
224	147	4	7	3
329	147	9	7	3
805	147	5	7	5
457	147	17	7	5
399	147	19	7	5
555	147	15	7	4
99	147	19	7	5
525	147	5	7	3
279	147	19	7	4
735	147	15	7	1
496	147	16	7	3
717	147	17	7	4
907	147	7	7	5
425	147	5	7	3
548	147	8	7	5
727	147	7	7	3
256	147	16	7	4
642	147	2	7	4
880	147	0	7	4
577	147	17	7	4
733	147	13	7	1
144	147	4	7	3
403	147	3	7	5
150	147	10	7	4
624	147	4	7	4
699	147	19	7	2
439	147	19	7	4
756	147	16	7	4
678	147	18	7	4
621	147	1	7	3
178	147	18	7	4
526	147	6	7	4
908	147	8	7	2
277	147	17	7	4
612	147	12	7	4
486	147	6	7	2
327	147	7	7	2
893	147	13	7	3
262	147	2	7	3
181	147	1	7	1
217	147	17	7	3
255	147	15	7	4
387	147	7	7	2
49	147	9	7	1
69	147	9	7	3
919	147	19	7	4
138	147	18	7	4
643	147	3	7	3
819	147	19	7	5
507	147	7	7	5
703	147	3	7	3
882	147	2	7	4
279	167	19	7	3
885	167	5	7	3
152	167	12	7	5
222	167	2	7	3
795	167	15	7	3
450	167	10	7	5
711	167	11	7	2
269	167	9	7	1
890	167	10	7	2
660	167	0	7	2
536	167	16	7	3
286	167	6	7	5
290	167	10	7	2
436	167	16	7	3
933	167	13	7	2
313	167	13	7	3
293	167	13	7	3
346	167	6	7	2
749	167	9	7	2
398	167	18	7	3
87	167	7	7	4
932	167	12	7	4
328	167	8	7	3
280	167	0	7	4
648	167	8	7	4
102	167	2	7	2
254	167	14	7	3
22	167	2	7	3
497	167	17	7	2
682	167	2	7	2
707	167	7	7	2
389	167	9	7	3
788	167	8	7	3
56	167	16	7	3
815	167	15	7	2
378	167	18	7	4
62	167	2	7	2
244	167	4	7	3
559	167	19	7	3
804	167	4	7	3
417	167	17	7	3
435	167	15	7	3
5	167	5	7	2
318	167	18	7	4
659	167	19	7	3
92	167	12	7	3
429	167	9	7	3
174	167	14	7	3
299	167	19	7	3
194	167	14	7	2
339	167	19	7	4
655	167	15	7	4
727	167	7	7	2
523	167	3	7	4
303	167	3	7	3
653	167	13	7	2
504	167	4	7	3
864	167	4	7	4
210	167	10	7	4
1	167	1	7	2
805	167	5	7	3
13	167	13	7	4
563	167	3	7	4
495	167	15	7	4
545	167	5	7	3
868	167	8	7	1
690	167	10	7	2
780	187	0	7	5
161	187	1	7	3
385	187	5	7	4
538	187	18	7	5
436	187	16	7	5
928	187	8	7	5
880	187	0	7	5
233	187	13	7	4
664	187	4	7	5
498	187	18	7	4
48	187	8	7	5
823	187	3	7	5
739	187	19	7	4
456	187	16	7	4
8	187	8	7	4
606	187	6	7	4
830	187	10	7	2
276	187	16	7	5
373	187	13	7	2
897	187	17	7	5
59	187	19	7	5
343	187	3	7	4
85	187	5	7	5
748	187	8	7	4
592	187	12	7	5
492	187	12	7	5
303	187	3	7	5
903	187	3	7	5
387	187	7	7	4
929	187	9	7	5
184	187	4	7	4
399	187	19	7	3
875	187	15	7	4
615	187	15	7	5
6	187	6	7	4
833	187	13	7	5
293	187	13	7	3
339	187	19	7	5
207	187	7	7	5
610	187	10	7	4
766	187	6	7	4
391	187	11	7	4
862	187	2	7	4
781	187	1	7	5
389	187	9	7	5
450	187	10	7	5
648	187	8	7	3
497	187	17	7	5
896	187	16	7	5
586	187	6	7	4
213	187	13	7	5
363	187	3	7	2
94	187	14	7	4
786	187	6	7	4
608	187	8	7	4
773	187	13	7	5
316	187	16	7	2
138	187	18	7	5
452	187	12	7	3
326	187	6	7	1
666	187	6	7	5
158	187	18	7	5
346	187	6	7	3
600	187	0	7	5
311	187	11	7	4
749	187	9	7	3
154	187	14	7	5
102	187	2	7	3
269	187	9	7	4
753	187	13	7	3
421	187	1	7	4
876	187	16	7	4
479	187	19	7	4
890	187	10	7	5
704	187	4	7	4
72	187	12	7	4
122	187	2	7	4
7	187	7	7	4
943	187	3	7	5
806	187	6	7	5
709	187	9	7	5
693	187	13	7	3
836	187	16	7	5
193	187	13	7	4
435	187	15	7	4
568	187	8	7	3
881	187	1	7	4
96	187	16	7	5
826	187	6	7	4
178	187	18	7	4
655	187	15	7	5
835	187	15	7	4
737	187	17	7	5
698	187	18	7	2
638	187	18	7	2
116	187	16	7	5
527	187	7	7	5
503	187	3	7	5
902	187	2	7	3
198	187	18	7	4
871	187	11	7	5
194	187	14	7	4
567	187	7	7	5
123	187	3	7	4
425	187	5	7	3
144	187	4	7	4
165	187	5	7	3
315	187	15	7	4
347	187	7	7	5
627	187	7	7	5
153	187	13	7	2
650	187	10	7	2
488	187	8	7	3
669	187	9	7	5
653	187	13	7	4
559	187	19	7	3
796	187	16	7	5
416	187	16	7	5
892	187	12	7	5
156	187	16	7	5
350	187	10	7	5
776	187	16	7	4
210	187	10	7	5
296	187	16	7	5
629	187	9	7	5
214	187	14	7	4
313	187	13	7	4
543	187	3	7	4
838	187	18	7	3
298	187	18	7	5
532	187	12	7	4
504	187	4	7	3
506	187	6	7	5
318	187	18	7	4
868	187	8	7	4
271	187	11	7	5
328	187	8	7	4
301	187	1	7	4
846	187	6	7	4
553	187	13	7	5
710	187	10	7	5
619	187	19	7	5
727	187	7	7	5
551	187	11	7	5
537	187	17	7	4
160	187	0	7	5
305	187	5	7	4
73	187	13	7	5
794	187	14	7	5
686	187	6	7	5
886	187	6	7	4
236	187	16	7	3
605	187	5	7	5
312	187	12	7	5
774	187	14	7	3
889	187	9	7	4
177	187	17	7	4
533	187	13	7	4
716	187	16	7	3
840	187	0	7	3
239	187	19	7	5
325	187	5	7	3
234	187	14	7	4
804	187	4	7	4
618	187	18	7	5
682	187	2	7	5
409	187	9	7	3
201	187	1	7	3
524	187	4	7	5
788	187	8	7	4
18	187	18	7	5
197	187	17	7	5
474	187	14	7	5
747	187	7	7	5
256	187	16	7	3
643	187	3	7	4
175	187	15	7	4
308	187	8	7	5
466	187	6	7	3
22	187	2	7	5
1	187	1	7	4
237	187	17	7	3
663	187	3	7	5
767	187	7	7	4
272	187	12	7	5
64	187	4	7	5
90	187	10	7	4
694	187	14	7	4
379	187	19	7	5
933	187	13	7	4
334	187	14	7	4
89	187	9	7	5
267	187	7	7	5
659	187	19	7	5
115	187	15	7	5
542	187	2	7	4
556	187	16	7	5
683	187	3	7	5
535	187	15	7	2
13	187	13	7	5
248	187	8	7	3
91	187	11	7	5
405	187	5	7	5
458	187	18	7	5
188	187	8	7	3
887	187	7	7	4
406	187	6	7	2
360	187	0	7	4
505	187	5	7	1
488	207	8	7	3
731	207	11	7	4
279	207	19	7	5
585	207	5	7	5
234	207	14	7	2
299	207	19	7	3
566	207	6	7	5
425	207	5	7	2
184	207	4	7	4
622	207	2	7	5
588	207	8	7	2
7	207	7	7	4
745	207	5	7	2
409	207	9	7	3
844	207	4	7	4
95	207	15	7	5
565	207	5	7	4
868	207	8	7	3
235	207	15	7	4
608	207	8	7	5
883	207	3	7	3
543	207	3	7	5
437	207	17	7	4
727	207	7	7	5
499	207	19	7	5
849	207	9	7	5
535	207	15	7	4
189	207	9	7	5
305	207	5	7	5
292	207	12	7	5
429	207	9	7	4
312	207	12	7	5
405	207	5	7	1
889	207	9	7	3
505	207	5	7	3
629	207	9	7	4
239	207	19	7	5
360	207	0	7	4
767	207	7	7	5
655	207	15	7	3
527	207	7	7	4
321	207	1	7	3
828	207	8	7	4
406	207	6	7	2
60	207	0	7	3
848	207	8	7	5
481	207	1	7	3
561	207	1	7	3
201	207	1	7	3
334	207	14	7	4
537	207	17	7	4
877	207	17	7	3
867	207	7	7	5
452	207	12	7	4
417	207	17	7	4
474	207	14	7	4
62	207	2	7	3
276	207	16	7	4
450	207	10	7	4
385	207	5	7	4
757	207	17	7	2
1	207	1	7	5
660	207	0	7	4
378	207	18	7	4
236	207	16	7	3
361	207	1	7	4
5	227	5	7	4
275	227	15	7	3
301	227	1	7	3
60	227	0	7	4
279	227	19	7	4
246	227	6	7	4
332	227	12	7	5
8	227	8	7	4
830	227	10	7	3
484	227	4	7	5
197	227	17	7	3
200	227	0	7	5
1	227	1	7	4
23	227	3	7	3
290	227	10	7	2
815	227	15	7	2
295	227	15	7	4
399	227	19	7	2
442	227	2	7	3
897	227	17	7	3
880	227	0	7	2
195	227	15	7	3
922	227	2	7	4
892	227	12	7	4
506	227	6	7	4
533	227	13	7	4
28	227	8	7	4
379	227	19	7	4
425	227	5	7	4
913	227	13	7	1
13	227	13	7	5
627	227	7	7	3
151	227	11	7	5
653	227	13	7	3
201	227	1	7	4
921	227	1	7	3
846	227	6	7	4
505	227	5	7	2
702	227	2	7	4
7	227	7	7	3
943	227	3	7	1
474	227	14	7	4
622	227	2	7	3
59	227	19	7	3
276	227	16	7	4
796	227	16	7	4
393	227	13	7	4
545	227	5	7	4
638	227	18	7	2
826	227	6	7	4
483	227	3	7	3
183	227	3	7	4
145	227	5	7	4
194	227	14	7	1
554	227	14	7	3
788	227	8	7	3
334	227	14	7	1
222	227	2	7	3
44	227	4	7	4
709	227	9	7	2
135	227	15	7	3
148	227	8	7	4
738	227	18	7	4
804	227	4	7	4
806	227	6	7	2
374	227	14	7	4
757	227	17	7	4
650	227	10	7	2
883	227	3	7	3
267	227	7	7	3
600	227	0	7	4
927	227	7	7	2
807	227	7	7	4
254	227	14	7	4
881	227	1	7	4
435	227	15	7	4
280	227	0	7	3
347	227	7	7	4
130	227	10	7	3
588	227	8	7	3
457	227	17	7	4
896	227	16	7	4
56	227	16	7	3
705	227	5	7	4
128	227	8	7	2
158	227	18	7	2
764	227	4	7	4
864	227	4	7	4
256	227	16	7	4
715	227	15	7	3
102	227	2	7	4
749	227	9	7	4
790	227	10	7	3
11	227	11	7	3
487	227	7	7	3
586	227	6	7	2
64	227	4	7	3
524	227	4	7	2
453	227	13	7	3
337	227	17	7	5
311	227	11	7	4
521	227	1	7	3
363	227	3	7	4
95	227	15	7	2
398	227	18	7	2
447	227	7	7	2
127	227	7	7	4
450	227	10	7	3
109	227	9	7	5
22	227	2	7	4
16	227	16	7	5
94	227	14	7	3
751	227	11	7	4
648	227	8	7	3
268	227	8	7	4
339	227	19	7	2
293	227	13	7	2
407	227	7	7	2
632	227	12	7	3
823	227	3	7	1
472	227	12	7	5
496	227	16	7	1
405	227	5	7	1
307	227	7	7	5
62	227	2	7	1
584	227	4	7	4
326	227	6	7	3
833	227	13	7	2
882	227	2	7	4
916	227	16	7	3
429	227	9	7	2
411	227	11	7	3
42	227	2	7	4
495	227	15	7	5
497	227	17	7	2
536	227	16	7	5
758	227	18	7	4
387	227	7	7	4
748	227	8	7	3
691	227	11	7	4
664	227	4	7	3
92	227	12	7	1
532	227	12	7	4
716	227	16	7	3
221	227	1	7	3
774	227	14	7	5
886	227	6	7	3
660	227	0	7	2
551	227	11	7	5
727	227	7	7	4
843	227	3	7	3
303	227	3	7	3
215	227	15	7	5
623	227	3	7	4
394	227	14	7	4
868	227	8	7	1
933	227	13	7	1
603	227	3	7	3
378	227	18	7	3
328	227	8	7	3
70	227	10	7	3
782	247	2	7	1
374	247	14	7	1
38	247	18	7	5
1	247	1	7	1
222	247	2	7	1
422	267	2	7	4
297	267	17	7	3
268	267	8	7	3
532	267	12	7	3
5	267	5	7	4
319	267	19	7	4
130	267	10	7	5
833	267	13	7	1
1	267	1	7	4
835	287	15	7	4
437	287	17	7	2
458	287	18	7	4
334	287	14	7	3
869	287	9	7	2
321	287	1	7	3
707	287	7	7	4
733	287	13	7	3
906	287	6	7	5
450	287	10	7	4
306	287	6	7	4
181	287	1	7	2
457	287	17	7	4
655	287	15	7	3
59	287	19	7	5
859	287	19	7	5
919	287	19	7	4
365	287	5	7	4
131	287	11	7	4
663	287	3	7	5
2	287	2	7	3
592	287	12	7	3
18	287	18	7	4
728	287	8	7	4
342	287	2	7	3
354	287	14	7	3
834	287	14	7	2
697	287	17	7	4
422	287	2	7	3
747	287	7	7	4
907	287	7	7	4
434	287	14	7	5
192	287	12	7	4
665	287	5	7	4
196	287	16	7	3
608	287	8	7	3
901	287	1	7	3
49	287	9	7	4
184	287	4	7	4
104	287	4	7	2
601	287	1	7	1
614	287	14	7	3
303	287	3	7	4
436	287	16	7	4
717	287	17	7	5
13	287	13	7	1
936	287	16	7	4
151	287	11	7	4
880	287	0	7	4
692	287	12	7	3
52	287	12	7	5
416	287	16	7	4
917	287	17	7	4
378	287	18	7	2
63	287	3	7	3
500	287	0	7	3
758	287	18	7	5
234	287	14	7	3
119	287	19	7	4
609	287	9	7	5
185	287	5	7	5
634	287	14	7	3
678	287	18	7	3
90	287	10	7	4
244	287	4	7	3
860	287	0	7	3
224	287	4	7	3
305	287	5	7	3
894	287	14	7	4
606	287	6	7	4
569	287	9	7	4
227	287	7	7	4
854	287	14	7	3
296	287	16	7	4
345	287	5	7	4
486	287	6	7	4
357	287	17	7	4
590	287	10	7	4
698	307	18	7	4
273	307	13	7	2
130	307	10	7	4
356	307	16	7	4
919	307	19	7	4
784	307	4	7	4
915	307	15	7	3
611	307	11	7	4
515	307	15	7	4
532	307	12	7	4
631	307	11	7	4
2	307	2	7	3
74	307	14	7	4
451	307	11	7	4
450	307	10	7	5
873	307	13	7	3
853	307	13	7	1
363	307	3	7	5
399	307	19	7	3
431	307	11	7	3
809	307	9	7	5
877	307	17	7	3
439	307	19	7	3
459	307	19	7	5
688	307	8	7	4
668	307	8	7	4
606	307	6	7	4
455	307	15	7	4
896	307	16	7	3
825	307	5	7	4
351	307	11	7	4
813	307	13	7	4
652	307	12	7	4
635	307	15	7	4
801	307	1	7	4
284	307	4	7	4
36	307	16	7	4
105	307	5	7	2
319	307	19	7	4
102	307	2	7	4
841	307	1	7	5
324	307	4	7	5
501	307	1	7	4
435	307	15	7	5
797	307	17	7	2
811	307	11	7	4
831	307	11	7	2
423	307	3	7	3
47	307	7	7	4
588	307	8	7	4
7	307	7	7	5
856	307	16	7	4
752	307	12	7	5
443	307	3	7	3
713	307	13	7	3
507	307	7	7	5
772	307	12	7	4
164	307	4	7	5
851	307	11	7	4
665	307	5	7	3
548	307	8	7	4
717	307	17	7	5
499	307	19	7	4
673	307	13	7	3
832	307	12	7	4
404	307	4	7	4
144	307	4	7	1
871	307	11	7	3
143	307	3	7	4
116	307	16	7	3
653	307	13	7	4
381	307	1	7	2
355	307	15	7	4
46	307	6	7	3
587	307	7	7	4
335	307	15	7	5
444	307	4	7	3
697	307	17	7	4
526	307	6	7	2
894	307	14	7	3
796	307	16	7	4
464	307	4	7	5
592	307	12	7	4
214	307	14	7	3
677	307	17	7	5
448	307	8	7	2
332	307	12	7	5
428	307	8	7	4
629	307	9	7	5
282	307	2	7	3
388	307	8	7	4
504	307	4	7	4
302	307	2	7	4
553	307	13	7	4
318	307	18	7	3
117	307	17	7	5
589	307	9	7	1
619	307	19	7	2
104	307	4	7	2
241	307	1	7	4
834	307	14	7	4
146	307	6	7	3
191	307	11	7	3
655	307	15	7	3
486	307	6	7	3
234	307	14	7	2
774	307	14	7	1
236	307	16	7	4
177	307	17	7	4
529	307	9	7	5
422	307	2	7	4
695	307	15	7	4
696	307	16	7	5
577	307	17	7	3
197	307	17	7	3
509	307	9	7	2
754	307	14	7	3
3	307	3	7	3
240	307	0	7	4
260	307	0	7	3
179	307	19	7	3
489	307	9	7	4
257	307	17	7	4
906	307	6	7	3
616	307	16	7	2
787	307	7	7	4
69	307	9	7	2
502	307	2	7	4
920	307	0	7	3
181	307	1	7	1
663	307	3	7	4
557	307	17	7	5
139	307	19	7	4
880	307	0	7	4
111	307	11	7	2
446	307	6	7	3
294	307	14	7	3
683	307	3	7	3
413	307	13	7	2
458	307	18	7	4
429	307	9	7	3
297	307	17	7	4
551	307	11	7	4
775	307	15	7	4
129	307	9	7	2
505	307	5	7	4
276	307	16	7	4
624	307	4	7	3
112	307	12	7	4
485	307	5	7	3
400	307	0	7	3
783	307	3	7	5
699	307	19	7	3
13	307	13	7	2
803	307	3	7	4
460	307	0	7	4
537	307	17	7	3
644	307	4	7	4
860	307	0	7	3
54	307	14	7	4
15	307	15	7	1
44	307	4	7	4
90	307	10	7	5
514	307	14	7	4
92	307	12	7	4
33	307	13	7	3
646	307	6	7	3
799	307	19	7	3
858	307	18	7	3
110	307	10	7	4
334	307	14	7	3
425	307	5	7	4
902	307	2	7	3
702	307	2	7	2
722	307	2	7	4
193	307	13	7	4
863	307	3	7	5
39	307	19	7	2
804	307	4	7	4
416	307	16	7	1
758	307	18	7	3
923	307	3	7	4
724	307	4	7	3
782	307	2	7	4
910	307	10	7	2
660	307	0	7	3
744	307	4	7	4
32	307	12	7	2
186	327	6	7	3
270	327	10	7	5
858	327	18	7	3
735	327	15	7	3
353	327	13	7	2
404	327	4	7	2
863	327	3	7	5
717	327	17	7	3
190	327	10	7	2
902	327	2	7	3
880	327	0	7	3
750	327	10	7	4
673	327	13	7	4
413	327	13	7	3
624	327	4	7	4
696	327	16	7	4
384	327	4	7	4
54	327	14	7	5
548	327	8	7	3
851	327	11	7	4
566	327	6	7	3
76	327	16	7	3
486	327	6	7	3
529	327	9	7	4
409	327	9	7	2
836	327	16	7	3
416	327	16	7	4
422	327	2	7	3
868	327	8	7	4
730	327	10	7	2
713	327	13	7	2
544	327	4	7	2
772	327	12	7	4
4	327	4	7	5
537	327	17	7	2
856	327	16	7	4
685	327	5	7	2
177	327	17	7	3
592	327	12	7	4
752	327	12	7	5
443	327	3	7	4
171	327	11	7	4
423	327	3	7	2
436	327	16	7	5
435	327	15	7	3
898	327	18	7	5
418	327	18	7	1
919	327	19	7	4
875	327	15	7	4
47	327	7	7	4
461	327	1	7	4
235	327	15	7	3
425	327	5	7	4
683	327	3	7	4
104	327	4	7	2
193	327	13	7	1
305	327	5	7	3
831	327	11	7	2
146	327	6	7	3
724	327	4	7	4
819	327	19	7	4
221	327	1	7	4
608	327	8	7	2
102	327	2	7	2
791	327	11	7	5
797	327	17	7	2
467	327	7	7	4
896	327	16	7	5
817	327	17	7	4
324	327	4	7	4
149	327	9	7	2
105	327	5	7	4
107	327	7	7	3
78	327	18	7	1
328	327	8	7	3
788	327	8	7	3
351	327	11	7	5
781	327	1	7	4
342	327	2	7	4
556	327	16	7	5
802	327	2	7	2
635	327	15	7	5
710	327	10	7	3
339	327	19	7	4
557	327	17	7	3
784	327	4	7	4
303	327	3	7	1
828	327	8	7	4
113	327	13	7	5
475	327	15	7	4
327	327	7	7	3
137	327	17	7	4
85	327	5	7	3
446	327	6	7	2
655	327	15	7	3
619	327	19	7	3
589	327	9	7	3
775	327	15	7	5
925	327	5	7	3
431	327	11	7	3
853	327	13	7	3
570	327	10	7	4
671	327	11	7	1
466	327	6	7	3
126	327	6	7	3
721	327	1	7	2
574	327	14	7	3
473	327	13	7	3
451	327	11	7	4
651	327	11	7	4
686	327	6	7	5
332	327	12	7	5
249	327	9	7	4
936	327	16	7	4
129	327	9	7	3
626	327	6	7	4
889	327	9	7	3
870	327	10	7	4
460	327	0	7	4
35	327	15	7	3
616	327	16	7	3
860	327	0	7	3
739	327	19	7	5
13	327	13	7	3
282	327	2	7	5
210	327	10	7	4
657	327	17	7	1
61	327	1	7	2
21	327	1	7	3
50	327	10	7	3
445	327	5	7	2
110	327	10	7	3
454	327	14	7	3
397	327	17	7	2
408	327	8	7	5
265	327	5	7	3
470	327	10	7	3
135	327	15	7	4
144	327	4	7	3
314	327	14	7	4
176	327	16	7	3
894	327	14	7	4
493	327	13	7	5
181	327	1	7	3
579	327	19	7	3
629	327	9	7	3
155	327	15	7	2
60	327	0	7	4
448	327	8	7	2
86	327	6	7	4
747	327	7	7	4
214	327	14	7	5
682	327	2	7	3
294	327	14	7	3
315	327	15	7	4
287	327	7	7	5
323	327	3	7	4
372	327	12	7	5
679	327	19	7	4
46	327	6	7	4
145	327	5	7	5
173	327	13	7	5
112	327	12	7	1
656	327	16	7	2
478	327	18	7	3
531	327	11	7	3
228	327	8	7	1
587	327	7	7	3
519	327	19	7	4
288	327	8	7	1
755	327	15	7	2
489	327	9	7	5
91	327	11	7	4
808	327	8	7	5
3	327	3	7	4
485	347	5	7	2
646	347	6	7	2
574	347	14	7	3
436	347	16	7	4
393	347	13	7	4
624	347	4	7	4
287	347	7	7	4
898	347	18	7	3
775	347	15	7	3
294	347	14	7	5
942	347	2	7	5
334	347	14	7	3
827	347	7	7	3
542	347	2	7	3
683	347	3	7	4
297	347	17	7	3
920	347	0	7	4
616	347	16	7	4
940	347	0	7	3
787	347	7	7	4
489	347	9	7	5
49	347	9	7	3
64	347	4	7	3
656	347	16	7	4
532	347	12	7	4
598	347	18	7	3
179	347	19	7	3
130	347	10	7	4
3	347	3	7	5
219	347	19	7	1
611	347	11	7	4
197	347	17	7	4
747	347	7	7	5
696	347	16	7	1
675	347	15	7	4
660	347	0	7	3
166	347	6	7	5
328	347	8	7	5
104	347	4	7	2
362	347	2	7	5
146	347	6	7	3
866	347	6	7	4
405	347	5	7	4
43	347	3	7	3
834	347	14	7	4
305	347	5	7	3
707	347	7	7	5
820	347	0	7	4
100	347	0	7	4
573	347	13	7	4
271	347	11	7	3
408	347	8	7	3
416	347	16	7	4
176	347	16	7	4
894	347	14	7	4
428	347	8	7	4
278	347	18	7	4
40	347	0	7	2
655	347	15	7	3
559	347	19	7	3
931	347	11	7	4
669	347	9	7	3
335	347	15	7	5
503	347	3	7	5
704	347	4	7	4
872	347	12	7	2
587	347	7	7	3
546	347	6	7	5
143	347	3	7	5
871	347	11	7	5
515	347	15	7	3
499	347	19	7	4
392	347	12	7	4
163	347	3	7	4
410	347	10	7	1
116	347	16	7	2
548	347	8	7	2
547	347	7	7	4
193	347	13	7	4
673	347	13	7	4
384	347	4	7	4
145	347	5	7	3
919	347	19	7	3
174	347	14	7	4
863	347	3	7	2
851	347	11	7	5
356	347	16	7	4
463	347	3	7	1
720	347	0	7	3
713	347	13	7	4
856	347	16	7	2
588	347	8	7	5
39	347	19	7	4
831	347	11	7	3
752	347	12	7	4
389	347	9	7	4
753	347	13	7	2
461	347	1	7	4
883	347	3	7	4
423	347	3	7	3
434	347	14	7	1
487	347	7	7	2
299	347	19	7	4
751	347	11	7	4
105	347	5	7	3
284	347	4	7	5
915	347	15	7	5
724	347	4	7	4
58	347	18	7	3
339	347	19	7	4
668	347	8	7	4
450	347	10	7	4
425	347	5	7	4
708	347	8	7	3
833	347	13	7	3
475	347	15	7	4
592	347	12	7	4
293	347	13	7	2
782	347	2	7	1
363	347	3	7	3
273	347	13	7	4
94	347	14	7	5
758	347	18	7	3
640	347	0	7	3
276	347	16	7	4
229	347	9	7	1
480	347	0	7	3
860	347	0	7	4
537	347	17	7	4
90	347	10	7	4
61	347	1	7	5
385	347	5	7	3
121	347	1	7	3
112	347	12	7	1
13	347	13	7	5
828	347	8	7	1
880	347	0	7	5
269	367	9	7	3
327	367	7	7	4
5	367	5	7	3
868	367	8	7	2
805	367	5	7	4
343	367	3	7	4
244	367	4	7	1
18	367	18	7	4
833	367	13	7	3
303	367	3	7	4
450	367	10	7	3
94	367	14	7	4
264	367	4	7	4
16	367	16	7	3
58	367	18	7	5
773	367	13	7	2
6	367	6	7	2
650	367	10	7	2
158	367	18	7	4
178	367	18	7	4
344	367	4	7	5
243	367	3	7	3
435	367	15	7	3
653	367	13	7	3
194	367	14	7	3
645	367	5	7	3
198	367	18	7	3
543	367	3	7	4
563	367	3	7	4
216	367	16	7	3
553	367	13	7	4
43	367	3	7	4
234	367	14	7	4
655	367	15	7	3
533	367	13	7	2
378	367	18	7	3
524	367	4	7	5
23	367	3	7	4
643	367	3	7	4
398	367	18	7	3
715	367	15	7	3
453	367	13	7	2
64	367	4	7	4
393	367	13	7	3
429	367	9	7	3
250	367	10	7	4
790	367	10	7	4
478	367	18	7	4
880	367	0	7	4
314	367	14	7	4
795	367	15	7	3
763	367	3	7	3
664	367	4	7	3
373	367	13	7	3
24	367	4	7	2
276	367	16	7	3
840	367	0	7	4
409	367	9	7	3
286	367	6	7	5
870	367	10	7	4
618	367	18	7	3
922	367	2	7	3
883	367	3	7	5
497	367	17	7	4
293	367	13	7	2
336	367	16	7	3
919	367	19	7	4
738	367	18	7	3
389	367	9	7	4
326	367	6	7	3
899	367	19	7	4
457	367	17	7	4
804	367	4	7	3
130	367	10	7	4
943	367	3	7	4
933	367	13	7	4
778	367	18	7	5
798	367	18	7	3
416	367	16	7	5
59	367	19	7	4
405	367	5	7	1
92	367	12	7	3
682	367	2	7	3
110	367	10	7	3
864	367	4	7	5
454	367	14	7	4
500	367	0	7	3
436	367	16	7	4
406	367	6	7	4
417	367	17	7	2
642	367	2	7	5
514	367	14	7	5
456	367	16	7	3
90	367	10	7	4
13	367	13	7	3
385	367	5	7	4
99	367	19	7	4
11	367	11	7	3
927	367	7	7	5
152	367	12	7	3
476	367	16	7	3
622	367	2	7	4
128	367	8	7	4
297	367	17	7	2
109	367	9	7	3
208	367	8	7	2
10	367	10	7	4
542	367	2	7	4
847	367	7	7	3
280	367	0	7	5
345	367	5	7	4
654	367	14	7	4
442	367	2	7	2
49	367	9	7	3
659	367	19	7	3
747	367	7	7	3
886	367	6	7	4
716	367	16	7	4
774	367	14	7	2
308	367	8	7	4
180	367	0	7	1
342	367	2	7	5
727	367	7	7	3
279	367	19	7	3
301	367	1	7	4
707	367	7	7	4
756	367	16	7	4
892	367	12	7	4
506	367	6	7	3
262	367	2	7	4
332	367	12	7	4
846	367	6	7	4
468	367	8	7	4
539	367	19	7	3
361	367	1	7	3
921	367	1	7	4
291	367	11	7	4
796	367	16	7	5
222	367	2	7	2
7	367	7	7	5
299	367	19	7	4
851	367	11	7	2
311	367	11	7	3
487	367	7	7	3
896	367	16	7	4
588	367	8	7	5
125	367	5	7	4
481	367	1	7	3
87	367	7	7	4
712	367	12	7	4
447	367	7	7	3
751	367	11	7	4
82	367	2	7	4
648	367	8	7	3
632	367	12	7	2
668	367	8	7	5
741	367	1	7	2
207	367	7	7	3
766	367	6	7	2
387	367	7	7	3
916	367	16	7	3
472	367	12	7	5
42	367	2	7	2
561	367	1	7	3
22	367	2	7	1
267	367	7	7	4
591	367	11	7	3
592	367	12	7	4
532	367	12	7	5
621	367	1	7	3
655	387	15	7	3
363	387	3	7	1
256	387	16	7	4
299	387	19	7	2
301	387	1	7	3
916	387	16	7	4
429	387	9	7	4
454	387	14	7	2
343	387	3	7	4
503	387	3	7	4
846	387	6	7	3
707	387	7	7	4
536	387	16	7	3
276	387	16	7	3
62	387	2	7	2
243	387	3	7	4
42	387	2	7	3
18	387	18	7	4
311	387	11	7	4
883	387	3	7	5
896	387	16	7	2
128	387	8	7	2
195	387	15	7	4
269	387	9	7	3
716	387	16	7	4
5	387	5	7	3
89	387	9	7	5
627	387	7	7	2
659	387	19	7	4
280	387	0	7	4
334	387	14	7	4
270	387	10	7	5
537	387	17	7	4
201	387	1	7	2
615	387	15	7	3
303	387	3	7	5
796	387	16	7	3
122	387	2	7	5
805	387	5	7	3
59	387	19	7	3
151	387	11	7	5
345	387	5	7	4
458	387	18	7	4
378	387	18	7	4
758	387	18	7	2
354	387	14	7	4
405	387	5	7	1
224	387	4	7	4
567	387	7	7	4
361	387	1	7	3
450	387	10	7	5
437	387	17	7	2
500	387	0	7	2
639	387	19	7	3
914	387	14	7	3
23	387	3	7	3
601	387	1	7	3
90	387	10	7	5
13	387	13	7	3
7	387	7	7	3
711	387	11	7	4
184	387	4	7	4
416	387	16	7	3
194	387	14	7	2
566	387	6	7	4
104	407	4	7	2
130	407	10	7	2
157	407	17	7	4
5	407	5	7	3
193	407	13	7	4
852	407	12	7	3
222	407	2	7	2
653	407	13	7	1
141	407	1	7	2
279	407	19	7	4
301	407	1	7	2
880	407	0	7	1
336	407	16	7	1
795	407	15	7	3
806	407	6	7	3
283	407	3	7	3
648	407	8	7	4
174	407	14	7	1
119	407	19	7	3
249	407	9	7	3
195	407	15	7	2
862	407	2	7	3
500	407	0	7	3
642	407	2	7	5
181	407	1	7	2
389	407	9	7	1
83	407	3	7	1
825	407	5	7	3
276	407	16	7	2
523	407	3	7	4
125	407	5	7	2
399	407	19	7	3
221	407	1	7	2
497	407	17	7	2
145	407	5	7	2
268	407	8	7	1
357	407	17	7	3
164	407	4	7	2
882	407	2	7	2
577	407	17	7	4
22	407	2	7	3
883	407	3	7	3
532	407	12	7	2
13	427	13	7	5
303	427	3	7	4
236	427	16	7	5
194	427	14	7	4
214	427	14	7	5
44	427	4	7	3
342	427	2	7	4
788	427	8	7	2
815	427	15	7	5
494	427	14	7	5
334	427	14	7	4
128	427	8	7	5
42	427	2	7	4
151	427	11	7	5
338	427	18	7	4
870	427	10	7	4
230	427	10	7	5
178	427	18	7	5
398	427	18	7	4
694	427	14	7	4
622	427	2	7	4
313	427	13	7	5
48	427	8	7	4
484	427	4	7	5
121	427	1	7	4
298	427	18	7	5
328	427	8	7	3
90	427	10	7	5
312	427	12	7	5
228	427	8	7	4
376	427	16	7	4
737	427	17	7	3
924	427	4	7	4
130	427	10	7	5
276	427	16	7	5
295	427	15	7	4
748	427	8	7	4
87	427	7	7	4
716	427	16	7	5
899	427	19	7	5
123	427	3	7	3
807	427	7	7	4
339	427	19	7	5
711	427	11	7	5
407	427	7	7	4
907	427	7	7	5
666	427	6	7	4
556	427	16	7	5
5	427	5	7	3
535	427	15	7	4
610	427	10	7	5
11	427	11	7	4
741	427	1	7	5
790	427	10	7	4
253	427	13	7	5
669	427	9	7	4
848	427	8	7	5
645	427	5	7	5
453	427	13	7	3
293	427	13	7	4
503	427	3	7	5
796	427	16	7	4
60	427	0	7	5
406	427	6	7	4
606	427	6	7	4
887	427	7	7	5
25	427	5	7	4
567	427	7	7	3
450	427	10	7	5
118	427	18	7	5
291	427	11	7	4
562	427	2	7	4
481	427	1	7	4
125	427	5	7	4
383	427	3	7	5
478	427	18	7	4
458	427	18	7	4
6	427	6	7	4
934	427	14	7	4
940	427	0	7	5
821	427	1	7	5
745	427	5	7	4
454	427	14	7	4
198	427	18	7	4
908	427	8	7	5
452	427	12	7	4
468	427	8	7	5
709	427	9	7	4
573	427	13	7	4
7	427	7	7	5
835	427	15	7	4
262	427	2	7	4
527	427	7	7	4
212	427	12	7	4
412	427	12	7	4
868	427	8	7	4
288	427	8	7	5
426	427	6	7	5
592	427	12	7	5
617	427	17	7	4
943	427	3	7	4
380	427	0	7	4
577	427	17	7	4
251	427	11	7	4
707	427	7	7	4
269	427	9	7	5
75	427	15	7	4
59	427	19	7	5
780	427	0	7	3
896	427	16	7	4
296	427	16	7	5
456	427	16	7	4
536	427	16	7	5
693	427	13	7	4
370	427	10	7	5
72	427	12	7	5
903	427	3	7	5
647	427	7	7	4
305	427	5	7	5
575	427	15	7	4
379	427	19	7	5
601	427	1	7	4
499	427	19	7	5
932	427	12	7	4
429	427	9	7	5
122	427	2	7	3
665	427	5	7	5
14	427	14	7	5
343	427	3	7	5
405	427	5	7	5
618	427	18	7	5
561	427	1	7	4
301	427	1	7	4
308	427	8	7	4
843	427	3	7	2
239	427	19	7	5
347	427	7	7	4
650	427	10	7	4
682	427	2	7	4
542	427	2	7	5
385	427	5	7	4
829	427	9	7	4
719	427	19	7	4
18	427	18	7	5
271	427	11	7	5
753	427	13	7	5
553	427	13	7	5
225	427	5	7	5
416	427	16	7	5
667	427	7	7	5
675	427	15	7	5
521	427	1	7	3
69	427	9	7	3
350	427	10	7	5
608	427	8	7	4
799	427	19	7	5
911	427	11	7	3
833	427	13	7	3
922	427	2	7	5
916	427	16	7	4
747	427	7	7	5
374	427	14	7	3
409	427	9	7	5
773	427	13	7	3
776	427	16	7	3
698	427	18	7	1
234	427	14	7	4
615	427	15	7	5
664	427	4	7	4
568	427	8	7	4
559	427	19	7	4
326	427	6	7	4
421	427	1	7	4
391	427	11	7	5
85	427	5	7	3
889	427	9	7	4
541	427	1	7	4
830	427	10	7	5
878	427	18	7	5
655	427	15	7	4
846	427	6	7	4
23	427	3	7	5
316	427	16	7	5
823	427	3	7	4
642	427	2	7	3
942	427	2	7	5
913	427	13	7	4
474	427	14	7	5
24	427	4	7	5
705	427	5	7	2
16	427	16	7	5
249	427	9	7	5
731	427	11	7	5
912	427	12	7	5
882	427	2	7	5
52	427	12	7	5
758	427	18	7	4
187	427	7	7	5
890	427	10	7	5
532	427	12	7	5
373	427	13	7	4
586	427	6	7	3
528	427	8	7	4
639	427	19	7	4
435	427	15	7	3
537	427	17	7	4
424	427	4	7	4
91	427	11	7	4
436	427	16	7	3
696	427	16	7	5
849	427	9	7	4
661	427	1	7	4
641	427	1	7	4
65	427	5	7	5
533	427	13	7	4
389	427	9	7	5
307	427	7	7	3
686	427	6	7	5
330	427	10	7	5
456	447	16	7	3
535	447	15	7	5
447	447	7	7	3
264	447	4	7	5
727	447	7	7	3
201	447	1	7	5
436	447	16	7	1
59	447	19	7	5
198	447	18	7	4
422	447	2	7	4
95	447	15	7	2
498	447	18	7	3
38	447	18	7	5
293	447	13	7	4
28	447	8	7	3
577	447	17	7	3
919	447	19	7	4
588	447	8	7	3
145	447	5	7	5
642	447	2	7	4
64	447	4	7	4
246	447	6	7	3
270	447	10	7	4
398	447	18	7	2
385	447	5	7	3
301	447	1	7	4
437	447	17	7	4
524	447	4	7	5
406	447	6	7	4
328	447	8	7	2
326	447	6	7	4
327	447	7	7	4
255	447	15	7	3
330	447	10	7	4
210	447	10	7	5
715	447	15	7	3
650	447	10	7	3
366	447	6	7	5
551	447	11	7	5
814	447	14	7	3
655	447	15	7	4
908	447	8	7	3
213	447	13	7	4
802	447	2	7	2
659	447	19	7	3
766	447	6	7	3
269	447	9	7	3
379	447	19	7	4
495	447	15	7	4
13	447	13	7	2
604	447	4	7	4
405	447	5	7	4
682	447	2	7	2
881	447	1	7	4
297	447	17	7	4
933	447	13	7	2
5	447	5	7	3
653	447	13	7	2
262	447	2	7	3
185	447	5	7	4
7	447	7	7	5
847	447	7	7	3
442	447	2	7	3
843	447	3	7	2
85	447	5	7	3
788	447	8	7	3
478	447	18	7	4
758	447	18	7	4
546	447	6	7	3
561	447	1	7	3
645	447	5	7	3
901	447	1	7	3
870	447	10	7	4
372	447	12	7	5
308	447	8	7	4
532	447	12	7	4
892	447	12	7	3
932	447	12	7	3
925	447	5	7	4
425	447	5	7	3
10	447	10	7	4
230	447	10	7	1
868	447	8	7	2
545	447	5	7	3
890	447	10	7	3
709	447	9	7	2
805	447	5	7	4
276	447	16	7	4
387	447	7	7	4
56	447	16	7	4
44	447	4	7	4
435	447	15	7	3
21	447	1	7	5
184	447	4	7	3
378	447	18	7	4
90	447	10	7	5
368	447	8	7	1
94	447	14	7	4
234	447	14	7	3
922	447	2	7	1
160	447	0	7	4
796	447	16	7	3
617	447	17	7	4
779	447	19	7	4
833	447	13	7	5
407	447	7	7	3
506	447	6	7	4
455	447	15	7	4
339	447	19	7	4
417	447	17	7	3
416	447	16	7	4
711	447	11	7	4
648	447	8	7	5
200	447	0	7	4
504	447	4	7	4
774	447	14	7	1
102	447	2	7	4
537	447	17	7	3
804	447	4	7	3
643	447	3	7	4
16	447	16	7	5
833	467	13	7	2
6	467	6	7	4
478	467	18	7	5
374	467	14	7	4
627	467	7	7	5
592	467	12	7	5
458	467	18	7	4
933	467	13	7	3
450	467	10	7	4
916	467	16	7	3
10	467	10	7	4
659	467	19	7	3
221	467	1	7	4
405	467	5	7	4
586	467	6	7	4
780	467	0	7	3
886	467	6	7	4
323	467	3	7	5
94	467	14	7	4
796	467	16	7	3
682	467	2	7	3
537	467	17	7	3
194	467	14	7	5
655	467	15	7	3
862	467	2	7	4
331	467	11	7	3
474	467	14	7	4
249	467	9	7	4
13	467	13	7	5
527	467	7	7	3
903	467	3	7	3
686	467	6	7	5
201	467	1	7	2
629	467	9	7	5
747	467	7	7	4
308	467	8	7	4
429	467	9	7	4
707	467	7	7	4
16	467	16	7	5
666	467	6	7	4
524	467	4	7	4
566	467	6	7	3
658	467	18	7	4
293	467	13	7	4
389	467	9	7	3
880	467	0	7	4
452	467	12	7	3
42	467	2	7	3
553	487	13	7	5
928	487	8	7	5
193	487	13	7	5
279	487	19	7	3
7	487	7	7	3
381	487	1	7	5
234	487	14	7	3
530	487	10	7	4
870	487	10	7	4
138	487	18	7	3
299	487	19	7	5
942	487	2	7	4
474	487	14	7	4
567	487	7	7	4
734	487	14	7	4
591	487	11	7	4
731	487	11	7	4
454	487	14	7	4
103	487	3	7	4
6	487	6	7	5
716	487	16	7	5
838	487	18	7	4
123	487	3	7	3
312	487	12	7	5
184	487	4	7	4
271	487	11	7	4
9	487	9	7	5
796	487	16	7	5
766	487	6	7	3
316	487	16	7	3
253	487	13	7	4
389	487	9	7	5
830	487	10	7	5
751	487	11	7	5
342	487	2	7	5
707	487	7	7	2
536	487	16	7	4
618	487	18	7	4
883	487	3	7	5
412	487	12	7	3
344	487	4	7	5
607	487	7	7	4
846	487	6	7	4
313	487	13	7	3
256	487	16	7	5
354	487	14	7	3
18	487	18	7	4
311	487	11	7	4
539	487	19	7	3
639	487	19	7	5
450	487	10	7	4
385	487	5	7	4
932	487	12	7	3
469	487	9	7	5
406	487	6	7	3
161	487	1	7	3
667	487	7	7	5
152	487	12	7	5
854	487	14	7	4
189	487	9	7	5
151	487	11	7	5
892	487	12	7	5
128	487	8	7	5
373	487	13	7	4
308	487	8	7	4
698	487	18	7	2
918	487	18	7	4
608	487	8	7	4
693	507	13	7	4
326	507	6	7	2
9	507	9	7	4
239	507	19	7	5
553	507	13	7	3
382	507	2	7	4
316	507	16	7	3
918	507	18	7	5
495	507	15	7	4
7	507	7	7	5
437	507	17	7	5
429	507	9	7	5
606	507	6	7	4
308	507	8	7	3
469	507	9	7	5
393	507	13	7	2
389	507	9	7	5
659	507	19	7	5
727	507	7	7	2
128	507	8	7	4
836	507	16	7	4
312	507	12	7	5
537	507	17	7	4
457	507	17	7	4
763	507	3	7	4
747	507	7	7	3
44	507	4	7	3
745	507	5	7	1
494	507	14	7	4
354	507	14	7	3
481	507	1	7	4
608	507	8	7	3
846	507	6	7	3
561	507	1	7	4
840	507	0	7	4
293	507	13	7	4
13	507	13	7	1
95	507	15	7	4
342	507	2	7	4
303	507	3	7	5
236	507	16	7	3
474	507	14	7	4
433	507	13	7	4
450	507	10	7	5
666	507	6	7	3
454	507	14	7	3
14	507	14	7	4
847	507	7	7	3
90	507	10	7	5
325	507	5	7	3
766	507	6	7	3
535	507	15	7	5
401	507	1	7	4
854	507	14	7	4
226	507	6	7	2
698	507	18	7	4
934	507	14	7	4
148	507	8	7	5
327	507	7	7	4
911	507	11	7	4
6	507	6	7	4
932	507	12	7	5
567	507	7	7	5
85	507	5	7	4
391	507	11	7	4
655	507	15	7	4
618	507	18	7	4
556	507	16	7	5
195	507	15	7	4
436	507	16	7	4
271	507	11	7	2
648	507	8	7	1
60	507	0	7	4
707	507	7	7	5
114	507	14	7	3
70	507	10	7	4
321	507	1	7	3
151	507	11	7	5
269	507	9	7	4
650	507	10	7	4
575	507	15	7	2
573	507	13	7	5
73	507	13	7	3
912	507	12	7	3
731	507	11	7	3
322	507	2	7	4
716	507	16	7	5
527	507	7	7	5
280	507	0	7	3
59	507	19	7	4
765	507	5	7	5
234	507	14	7	4
468	507	8	7	5
194	507	14	7	4
406	507	6	7	4
91	507	11	7	4
298	507	18	7	4
385	507	5	7	3
23	527	3	7	4
870	527	10	7	5
321	527	1	7	3
91	527	11	7	4
234	527	14	7	3
184	527	4	7	4
318	527	18	7	5
707	527	7	7	5
214	527	14	7	4
756	527	16	7	3
846	527	6	7	5
305	527	5	7	5
271	527	11	7	5
749	527	9	7	4
94	527	14	7	5
553	527	13	7	3
354	527	14	7	4
899	527	19	7	4
389	527	9	7	3
667	527	7	7	4
374	527	14	7	4
764	527	4	7	4
301	527	1	7	4
330	527	10	7	3
835	527	15	7	4
661	527	1	7	4
72	527	12	7	4
758	527	18	7	5
881	527	1	7	3
693	527	13	7	3
932	527	12	7	4
658	527	18	7	5
738	527	18	7	5
660	527	0	7	3
313	527	13	7	4
298	527	18	7	5
650	527	10	7	3
130	527	10	7	5
851	527	11	7	5
454	527	14	7	4
295	527	15	7	4
504	527	4	7	4
665	527	5	7	3
82	527	2	7	3
875	527	15	7	4
293	527	13	7	4
9	527	9	7	3
919	527	19	7	4
639	527	19	7	4
605	527	5	7	4
177	527	17	7	4
326	527	6	7	5
378	527	18	7	4
244	527	4	7	5
59	527	19	7	5
430	527	10	7	4
533	527	13	7	4
77	527	17	7	4
499	527	19	7	5
92	527	12	7	3
796	527	16	7	3
401	527	1	7	4
154	527	14	7	4
648	527	8	7	4
774	527	14	7	1
535	527	15	7	3
399	527	19	7	3
843	527	3	7	3
686	527	6	7	3
551	527	11	7	5
239	527	19	7	5
896	527	16	7	4
913	527	13	7	5
716	527	16	7	5
286	527	6	7	4
90	527	10	7	5
210	527	10	7	5
18	527	18	7	4
890	527	10	7	4
409	527	9	7	4
200	527	0	7	4
269	527	9	7	5
7	527	7	7	5
435	527	15	7	4
373	527	13	7	4
474	527	14	7	5
457	527	17	7	5
876	527	16	7	5
610	527	10	7	4
371	527	11	7	5
530	527	10	7	4
452	527	12	7	3
632	527	12	7	4
325	527	5	7	4
745	527	5	7	3
682	527	2	7	3
343	527	3	7	5
334	527	14	7	3
405	527	5	7	5
339	527	19	7	4
290	527	10	7	4
777	527	17	7	4
406	527	6	7	4
643	527	3	7	3
52	527	12	7	5
450	527	10	7	5
391	527	11	7	3
194	527	14	7	4
233	527	13	7	5
655	527	15	7	3
538	527	18	7	3
311	527	11	7	4
815	527	15	7	5
480	527	0	7	4
85	527	5	7	4
114	527	14	7	3
537	527	17	7	4
514	527	14	7	4
198	527	18	7	4
940	527	0	7	3
567	527	7	7	3
606	527	6	7	4
498	527	18	7	3
592	527	12	7	5
288	527	8	7	3
512	527	12	7	5
642	527	2	7	4
804	527	4	7	4
924	527	4	7	4
524	527	4	7	5
144	527	4	7	5
361	527	1	7	4
731	527	11	7	5
508	527	8	7	5
13	527	13	7	5
492	527	12	7	5
916	527	16	7	4
189	527	9	7	5
64	527	4	7	4
307	527	7	7	5
48	527	8	7	4
934	527	14	7	3
62	527	2	7	4
748	527	8	7	5
541	527	1	7	3
493	527	13	7	5
554	527	14	7	4
207	527	7	7	4
880	527	0	7	4
848	527	8	7	3
280	527	0	7	5
380	527	0	7	4
694	527	14	7	5
559	527	19	7	4
250	527	10	7	4
11	527	11	7	4
70	527	10	7	4
721	527	1	7	5
763	527	3	7	3
393	527	13	7	3
201	527	1	7	3
653	527	13	7	2
95	527	15	7	4
458	527	18	7	2
805	527	5	7	3
908	527	8	7	3
83	527	3	7	4
807	527	7	7	5
6	527	6	7	4
753	527	13	7	4
263	527	3	7	5
152	527	12	7	4
426	527	6	7	3
222	527	2	7	4
615	527	15	7	4
679	527	19	7	4
669	527	9	7	3
411	527	11	7	4
539	527	19	7	4
327	527	7	7	4
10	527	10	7	4
226	527	6	7	4
766	527	6	7	5
25	527	5	7	4
488	527	8	7	3
268	527	8	7	4
297	527	17	7	5
847	527	7	7	2
212	527	12	7	5
666	527	6	7	4
253	527	13	7	5
429	527	9	7	5
103	527	3	7	5
109	527	9	7	3
379	527	19	7	3
592	547	12	7	4
473	547	13	7	3
279	547	19	7	1
387	547	7	7	4
420	547	0	7	4
456	547	16	7	3
246	547	6	7	4
49	547	9	7	5
595	547	15	7	4
7	547	7	7	3
518	547	18	7	3
865	547	5	7	5
868	547	8	7	3
276	547	16	7	4
773	547	13	7	4
76	547	16	7	2
655	547	15	7	4
13	547	13	7	1
430	547	10	7	2
21	547	1	7	2
537	547	17	7	1
90	547	10	7	3
342	547	2	7	5
871	547	11	7	3
857	547	17	7	3
758	547	18	7	5
936	547	16	7	5
486	547	6	7	3
490	547	10	7	4
617	547	17	7	1
861	547	1	7	4
590	547	10	7	4
828	547	8	7	2
372	547	12	7	5
59	547	19	7	3
181	547	1	7	1
294	547	14	7	3
582	547	2	7	4
50	547	10	7	4
118	547	18	7	5
634	547	14	7	4
925	567	5	7	3
368	567	8	7	3
773	567	13	7	2
758	567	18	7	4
405	567	5	7	2
802	567	2	7	4
709	567	9	7	2
868	567	8	7	1
7	567	7	7	1
13	567	13	7	1
21	567	1	7	2
621	567	1	7	3
546	567	6	7	4
59	567	19	7	4
367	567	7	7	4
28	567	8	7	4
276	567	16	7	3
795	567	15	7	2
387	567	7	7	2
246	567	6	7	5
291	567	11	7	5
604	567	4	7	5
847	567	7	7	3
435	567	15	7	3
201	567	1	7	3
422	567	2	7	3
262	567	2	7	1
617	567	17	7	2
727	567	7	7	2
774	567	14	7	1
308	567	8	7	4
472	567	12	7	4
776	567	16	7	2
504	567	4	7	2
130	567	10	7	2
551	587	11	7	4
559	587	19	7	4
380	587	0	7	4
514	587	14	7	4
429	587	9	7	3
399	587	19	7	3
201	587	1	7	4
7	587	7	7	4
435	587	15	7	3
92	587	12	7	3
94	587	14	7	4
312	587	12	7	3
896	587	16	7	3
758	587	18	7	4
567	607	7	7	4
342	607	2	7	3
613	607	13	7	4
409	607	9	7	5
454	607	14	7	2
334	607	14	7	3
201	607	1	7	4
889	607	9	7	4
301	607	1	7	4
840	607	0	7	4
338	607	18	7	4
766	607	6	7	1
398	607	18	7	3
7	607	7	7	3
496	607	16	7	3
524	607	4	7	3
426	607	6	7	4
758	607	18	7	5
683	607	3	7	5
469	607	9	7	5
617	607	17	7	4
234	607	14	7	4
406	607	6	7	4
698	607	18	7	2
370	607	10	7	5
416	607	16	7	5
561	607	1	7	5
763	607	3	7	4
189	607	9	7	4
796	607	16	7	4
666	607	6	7	4
535	607	15	7	5
932	607	12	7	4
498	607	18	7	3
429	607	9	7	3
659	607	19	7	5
503	607	3	7	5
90	607	10	7	5
553	607	13	7	4
704	607	4	7	4
734	607	14	7	5
321	607	1	7	4
776	607	16	7	4
18	607	18	7	3
308	607	8	7	3
452	607	12	7	5
292	607	12	7	4
506	607	6	7	4
116	607	16	7	2
339	607	19	7	5
178	607	18	7	3
537	607	17	7	4
299	607	19	7	4
354	607	14	7	3
230	607	10	7	3
389	607	9	7	3
437	607	17	7	5
608	607	8	7	5
474	607	14	7	4
450	607	10	7	5
312	607	12	7	5
610	607	10	7	5
942	607	2	7	5
530	607	10	7	5
381	607	1	7	4
655	607	15	7	4
620	627	0	7	5
826	627	6	7	4
291	627	11	7	4
269	627	9	7	1
710	627	10	7	4
328	627	8	7	3
42	627	2	7	2
222	627	2	7	3
347	627	7	7	4
230	627	10	7	5
788	627	8	7	4
715	627	15	7	3
533	627	13	7	2
727	627	7	7	3
320	627	0	7	4
844	627	4	7	3
843	627	3	7	2
130	627	10	7	5
455	627	15	7	3
712	627	12	7	4
213	627	13	7	4
664	627	4	7	1
880	627	0	7	3
7	627	7	7	3
865	627	5	7	1
454	627	14	7	2
650	627	10	7	2
471	627	11	7	1
889	627	9	7	2
541	627	1	7	4
293	627	13	7	2
18	627	18	7	3
645	627	5	7	2
94	627	14	7	3
429	627	9	7	2
642	627	2	7	3
450	627	10	7	3
846	627	6	7	4
49	627	9	7	2
545	627	5	7	3
283	627	3	7	4
497	627	17	7	3
705	627	5	7	3
911	627	11	7	3
551	627	11	7	3
268	627	8	7	3
92	627	12	7	3
807	627	7	7	4
394	627	14	7	5
577	627	17	7	5
487	627	7	7	4
416	627	16	7	5
682	627	2	7	4
371	627	11	7	4
435	627	15	7	3
38	627	18	7	5
405	627	5	7	1
311	627	11	7	4
276	627	16	7	3
373	627	13	7	4
151	627	11	7	2
393	627	13	7	4
330	627	10	7	5
314	627	14	7	4
95	627	15	7	4
763	627	3	7	3
749	627	9	7	2
303	627	3	7	3
933	627	13	7	2
109	627	9	7	5
275	627	15	7	3
193	627	13	7	4
542	627	2	7	3
716	627	16	7	4
830	627	10	7	3
406	647	6	7	5
276	647	16	7	4
85	647	5	7	4
144	647	4	7	4
862	647	2	7	5
233	647	13	7	5
269	647	9	7	4
669	647	9	7	5
833	647	13	7	4
72	647	12	7	1
13	647	13	7	5
896	647	16	7	3
567	647	7	7	5
493	647	13	7	4
48	647	8	7	4
18	647	18	7	4
748	647	8	7	3
840	647	0	7	5
655	647	15	7	3
707	647	7	7	5
932	647	12	7	5
189	647	9	7	4
59	647	19	7	5
666	647	6	7	5
514	647	14	7	3
381	647	1	7	4
106	647	6	7	3
455	647	15	7	4
312	647	12	7	5
253	647	13	7	3
625	647	5	7	4
405	647	5	7	1
468	647	8	7	5
659	647	19	7	3
239	647	19	7	5
194	647	14	7	4
90	647	10	7	5
474	647	14	7	4
848	647	8	7	5
479	647	19	7	5
94	647	14	7	5
804	647	4	7	5
815	647	15	7	5
409	647	9	7	5
325	647	5	7	5
234	647	14	7	3
7	647	7	7	5
267	647	7	7	5
499	647	19	7	5
537	647	17	7	4
870	647	10	7	4
299	647	19	7	4
606	647	6	7	3
883	647	3	7	5
235	647	15	7	4
617	647	17	7	3
889	647	9	7	2
527	647	7	7	5
639	647	19	7	3
661	647	1	7	4
321	647	1	7	3
543	647	3	7	3
911	647	11	7	4
293	647	13	7	5
184	647	4	7	5
344	647	4	7	4
907	647	7	7	3
450	647	10	7	4
136	647	16	7	5
524	647	4	7	3
833	667	13	7	1
13	667	13	7	1
504	667	4	7	3
617	667	17	7	2
201	667	1	7	2
776	667	16	7	2
814	667	14	7	2
890	667	10	7	2
7	667	7	7	5
843	667	3	7	2
405	667	5	7	1
102	667	2	7	3
307	687	7	7	1
790	687	10	7	1
297	687	17	7	2
393	687	13	7	3
250	687	10	7	1
502	687	2	7	4
181	687	1	7	1
537	687	17	7	1
624	687	4	7	2
357	687	17	7	3
587	687	7	7	1
303	687	3	7	1
489	687	9	7	3
534	687	14	7	5
459	687	19	7	3
199	687	19	7	1
630	687	10	7	3
125	687	5	7	3
8	687	8	7	1
493	687	13	7	1
676	687	16	7	1
706	687	6	7	1
451	687	11	7	2
889	687	9	7	2
13	687	13	7	1
224	687	4	7	2
509	687	9	7	1
21	687	1	7	2
435	687	15	7	2
59	687	19	7	1
857	687	17	7	1
721	687	1	7	3
22	687	2	7	1
797	687	17	7	2
284	687	4	7	3
682	687	2	7	2
665	687	5	7	2
443	687	3	7	3
404	687	4	7	3
515	687	15	7	3
510	687	10	7	2
166	687	6	7	1
648	687	8	7	1
170	687	10	7	3
816	687	16	7	2
851	687	11	7	2
824	687	4	7	2
677	687	17	7	4
173	687	13	7	1
454	687	14	7	3
798	687	18	7	4
137	687	17	7	4
145	687	5	7	2
831	687	11	7	2
702	687	2	7	1
364	687	4	7	1
580	687	0	7	3
825	687	5	7	5
919	687	19	7	1
802	687	2	7	3
279	687	19	7	4
533	687	13	7	2
211	687	11	7	2
782	687	2	7	2
758	687	18	7	3
261	687	1	7	5
708	687	8	7	2
559	687	19	7	3
300	687	0	7	2
918	707	18	7	5
437	707	17	7	3
405	707	5	7	1
344	707	4	7	4
144	707	4	7	3
798	707	18	7	2
494	707	14	7	4
883	707	3	7	3
11	707	11	7	5
123	707	3	7	5
198	707	18	7	2
821	707	1	7	5
894	707	14	7	4
909	707	9	7	5
503	707	3	7	5
556	707	16	7	3
361	707	1	7	4
454	707	14	7	3
535	707	15	7	4
416	707	16	7	4
655	707	15	7	3
316	707	16	7	4
95	707	15	7	3
334	707	14	7	4
523	707	3	7	5
716	707	16	7	4
90	707	10	7	5
89	707	9	7	5
92	707	12	7	4
10	707	10	7	5
537	707	17	7	4
488	707	8	7	2
661	707	1	7	5
18	707	18	7	3
639	707	19	7	5
566	707	6	7	4
875	707	15	7	4
184	707	4	7	4
187	707	7	7	5
401	707	1	7	2
474	707	14	7	5
585	707	5	7	5
450	707	10	7	5
878	707	18	7	2
59	707	19	7	3
615	707	15	7	3
373	707	13	7	4
271	707	11	7	4
354	707	14	7	4
840	707	0	7	5
151	707	11	7	4
666	707	6	7	5
536	707	16	7	5
796	707	16	7	3
524	707	4	7	4
286	707	6	7	5
771	707	11	7	4
379	707	19	7	5
269	707	9	7	2
707	707	7	7	5
85	707	5	7	4
607	707	7	7	4
711	707	11	7	5
376	707	16	7	4
363	707	3	7	3
244	707	4	7	4
565	707	5	7	5
378	707	18	7	3
270	707	10	7	5
698	707	18	7	2
846	727	6	7	4
385	727	5	7	1
59	727	19	7	2
417	727	17	7	5
416	727	16	7	5
122	727	2	7	4
406	727	6	7	3
144	727	4	7	3
405	727	5	7	1
224	727	4	7	4
279	727	19	7	3
399	727	19	7	4
496	727	16	7	5
234	727	14	7	3
378	727	18	7	4
479	727	19	7	5
145	727	5	7	2
566	727	6	7	4
523	727	3	7	4
562	727	2	7	5
119	727	19	7	5
94	727	14	7	5
639	727	19	7	2
535	727	15	7	4
373	727	13	7	4
295	727	15	7	5
346	727	6	7	1
711	727	11	7	4
679	727	19	7	4
537	727	17	7	2
536	727	16	7	3
262	727	2	7	3
487	727	7	7	3
198	727	18	7	4
342	727	2	7	3
911	727	11	7	2
393	727	13	7	3
361	727	1	7	3
270	727	10	7	5
457	727	17	7	4
267	727	7	7	4
268	727	8	7	2
450	727	10	7	4
11	727	11	7	3
916	727	16	7	4
551	727	11	7	5
877	727	17	7	4
387	727	7	7	5
655	727	15	7	2
343	727	3	7	4
577	727	17	7	5
795	727	15	7	3
455	727	15	7	3
276	727	16	7	3
299	727	19	7	4
868	727	8	7	2
883	727	3	7	3
24	727	4	7	3
709	727	9	7	2
92	727	12	7	4
500	727	0	7	2
437	727	17	7	3
661	727	1	7	4
588	747	8	7	4
174	747	14	7	5
804	747	4	7	3
253	747	13	7	3
457	747	17	7	4
660	747	0	7	4
738	747	18	7	4
437	747	17	7	4
293	747	13	7	2
354	747	14	7	2
416	747	16	7	5
764	747	4	7	3
59	747	19	7	4
405	747	5	7	1
864	747	4	7	3
922	747	2	7	3
269	747	9	7	4
92	747	12	7	4
450	747	10	7	4
373	747	13	7	4
913	747	13	7	3
13	747	13	7	4
18	747	18	7	3
840	747	0	7	4
406	747	6	7	2
286	747	6	7	4
823	747	3	7	4
417	747	17	7	3
918	747	18	7	3
436	747	16	7	5
514	747	14	7	4
904	747	4	7	4
795	747	15	7	3
276	747	16	7	4
393	747	13	7	4
11	747	11	7	3
456	747	16	7	4
868	747	8	7	2
429	747	9	7	3
314	747	14	7	1
128	747	8	7	3
592	747	12	7	4
399	747	19	7	5
711	747	11	7	4
95	747	15	7	5
343	747	3	7	4
363	747	3	7	5
270	747	10	7	5
268	747	8	7	3
62	747	2	7	3
232	747	12	7	3
766	747	6	7	5
378	747	18	7	3
472	747	12	7	5
345	747	5	7	3
187	747	7	7	4
533	747	13	7	5
407	747	7	7	3
184	747	4	7	3
308	747	8	7	3
244	747	4	7	4
23	747	3	7	3
234	747	14	7	3
606	747	6	7	4
151	747	11	7	3
889	747	9	7	4
201	747	1	7	2
180	747	0	7	4
639	747	19	7	3
727	747	7	7	2
235	747	15	7	2
455	747	15	7	4
43	747	3	7	4
216	747	16	7	4
603	747	3	7	3
707	747	7	7	3
846	747	6	7	3
330	747	10	7	3
144	747	4	7	5
56	747	16	7	4
593	747	13	7	4
690	747	10	7	3
295	747	15	7	4
271	747	11	7	3
299	747	19	7	4
805	747	5	7	3
262	747	2	7	4
136	747	16	7	4
487	747	7	7	4
222	747	2	7	2
291	747	11	7	4
506	747	6	7	2
650	747	10	7	3
311	747	11	7	3
712	747	12	7	3
796	747	16	7	4
848	747	8	7	5
709	747	9	7	2
899	747	19	7	1
503	747	3	7	3
871	747	11	7	3
551	747	11	7	3
862	767	2	7	4
21	767	1	7	1
417	767	17	7	1
363	767	3	7	2
385	767	5	7	1
617	767	17	7	3
145	767	5	7	2
181	767	1	7	1
916	767	16	7	4
201	767	1	7	4
13	767	13	7	1
405	787	5	7	3
846	787	6	7	4
207	787	7	7	3
406	787	6	7	3
436	787	16	7	5
314	787	14	7	2
712	787	12	7	3
95	787	15	7	2
378	787	18	7	3
591	787	11	7	3
393	787	13	7	5
919	787	19	7	3
13	787	13	7	3
416	807	16	7	4
13	807	13	7	1
504	807	4	7	4
405	807	5	7	1
378	807	18	7	3
593	807	13	7	4
796	807	16	7	2
276	807	16	7	2
450	807	10	7	4
899	827	19	7	2
417	827	17	7	2
62	827	2	7	2
67	827	7	7	3
324	827	4	7	4
663	827	3	7	2
805	827	5	7	4
619	827	19	7	3
217	827	17	7	2
193	827	13	7	2
798	827	18	7	4
551	827	11	7	5
606	827	6	7	3
852	827	12	7	2
99	827	19	7	3
500	827	0	7	2
648	827	8	7	3
314	827	14	7	4
294	827	14	7	1
507	827	7	7	5
348	827	8	7	4
207	827	7	7	3
727	827	7	7	3
37	827	17	7	3
642	827	2	7	1
758	827	18	7	3
13	827	13	7	3
320	827	0	7	4
923	827	3	7	3
640	827	0	7	3
936	827	16	7	2
347	827	7	7	1
145	827	5	7	2
181	827	1	7	2
825	827	5	7	4
332	827	12	7	4
521	827	1	7	1
120	827	0	7	2
119	827	19	7	3
894	827	14	7	3
605	827	5	7	3
130	827	10	7	4
432	827	12	7	3
705	827	5	7	4
564	827	4	7	3
459	827	19	7	3
246	827	6	7	1
279	827	19	7	1
54	827	14	7	3
757	827	17	7	3
102	827	2	7	2
425	827	5	7	1
256	827	16	7	3
255	827	15	7	2
104	827	4	7	2
674	827	14	7	4
416	827	16	7	4
299	847	19	7	4
655	847	15	7	2
794	847	14	7	5
470	847	10	7	3
221	847	1	7	4
354	847	14	7	3
392	847	12	7	4
201	847	1	7	2
894	847	14	7	4
460	847	0	7	3
707	847	7	7	5
518	847	18	7	5
151	847	11	7	5
637	847	17	7	3
323	847	3	7	3
252	847	12	7	4
349	847	9	7	4
883	847	3	7	4
560	847	0	7	4
381	847	1	7	4
115	847	15	7	4
765	847	5	7	4
136	847	16	7	4
533	847	13	7	3
450	847	10	7	4
389	847	9	7	4
64	847	4	7	3
234	847	14	7	4
271	847	11	7	4
90	847	10	7	5
429	847	9	7	3
181	847	1	7	1
607	847	7	7	4
733	847	13	7	3
490	847	10	7	3
708	847	8	7	3
865	847	5	7	5
387	847	7	7	3
207	847	7	7	3
458	847	18	7	5
123	847	3	7	4
748	847	8	7	4
937	847	17	7	4
43	847	3	7	5
312	847	12	7	3
567	847	7	7	4
303	847	3	7	4
558	847	18	7	4
189	847	9	7	4
104	847	4	7	2
592	847	12	7	5
144	847	4	7	4
581	847	1	7	3
13	847	13	7	4
889	847	9	7	4
655	867	15	7	4
422	867	2	7	3
303	867	3	7	3
13	867	13	7	5
883	867	3	7	5
234	867	14	7	4
780	887	0	7	4
794	887	14	7	4
896	887	16	7	2
499	887	19	7	5
752	887	12	7	1
463	887	3	7	5
548	887	8	7	4
695	887	15	7	3
111	887	11	7	3
655	887	15	7	3
19	887	19	7	4
519	887	19	7	5
186	887	6	7	4
828	887	8	7	4
451	887	11	7	1
498	887	18	7	3
783	887	3	7	5
866	887	6	7	3
818	887	18	7	4
557	887	17	7	3
381	887	1	7	3
448	887	8	7	2
755	887	15	7	3
284	887	4	7	4
720	887	0	7	5
758	887	18	7	5
234	887	14	7	3
724	887	4	7	3
446	887	6	7	4
334	887	14	7	5
611	887	11	7	2
511	887	11	7	5
592	887	12	7	5
181	887	1	7	1
782	887	2	7	4
341	887	1	7	5
710	887	10	7	2
80	887	0	7	4
574	887	14	7	4
607	887	7	7	3
354	887	14	7	4
587	887	7	7	2
717	887	17	7	5
195	887	15	7	4
853	887	13	7	2
489	887	9	7	2
683	887	3	7	4
241	887	1	7	4
116	887	16	7	3
112	887	12	7	5
708	887	8	7	2
423	887	3	7	5
803	887	3	7	5
775	887	15	7	4
919	887	19	7	3
100	887	0	7	2
773	887	13	7	2
13	887	13	7	5
171	887	11	7	4
288	887	8	7	5
894	887	14	7	4
863	887	3	7	3
486	887	6	7	5
747	887	7	7	5
13	907	13	7	1
871	907	11	7	3
655	927	15	7	3
234	927	14	7	4
181	927	1	7	1
936	927	16	7	4
15	927	15	7	4
176	927	16	7	3
305	947	5	7	4
331	947	11	7	5
889	947	9	7	4
543	947	3	7	4
92	947	12	7	4
671	947	11	7	3
102	947	2	7	3
871	947	11	7	2
627	947	7	7	3
776	947	16	7	2
452	947	12	7	5
405	947	5	7	1
774	947	14	7	2
110	947	10	7	3
16	947	16	7	4
197	947	17	7	2
600	947	0	7	4
747	967	7	7	3
254	967	14	7	3
312	967	12	7	3
346	967	6	7	2
429	967	9	7	4
18	967	18	7	3
932	967	12	7	4
653	967	13	7	2
521	967	1	7	3
311	967	11	7	3
450	967	10	7	5
846	967	6	7	3
490	987	10	7	3
21	987	1	7	3
782	987	2	7	3
851	987	11	7	1
327	1007	7	7	4
707	1007	7	7	4
751	1007	11	7	4
196	1007	16	7	4
279	1007	19	7	4
63	1007	3	7	5
675	1007	15	7	4
479	1007	19	7	4
422	1007	2	7	4
463	1007	3	7	3
345	1007	5	7	5
473	1007	13	7	4
894	1007	14	7	3
76	1007	16	7	4
94	1007	14	7	4
387	1007	7	7	5
303	1007	3	7	5
297	1007	17	7	4
501	1007	1	7	4
847	1007	7	7	4
270	1007	10	7	5
294	1007	14	7	4
344	1007	4	7	4
30	1007	10	7	5
789	1007	9	7	4
941	1007	1	7	4
928	1007	8	7	5
498	1007	18	7	3
392	1007	12	7	5
655	1007	15	7	3
227	1007	7	7	4
385	1007	5	7	3
526	1007	6	7	3
480	1007	0	7	4
416	1007	16	7	5
24	1007	4	7	5
937	1007	17	7	4
296	1007	16	7	4
936	1007	16	7	5
389	1007	9	7	4
437	1007	17	7	5
354	1007	14	7	4
430	1007	10	7	3
782	1007	2	7	3
758	1007	18	7	5
342	1007	2	7	4
363	1007	3	7	5
405	1027	5	7	1
279	1027	19	7	4
37	1027	17	7	3
500	1047	0	7	3
244	1047	4	7	2
227	1047	7	7	2
588	1047	8	7	3
406	1047	6	7	3
158	1047	18	7	4
81	1047	1	7	3
624	1047	4	7	3
101	1047	1	7	2
67	1047	7	7	3
534	1047	14	7	4
445	1047	5	7	1
872	1047	12	7	4
92	1047	12	7	1
921	1047	1	7	1
99	1047	19	7	4
901	1047	1	7	3
75	1047	15	7	3
851	1047	11	7	3
68	1047	8	7	1
56	1047	16	7	4
249	1047	9	7	3
927	1047	7	7	4
276	1047	16	7	3
357	1047	17	7	4
42	1047	2	7	4
141	1047	1	7	4
907	1047	7	7	5
595	1047	15	7	2
314	1047	14	7	4
887	1047	7	7	5
286	1047	6	7	1
393	1047	13	7	3
95	1047	15	7	3
145	1047	5	7	3
294	1047	14	7	3
450	1047	10	7	4
117	1047	17	7	2
168	1047	8	7	2
303	1047	3	7	2
601	1047	1	7	1
216	1047	16	7	3
869	1047	9	7	2
342	1047	2	7	2
621	1047	1	7	3
682	1047	2	7	3
178	1047	18	7	2
320	1047	0	7	4
804	1047	4	7	3
279	1047	19	7	4
291	1047	11	7	2
634	1047	14	7	3
697	1047	17	7	3
43	1047	3	7	3
548	1047	8	7	4
708	1047	8	7	2
517	1047	17	7	2
733	1047	13	7	2
703	1047	3	7	3
666	1047	6	7	3
181	1047	1	7	2
800	1047	0	7	3
486	1047	6	7	2
630	1047	10	7	4
880	1047	0	7	3
525	1047	5	7	2
523	1047	3	7	5
586	1047	6	7	3
472	1047	12	7	4
606	1047	6	7	2
256	1047	16	7	4
151	1047	11	7	2
280	1047	0	7	3
790	1047	10	7	3
57	1047	17	7	4
345	1047	5	7	4
374	1047	14	7	3
738	1047	18	7	3
919	1047	19	7	3
290	1047	10	7	4
715	1047	15	7	3
59	1047	19	7	2
825	1047	5	7	3
378	1047	18	7	2
663	1047	3	7	4
84	1047	4	7	2
541	1047	1	7	2
308	1047	8	7	3
497	1047	17	7	3
727	1047	7	7	2
78	1047	18	7	1
332	1047	12	7	3
718	1047	18	7	3
647	1047	7	7	4
245	1047	5	7	3
83	1047	3	7	2
792	1047	12	7	3
943	1047	3	7	2
533	1047	13	7	3
648	1047	8	7	2
879	1047	19	7	2
552	1047	12	7	3
716	1047	16	7	3
549	1047	9	7	3
749	1047	9	7	3
130	1047	10	7	5
435	1047	15	7	3
87	1047	7	7	3
432	1047	12	7	5
336	1047	16	7	4
457	1047	17	7	2
299	1047	19	7	2
162	1047	2	7	5
837	1047	17	7	1
579	1047	19	7	3
865	1047	5	7	1
551	1047	11	7	4
854	1047	14	7	1
343	1047	3	7	1
459	1047	19	7	3
692	1047	12	7	2
514	1047	14	7	3
860	1047	0	7	2
717	1047	17	7	4
938	1047	18	7	3
403	1047	3	7	2
665	1047	5	7	1
518	1047	18	7	4
417	1047	17	7	4
758	1047	18	7	3
864	1047	4	7	3
347	1047	7	7	1
642	1047	2	7	3
592	1047	12	7	1
640	1067	0	7	4
903	1067	3	7	2
943	1067	3	7	2
592	1067	12	7	5
682	1067	2	7	3
445	1067	5	7	1
490	1067	10	7	2
823	1067	3	7	4
460	1067	0	7	4
624	1067	4	7	4
99	1067	19	7	4
458	1067	18	7	5
181	1067	1	7	1
634	1067	14	7	4
294	1067	14	7	4
115	1067	15	7	4
663	1067	3	7	3
442	1067	2	7	3
747	1067	7	7	2
886	1067	6	7	5
49	1067	9	7	3
343	1067	3	7	3
177	1067	17	7	4
221	1067	1	7	3
216	1067	16	7	5
63	1067	3	7	3
697	1067	17	7	5
291	1067	11	7	4
508	1067	8	7	4
889	1067	9	7	3
551	1067	11	7	2
655	1067	15	7	2
463	1067	3	7	2
733	1067	13	7	5
158	1067	18	7	4
287	1067	7	7	2
501	1067	1	7	5
793	1067	13	7	4
363	1067	3	7	3
327	1067	7	7	4
470	1067	10	7	4
829	1067	9	7	4
227	1067	7	7	4
595	1067	15	7	4
653	1087	13	7	2
181	1087	1	7	1
373	1087	13	7	1
53	1087	13	7	4
731	1087	11	7	1
145	1087	5	7	1
279	1087	19	7	2
551	1087	11	7	1
825	1087	5	7	3
222	1087	2	7	1
343	1107	3	7	3
788	1107	8	7	3
450	1107	10	7	4
456	1107	16	7	4
328	1107	8	7	3
62	1107	2	7	1
524	1107	4	7	4
655	1107	15	7	4
59	1107	19	7	4
454	1107	14	7	4
682	1107	2	7	2
846	1107	6	7	4
378	1107	18	7	3
823	1107	3	7	3
194	1107	14	7	3
244	1107	4	7	2
405	1107	5	7	1
707	1107	7	7	3
713	1127	13	7	3
782	1127	2	7	2
179	1127	19	7	1
724	1127	4	7	3
211	1127	11	7	1
752	1127	12	7	3
863	1127	3	7	4
61	1127	1	7	4
688	1127	8	7	5
206	1127	6	7	4
702	1127	2	7	2
504	1147	4	7	4
389	1147	9	7	4
72	1147	12	7	5
416	1147	16	7	4
293	1147	13	7	4
405	1147	5	7	2
373	1147	13	7	4
492	1147	12	7	1
406	1147	6	7	4
207	1147	7	7	4
537	1147	17	7	3
94	1147	14	7	4
378	1147	18	7	4
577	1147	17	7	4
308	1147	8	7	4
450	1147	10	7	4
533	1147	13	7	3
167	1147	7	7	4
655	1147	15	7	3
262	1147	2	7	4
144	1147	4	7	4
907	1167	7	7	5
249	1167	9	7	4
405	1167	5	7	1
847	1167	7	7	5
655	1167	15	7	3
455	1167	15	7	4
342	1167	2	7	1
85	1167	5	7	3
312	1167	12	7	4
940	1167	0	7	4
184	1167	4	7	5
181	1187	1	7	1
445	1187	5	7	3
201	1187	1	7	3
833	1187	13	7	5
303	1187	3	7	4
422	1187	2	7	4
773	1187	13	7	3
793	1187	13	7	2
699	1187	19	7	4
617	1187	17	7	3
592	1187	12	7	4
387	1187	7	7	4
87	1187	7	7	2
399	1207	19	7	3
653	1207	13	7	1
280	1207	0	7	4
495	1207	15	7	5
194	1207	14	7	1
405	1207	5	7	1
130	1207	10	7	1
222	1207	2	7	2
586	1207	6	7	2
690	1207	10	7	3
417	1207	17	7	3
334	1207	14	7	2
551	1207	11	7	1
92	1207	12	7	3
532	1207	12	7	2
256	1207	16	7	3
622	1207	2	7	2
405	1227	5	7	3
437	1227	17	7	3
861	1227	1	7	4
299	1227	19	7	1
883	1227	3	7	3
436	1227	16	7	2
95	1227	15	7	2
201	1227	1	7	1
405	1247	5	7	1
650	1247	10	7	1
345	1247	5	7	2
279	1247	19	7	2
110	1247	10	7	2
417	1247	17	7	3
551	1267	11	7	4
655	1267	15	7	2
222	1267	2	7	3
653	1267	13	7	1
627	1267	7	7	4
846	1267	6	7	3
896	1267	16	7	2
221	1267	1	7	3
886	1267	6	7	3
378	1267	18	7	3
201	1267	1	7	3
659	1267	19	7	3
363	1267	3	7	2
537	1267	17	7	3
880	1267	0	7	4
406	1267	6	7	3
561	1267	1	7	3
339	1267	19	7	3
456	1267	16	7	4
314	1267	14	7	3
276	1267	16	7	4
823	1267	3	7	4
889	1267	9	7	3
682	1267	2	7	3
303	1267	3	7	3
343	1267	3	7	4
437	1267	17	7	4
269	1267	9	7	1
293	1267	13	7	3
405	1267	5	7	1
130	1267	10	7	4
870	1267	10	7	2
122	1267	2	7	4
181	1287	1	7	1
921	1287	1	7	1
642	1287	2	7	2
851	1287	11	7	1
145	1287	5	7	2
761	1287	1	7	1
167	1307	7	7	2
405	1307	5	7	1
181	1327	1	7	1
534	1327	14	7	2
663	1327	3	7	4
585	1347	5	7	2
181	1347	1	7	1
430	1347	10	7	5
420	1347	0	7	3
449	1367	9	7	4
581	1367	1	7	5
773	1367	13	7	5
181	1367	1	7	2
385	1367	5	7	5
782	1387	2	7	3
405	1387	5	7	2
181	1387	1	7	1
276	1407	16	7	1
303	1407	3	7	1
600	1407	0	7	2
532	1407	12	7	2
622	1407	2	7	1
586	1407	6	7	3
374	1407	14	7	2
193	1407	13	7	3
788	1407	8	7	3
506	1407	6	7	2
378	1407	18	7	3
655	1407	15	7	2
405	1407	5	7	1
221	1407	1	7	3
497	1407	17	7	3
195	1407	15	7	2
381	1407	1	7	3
416	1407	16	7	2
796	1407	16	7	3
393	1407	13	7	3
269	1427	9	7	2
833	1427	13	7	3
747	1427	7	7	2
452	1427	12	7	5
201	1427	1	7	2
234	1447	14	7	3
244	1467	4	7	5
886	1467	6	7	5
405	1487	5	7	1
325	1487	5	7	3
889	1487	9	7	3
279	1487	19	7	1
283	1487	3	7	2
299	1507	19	7	3
752	1527	12	7	1
758	1527	18	7	3
676	1527	16	7	1
631	1527	11	7	2
511	1527	11	7	4
341	1527	1	7	4
782	1527	2	7	2
456	1547	16	7	4
405	1547	5	7	2
405	1567	5	7	1
405	1587	5	7	1
466	1607	6	7	5
863	1607	3	7	2
655	1607	15	7	3
650	1627	10	7	3
655	1647	15	7	3
782	1667	2	7	3
