385	18	5	18	5
181	18	1	18	1
59	18	19	18	4
1	18	1	18	4
90	18	10	18	3
15	18	15	18	1
655	18	15	18	3
14	18	14	18	3
207	18	7	18	2
585	18	5	18	2
405	38	5	18	5
805	38	5	18	3
684	38	4	18	3
506	38	6	18	3
200	38	0	18	3
145	38	5	18	3
280	38	0	18	3
642	38	2	18	4
346	38	6	18	3
870	38	10	18	3
650	38	10	18	3
268	38	8	18	1
314	38	14	18	5
135	38	15	18	3
320	38	0	18	4
188	38	8	18	3
102	38	2	18	2
1	38	1	18	3
504	38	4	18	4
943	38	3	18	3
380	38	0	18	2
606	38	6	18	4
484	38	4	18	4
217	38	17	18	3
746	38	6	18	2
435	38	15	18	2
197	38	17	18	3
749	38	9	18	3
326	38	6	18	3
798	38	18	18	4
932	38	12	18	2
600	38	0	18	3
425	38	5	18	3
887	38	7	18	5
11	38	11	18	3
758	38	18	18	3
577	38	17	18	2
660	38	0	18	2
826	38	6	18	3
648	38	8	18	5
796	38	16	18	5
901	38	1	18	3
655	38	15	18	2
389	38	9	18	2
293	38	13	18	1
881	38	1	18	3
442	38	2	18	3
87	38	7	18	5
64	38	4	18	3
880	38	0	18	3
496	38	16	18	2
741	38	1	18	2
207	38	7	18	3
790	38	10	18	2
246	38	6	18	2
671	38	11	18	5
378	38	18	18	3
334	38	14	18	2
436	38	16	18	3
621	38	1	18	3
110	38	10	18	3
788	38	8	18	3
416	38	16	18	3
72	38	12	18	3
640	38	0	18	4
83	38	3	18	5
497	38	17	18	3
186	38	6	18	5
92	38	12	18	3
130	38	10	18	4
709	38	9	18	3
411	38	11	18	4
178	38	18	18	3
551	38	11	18	1
193	38	13	18	3
158	38	18	18	4
541	38	1	18	3
276	38	16	18	3
757	38	17	18	3
303	38	3	18	1
271	38	11	18	2
332	38	12	18	2
311	38	11	18	3
487	38	7	18	2
256	38	16	18	4
291	38	11	18	3
933	38	13	18	2
94	38	14	18	2
343	38	3	18	3
330	38	10	18	4
472	38	12	18	4
532	38	12	18	3
833	38	13	18	1
363	38	3	18	3
42	38	2	18	3
399	38	19	18	2
222	38	2	18	2
705	38	5	18	5
450	38	10	18	4
56	38	16	18	2
727	38	7	18	1
653	38	13	18	3
221	38	1	18	2
503	38	3	18	3
393	38	13	18	4
712	38	12	18	4
849	38	9	18	5
927	38	7	18	5
543	38	3	18	3
682	38	2	18	3
49	38	9	18	1
219	38	19	18	1
13	38	13	18	3
533	38	13	18	2
457	38	17	18	3
374	38	14	18	4
345	38	5	18	2
864	38	4	18	3
394	38	14	18	4
328	38	8	18	3
757	58	17	18	3
316	58	16	18	3
454	58	14	18	4
659	58	19	18	4
263	58	3	18	4
292	58	12	18	5
210	58	10	18	4
711	58	11	18	4
1	58	1	18	4
94	58	14	18	5
474	58	14	18	4
639	58	19	18	3
406	58	6	18	4
886	58	6	18	4
655	58	15	18	3
716	58	16	18	5
538	58	18	18	4
144	58	4	18	3
881	58	1	18	3
109	58	9	18	4
846	58	6	18	4
271	58	11	18	3
393	58	13	18	3
901	58	1	18	4
704	58	4	18	3
487	58	7	18	5
373	58	13	18	4
883	58	3	18	3
184	58	4	18	4
539	58	19	18	3
276	58	16	18	4
542	58	2	18	4
796	58	16	18	3
42	58	2	18	5
409	58	9	18	4
629	58	9	18	4
389	58	9	18	4
392	58	12	18	4
95	58	15	18	3
13	58	13	18	4
551	58	11	18	5
457	58	17	18	4
18	58	18	18	4
249	58	9	18	5
417	58	17	18	3
479	58	19	18	4
758	58	18	18	4
452	58	12	18	3
236	58	16	18	2
488	58	8	18	3
933	58	13	18	3
343	58	3	18	4
330	58	10	18	5
892	58	12	18	4
222	58	2	18	3
41	58	1	18	3
216	58	16	18	4
913	58	13	18	5
535	58	15	18	5
354	58	14	18	3
533	58	13	18	4
833	58	13	18	2
896	58	16	18	3
705	58	5	18	2
156	58	16	18	4
313	58	13	18	3
233	58	13	18	3
577	58	17	18	4
363	58	3	18	3
346	58	6	18	3
345	58	5	18	4
528	58	8	18	5
429	58	9	18	4
642	58	2	18	3
532	58	12	18	4
627	58	7	18	5
301	58	1	18	4
244	58	4	18	3
854	58	14	18	3
399	58	19	18	3
334	58	14	18	4
328	58	8	18	4
383	58	3	18	4
870	58	10	18	5
455	58	15	18	3
557	58	17	18	4
715	58	15	18	4
560	58	0	18	3
943	58	3	18	4
325	58	5	18	3
774	58	14	18	1
437	58	17	18	4
450	58	10	18	3
435	58	15	18	3
707	58	7	18	3
344	58	4	18	3
16	58	16	18	4
11	58	11	18	3
500	58	0	18	3
592	58	12	18	5
693	58	13	18	3
916	58	16	18	5
237	58	17	18	4
391	58	11	18	4
643	58	3	18	4
608	58	8	18	2
311	58	11	18	3
339	58	19	18	3
405	58	5	18	1
308	58	8	18	3
85	58	5	18	4
823	58	3	18	5
664	58	4	18	4
380	58	0	18	2
632	58	12	18	3
128	58	8	18	3
805	58	5	18	4
889	58	9	18	3
80	58	0	18	4
59	58	19	18	4
682	58	2	18	3
504	58	4	18	3
503	58	3	18	4
524	58	4	18	4
606	58	6	18	3
554	58	14	18	4
397	58	17	18	5
331	58	11	18	3
514	58	14	18	4
280	58	0	18	4
299	58	19	18	3
72	58	12	18	4
200	58	0	18	4
788	58	8	18	4
416	58	16	18	5
239	58	19	18	5
298	58	18	18	4
747	58	7	18	3
318	58	18	18	4
601	58	1	18	1
198	58	18	18	3
537	58	17	18	4
661	58	1	18	4
342	58	2	18	5
919	58	19	18	5
719	58	19	18	3
201	58	1	18	4
269	58	9	18	2
411	58	11	18	3
43	58	3	18	3
749	58	9	18	3
151	58	11	18	4
24	58	4	18	3
92	58	12	18	4
247	58	7	18	4
378	58	18	18	4
194	58	14	18	4
864	58	4	18	5
178	58	18	18	5
130	58	10	18	2
593	58	13	18	4
721	58	1	18	2
385	58	5	18	4
795	58	15	18	4
748	58	8	18	4
561	58	1	18	3
387	58	7	18	4
506	58	6	18	4
737	58	17	18	4
398	58	18	18	4
207	58	7	18	3
64	58	4	18	3
262	58	2	18	3
468	58	8	18	4
458	58	18	18	5
472	78	12	18	1
95	78	15	18	3
194	78	14	18	1
92	78	12	18	3
254	78	14	18	3
416	78	16	18	2
796	78	16	18	3
13	78	13	18	1
545	78	5	18	2
749	78	9	18	3
393	78	13	18	2
38	78	18	18	5
450	78	10	18	2
620	78	0	18	4
778	78	18	18	1
712	78	12	18	4
399	78	19	18	3
417	78	17	18	2
901	78	1	18	4
7	78	7	18	3
222	78	2	18	1
642	78	2	18	3
1	78	1	18	1
148	78	8	18	1
314	78	14	18	4
303	78	3	18	2
83	78	3	18	2
566	78	6	18	1
378	78	18	18	3
62	78	2	18	2
276	78	16	18	4
56	78	16	18	3
405	78	5	18	2
890	98	10	18	4
233	98	13	18	5
903	98	3	18	5
213	98	13	18	5
910	98	10	18	4
943	98	3	18	5
329	98	9	18	4
253	98	13	18	5
389	98	9	18	4
870	98	10	18	4
293	98	13	18	4
59	98	19	18	5
1	98	1	18	4
409	98	9	18	5
883	98	3	18	3
269	98	9	18	4
850	98	10	18	1
830	98	10	18	5
429	98	9	18	4
249	98	9	18	5
13	98	13	18	4
313	98	13	18	4
21	98	1	18	5
333	98	13	18	4
790	98	10	18	5
843	98	3	18	3
99	98	19	18	5
41	98	1	18	4
81	98	1	18	5
823	98	3	18	5
109	98	9	18	4
102	98	2	18	4
121	98	1	18	5
690	98	10	18	5
69	98	9	18	5
763	98	3	18	4
629	98	9	18	5
161	98	1	18	4
670	98	10	18	2
907	98	7	18	5
49	98	9	18	4
887	98	7	18	3
29	98	9	18	4
239	98	19	18	5
663	98	3	18	5
259	98	19	18	4
709	98	9	18	4
453	98	13	18	4
867	98	7	18	5
932	98	12	18	5
650	98	10	18	4
493	98	13	18	4
643	98	3	18	3
847	98	7	18	4
533	98	13	18	4
892	98	12	18	5
630	98	10	18	5
749	98	9	18	5
553	98	13	18	5
201	98	1	18	4
767	98	7	18	5
610	98	10	18	5
747	98	7	18	5
593	98	13	18	5
530	98	10	18	4
299	98	19	18	4
543	98	3	18	4
633	98	13	18	4
889	98	9	18	4
727	98	7	18	4
632	98	12	18	4
339	98	19	18	4
653	98	13	18	2
503	98	3	18	5
693	98	13	18	4
929	98	9	18	5
16	98	16	18	5
592	98	12	18	5
667	98	7	18	4
753	98	13	18	5
379	98	19	18	5
450	98	10	18	4
532	98	12	18	5
56	98	16	18	4
773	98	13	18	4
301	98	1	18	4
76	98	16	18	5
96	98	16	18	5
833	98	13	18	3
430	98	10	18	5
363	98	3	18	3
361	98	1	18	5
399	98	19	18	4
370	98	10	18	4
350	98	10	18	4
459	98	19	18	5
343	98	3	18	5
913	98	13	18	4
330	98	10	18	5
216	98	16	18	5
933	98	13	18	5
452	98	12	18	5
236	98	16	18	5
290	98	10	18	4
323	98	3	18	4
256	98	16	18	5
421	98	1	18	5
499	98	19	18	4
392	98	12	18	5
481	98	1	18	4
18	98	18	18	5
270	98	10	18	5
372	98	12	18	5
352	98	12	18	5
487	98	7	18	5
332	98	12	18	5
579	98	19	18	4
250	98	10	18	5
447	98	7	18	4
58	98	18	18	4
312	98	12	18	4
230	98	10	18	5
407	98	7	18	5
303	98	3	18	5
276	98	16	18	5
118	98	18	18	5
639	98	19	18	4
210	98	10	18	5
292	98	12	18	5
138	98	18	18	5
263	98	3	18	4
561	98	1	18	4
272	98	12	18	4
296	98	16	18	5
316	98	16	18	5
232	98	12	18	4
659	98	19	18	4
152	98	12	18	2
178	98	18	18	5
699	98	19	18	4
130	98	10	18	5
387	98	7	18	4
376	98	16	18	5
367	98	7	18	5
163	98	3	18	4
416	98	16	18	5
347	98	7	18	5
719	98	19	18	5
123	98	3	18	4
739	98	19	18	3
103	98	3	18	3
198	98	18	18	4
92	98	12	18	5
218	98	18	18	5
601	98	1	18	3
278	98	18	18	4
72	98	12	18	5
298	98	18	18	4
327	98	7	18	4
12	98	12	18	5
899	98	19	18	4
287	98	7	18	4
919	98	19	18	5
875	98	15	18	5
90	98	10	18	5
436	98	16	18	4
835	98	15	18	5
43	98	3	18	5
378	98	18	18	5
267	98	7	18	5
456	98	16	18	3
23	98	3	18	5
815	98	15	18	4
24	98	4	18	5
741	98	1	18	5
44	98	4	18	2
496	98	16	18	4
940	98	0	18	4
207	98	7	18	4
10	98	10	18	4
536	98	16	18	4
64	98	4	18	4
458	98	18	18	3
821	98	1	18	5
715	98	15	18	5
84	98	4	18	4
14	98	14	18	3
478	98	18	18	5
498	98	18	18	4
880	98	0	18	5
124	98	4	18	4
886	98	6	18	4
655	98	15	18	4
7	98	7	18	4
538	98	18	18	5
840	98	0	18	5
144	98	4	18	4
881	98	1	18	5
716	98	16	18	5
846	98	6	18	4
780	98	0	18	1
776	98	16	18	4
618	98	18	18	5
638	98	18	18	3
760	98	0	18	3
658	98	18	18	4
700	98	0	18	3
184	98	4	18	4
680	98	0	18	4
575	98	15	18	4
796	98	16	18	5
535	98	15	18	2
738	98	18	18	4
660	98	0	18	4
758	98	18	18	5
825	98	5	18	5
77	98	17	18	4
806	98	6	18	4
97	98	17	18	4
495	98	15	18	5
620	98	0	18	4
117	98	17	18	4
854	98	14	18	4
264	98	4	18	5
778	98	18	18	4
896	98	16	18	5
786	98	6	18	5
455	98	15	18	4
814	98	14	18	4
774	98	14	18	4
798	98	18	18	1
435	98	15	18	5
177	98	17	18	5
766	98	6	18	3
916	98	16	18	5
344	98	4	18	4
878	98	18	18	4
734	98	14	18	4
686	98	6	18	5
237	98	17	18	4
395	98	15	18	5
694	98	14	18	5
500	98	0	18	4
666	98	6	18	4
480	98	0	18	4
315	98	15	18	4
5	98	5	18	3
295	98	15	18	5
25	98	5	18	5
28	98	8	18	5
484	98	4	18	4
297	98	17	18	5
48	98	8	18	5
654	98	14	18	5
275	98	15	18	4
65	98	5	18	4
504	98	4	18	5
255	98	15	18	5
380	98	0	18	4
85	98	5	18	4
128	98	8	18	4
215	98	15	18	5
148	98	8	18	3
554	98	14	18	5
377	98	17	18	5
606	98	6	18	5
188	98	8	18	5
524	98	4	18	3
175	98	15	18	5
135	98	15	18	5
125	98	5	18	5
228	98	8	18	3
115	98	15	18	3
248	98	8	18	5
566	98	6	18	4
145	98	5	18	5
514	98	14	18	5
494	98	14	18	4
604	98	4	18	2
546	98	6	18	5
280	98	0	18	5
417	98	17	18	5
474	98	14	18	5
268	98	8	18	4
95	98	15	18	4
288	98	8	18	5
664	98	4	18	4
225	98	5	18	5
308	98	8	18	3
437	98	17	18	5
305	98	5	18	4
922	98	2	18	5
200	98	0	18	5
684	98	4	18	4
454	98	14	18	1
180	98	0	18	5
704	98	4	18	5
882	98	2	18	5
394	98	14	18	5
862	98	2	18	5
328	98	8	18	4
325	98	5	18	4
764	98	4	18	5
466	98	6	18	3
457	98	17	18	5
374	98	14	18	5
345	98	5	18	5
368	98	8	18	3
388	98	8	18	5
802	98	2	18	4
804	98	4	18	5
426	98	6	18	4
60	98	0	18	4
20	98	0	18	3
468	98	8	18	5
488	98	8	18	4
385	98	5	18	4
497	98	17	18	4
406	98	6	18	4
354	98	14	18	3
682	98	2	18	4
911	98	11	18	2
508	98	8	18	3
334	98	14	18	4
405	98	5	18	4
366	98	6	18	5
346	98	6	18	2
864	98	4	18	5
548	98	8	18	5
537	98	17	18	3
588	98	8	18	1
326	98	6	18	5
622	98	2	18	5
608	98	8	18	5
274	98	14	18	5
771	98	11	18	1
11	98	11	18	2
254	98	14	18	4
751	98	11	18	5
648	98	8	18	4
425	98	5	18	4
577	98	17	18	4
71	98	11	18	4
562	98	2	18	4
91	98	11	18	5
617	98	17	18	2
711	98	11	18	5
465	98	5	18	4
234	98	14	18	4
442	98	2	18	4
246	98	6	18	4
691	98	11	18	4
505	98	5	18	4
422	98	2	18	5
214	98	14	18	4
151	98	11	18	4
788	98	8	18	5
226	98	6	18	5
671	98	11	18	4
545	98	5	18	5
382	98	2	18	3
342	98	2	18	3
186	98	6	18	5
271	98	11	18	5
194	98	14	18	4
605	98	5	18	5
262	98	2	18	4
868	98	8	18	4
551	98	11	18	5
645	98	5	18	4
174	98	14	18	5
757	98	17	18	4
114	98	14	18	4
908	98	8	18	5
665	98	5	18	4
928	98	8	18	5
291	98	11	18	5
222	98	2	18	4
877	98	17	18	5
94	98	14	18	4
6	98	6	18	5
745	98	5	18	5
42	98	2	18	4
391	98	11	18	4
925	98	5	18	4
897	98	17	18	5
62	98	2	18	4
311	98	11	18	5
805	98	5	18	5
371	98	11	18	5
817	118	17	18	3
298	118	18	18	4
879	118	19	18	3
198	118	18	18	2
852	118	12	18	4
213	118	13	18	4
759	118	19	18	5
779	118	19	18	5
549	118	9	18	4
449	118	9	18	1
551	118	11	18	5
72	118	12	18	3
859	118	19	18	3
621	118	1	18	3
805	118	5	18	3
751	118	11	18	2
552	118	12	18	3
83	118	3	18	3
238	118	18	18	3
769	118	9	18	4
839	118	19	18	2
130	118	10	18	4
563	118	3	18	4
168	118	8	18	4
554	118	14	18	4
53	118	13	18	4
68	118	8	18	2
402	118	2	18	4
311	118	11	18	3
378	118	18	18	4
525	118	5	18	3
697	118	17	18	3
45	118	5	18	4
671	118	11	18	5
151	118	11	18	3
450	118	10	18	3
524	118	4	18	4
586	118	6	18	4
727	118	7	18	4
432	118	12	18	4
188	118	8	18	3
399	118	19	18	3
654	118	14	18	2
534	118	14	18	4
793	118	13	18	2
295	118	15	18	3
246	118	6	18	1
159	118	19	18	4
748	118	8	18	2
612	118	12	18	3
890	118	10	18	2
653	118	13	18	3
320	118	0	18	1
121	118	1	18	2
703	118	3	18	5
634	118	14	18	4
674	118	14	18	3
938	118	18	18	5
907	118	7	18	4
1	118	1	18	3
514	118	14	18	2
637	118	17	18	1
887	118	7	18	5
501	118	1	18	3
21	118	1	18	1
864	118	4	18	4
389	118	9	18	2
564	118	4	18	4
872	118	12	18	4
666	118	6	18	3
709	118	9	18	5
194	118	14	18	3
256	118	16	18	5
470	118	10	18	4
44	118	4	18	3
343	118	3	18	2
479	118	19	18	3
254	118	14	18	4
490	118	10	18	2
694	118	14	18	4
438	118	18	18	4
380	118	0	18	2
303	118	3	18	2
417	118	17	18	4
513	118	13	18	4
901	118	1	18	3
395	118	15	18	3
936	118	16	18	3
504	118	4	18	3
429	118	9	18	3
546	118	6	18	5
714	118	14	18	5
630	118	10	18	4
217	118	17	18	4
59	118	19	18	5
708	118	8	18	5
493	118	13	18	4
330	118	10	18	5
184	118	4	18	2
145	118	5	18	3
344	118	4	18	3
255	118	15	18	1
280	118	0	18	2
741	118	1	18	1
927	118	7	18	5
186	118	6	18	2
75	118	15	18	3
754	118	14	18	2
55	118	15	18	5
500	118	0	18	3
93	118	13	18	3
251	118	11	18	3
222	118	2	18	4
706	118	6	18	3
638	118	18	18	3
22	118	2	18	4
903	118	3	18	4
821	118	1	18	3
592	118	12	18	3
825	118	5	18	4
435	118	15	18	2
15	118	15	18	1
265	118	5	18	4
774	118	14	18	1
533	118	13	18	4
597	118	17	18	3
181	118	1	18	2
800	118	0	18	3
543	118	3	18	3
308	118	8	18	3
87	118	7	18	4
880	118	0	18	3
865	118	5	18	1
749	118	9	18	3
664	118	4	18	3
437	118	17	18	2
916	118	16	18	2
99	118	19	18	2
445	118	5	18	2
81	118	1	18	2
200	118	0	18	4
689	118	9	18	4
684	118	4	18	4
848	118	8	18	2
425	118	5	18	1
560	118	0	18	3
38	118	18	18	5
770	118	10	18	4
455	118	15	18	4
454	118	14	18	4
715	118	15	18	2
794	118	14	18	2
109	118	9	18	3
882	118	2	18	4
128	118	8	18	5
690	118	10	18	4
328	118	8	18	3
160	118	0	18	3
434	118	14	18	5
869	118	9	18	1
896	118	16	18	2
157	118	17	18	2
548	118	8	18	5
457	118	17	18	4
82	118	2	18	3
798	118	18	18	4
359	118	19	18	3
693	118	13	18	2
349	118	9	18	2
394	118	14	18	4
472	118	12	18	4
605	118	5	18	3
796	118	16	18	4
393	118	13	18	4
120	118	0	18	2
650	118	10	18	4
657	118	17	18	1
764	118	4	18	3
137	118	17	18	5
562	118	2	18	3
849	118	9	18	5
593	118	13	18	4
588	118	8	18	3
345	118	5	18	3
718	118	18	18	4
854	118	14	18	2
164	118	4	18	5
290	118	10	18	4
244	118	4	18	2
332	118	12	18	5
758	118	18	18	2
275	118	15	18	3
348	118	8	18	4
357	118	17	18	5
569	118	9	18	4
555	118	15	18	4
620	118	0	18	4
174	118	14	18	2
643	118	3	18	2
507	118	7	18	5
54	118	14	18	4
847	118	7	18	3
636	118	16	18	5
297	118	17	18	3
756	118	16	18	2
795	118	15	18	2
910	118	10	18	3
201	118	1	18	1
939	118	19	18	5
271	118	11	18	3
582	118	2	18	2
62	118	2	18	2
577	118	17	18	3
374	118	14	18	5
602	118	2	18	3
642	118	2	18	3
301	118	1	18	4
497	118	17	18	4
792	118	12	18	2
788	118	8	18	3
37	118	17	18	2
221	118	1	18	1
738	118	18	18	3
886	118	6	18	1
541	118	1	18	4
161	118	1	18	2
313	118	13	18	4
270	118	10	18	3
447	118	7	18	4
292	118	12	18	3
660	118	0	18	2
622	118	2	18	1
276	118	16	18	3
101	118	1	18	3
648	118	8	18	4
893	118	13	18	4
274	118	14	18	4
26	118	6	18	3
381	118	1	18	1
13	118	13	18	4
294	118	14	18	3
158	118	18	18	5
7	118	7	18	2
468	118	8	18	3
190	118	10	18	3
299	118	19	18	2
532	118	12	18	4
291	118	11	18	2
618	118	18	18	3
716	118	16	18	2
20	118	0	18	4
178	118	18	18	4
669	118	9	18	2
192	118	12	18	2
919	118	19	18	4
757	118	17	18	3
42	118	2	18	4
94	118	14	18	3
223	118	3	18	2
102	118	2	18	3
661	118	1	18	4
518	118	18	18	5
722	118	2	18	4
840	118	0	18	3
699	118	19	18	4
804	118	4	18	4
396	118	16	18	4
705	118	5	18	4
141	118	1	18	5
807	118	7	18	4
27	118	7	18	3
655	118	15	18	2
935	118	15	18	4
833	118	13	18	2
347	118	7	18	4
43	118	3	18	4
56	118	16	18	4
386	118	6	18	3
92	118	12	18	2
719	118	19	18	2
407	118	7	18	3
601	118	1	18	1
606	118	6	18	4
416	118	16	18	2
892	118	12	18	4
881	118	1	18	4
897	118	17	18	5
619	118	19	18	5
32	118	12	18	3
189	118	9	18	1
103	118	3	18	3
891	118	11	18	4
403	118	3	18	5
230	138	10	18	3
301	138	1	18	2
62	138	2	18	1
60	138	0	18	2
174	138	14	18	1
620	138	0	18	5
1	138	1	18	1
927	138	7	18	4
798	138	18	18	3
246	138	6	18	1
393	138	13	18	3
756	138	16	18	2
694	138	14	18	3
314	138	14	18	5
642	138	2	18	4
318	138	18	18	4
13	138	13	18	1
254	138	14	18	1
606	138	6	18	3
504	158	4	18	3
246	158	6	18	1
727	158	7	18	2
295	158	15	18	4
56	158	16	18	3
314	158	14	18	3
790	158	10	18	2
207	158	7	18	3
749	158	9	18	3
916	158	16	18	2
222	158	2	18	3
450	158	10	18	3
798	158	18	18	2
682	158	2	18	2
244	158	4	18	3
495	158	15	18	3
16	158	16	18	4
806	158	6	18	2
815	158	15	18	2
868	158	8	18	1
286	158	6	18	3
379	158	19	18	1
267	158	7	18	4
318	158	18	18	5
416	158	16	18	3
291	158	11	18	2
1	158	1	18	3
347	158	7	18	3
453	158	13	18	2
130	158	10	18	5
336	158	16	18	3
406	158	6	18	2
880	158	0	18	2
407	158	7	18	2
276	158	16	18	3
174	158	14	18	2
593	158	13	18	3
394	158	14	18	3
303	158	3	18	3
690	158	10	18	4
293	158	13	18	2
650	158	10	18	2
87	158	7	18	3
290	158	10	18	5
684	158	4	18	3
109	158	9	18	1
715	158	15	18	2
927	158	7	18	2
279	158	19	18	3
280	158	0	18	2
268	158	8	18	2
447	158	7	18	3
398	158	18	18	3
417	158	17	18	2
125	158	5	18	4
843	158	3	18	2
13	158	13	18	1
346	158	6	18	2
461	158	1	18	2
496	158	16	18	2
6	178	6	18	4
648	178	8	18	4
528	178	8	18	4
288	178	8	18	5
68	178	8	18	5
889	178	9	18	5
224	178	4	18	4
416	178	16	18	5
178	178	18	18	4
876	178	16	18	4
405	178	5	18	3
426	178	6	18	4
95	178	15	18	5
535	178	15	18	4
16	178	16	18	5
151	178	11	18	5
246	178	6	18	5
749	178	9	18	4
398	178	18	18	5
691	178	11	18	5
327	178	7	18	4
409	178	9	18	5
723	178	3	18	3
268	178	8	18	4
514	178	14	18	4
389	178	9	18	4
658	178	18	18	5
65	178	5	18	5
573	178	13	18	4
686	178	6	18	5
655	178	15	18	4
1	178	1	18	5
387	178	7	18	3
361	178	1	18	5
174	178	14	18	5
474	178	14	18	4
392	178	12	18	5
7	178	7	18	4
601	178	1	18	4
331	178	11	18	3
615	178	15	18	5
886	178	6	18	5
868	178	8	18	5
756	178	16	18	5
298	178	18	18	5
156	178	16	18	5
271	178	11	18	3
553	178	13	18	5
661	178	1	18	4
727	178	7	18	4
237	178	17	18	4
694	178	14	18	4
315	178	15	18	4
796	178	16	18	3
10	178	10	18	5
24	178	4	18	5
846	178	6	18	4
659	178	19	18	5
429	178	9	18	4
606	178	6	18	5
766	178	6	18	4
417	178	17	18	3
488	178	8	18	4
530	178	10	18	5
588	178	8	18	5
182	178	2	18	5
567	178	7	18	4
82	178	2	18	4
115	178	15	18	5
932	178	12	18	5
232	178	12	18	5
60	178	0	18	5
622	178	2	18	4
468	178	8	18	5
326	178	6	18	5
425	178	5	18	3
189	178	9	18	5
109	178	9	18	3
305	178	5	18	4
537	178	17	18	4
924	178	4	18	5
704	178	4	18	5
308	178	8	18	4
870	178	10	18	4
221	178	1	18	4
881	178	1	18	3
307	178	7	18	3
311	178	11	18	5
693	178	13	18	5
381	178	1	18	4
568	178	8	18	4
313	178	13	18	5
741	178	1	18	5
185	178	5	18	4
487	178	7	18	5
751	178	11	18	5
561	178	1	18	4
90	178	10	18	5
556	178	16	18	5
272	178	12	18	5
696	178	16	18	4
524	178	4	18	3
747	178	7	18	5
712	178	12	18	2
684	178	4	18	4
234	178	14	18	5
458	178	18	18	4
450	178	10	18	4
379	178	19	18	5
373	178	13	18	4
339	178	19	18	5
312	178	12	18	5
172	178	12	18	3
592	178	12	18	5
774	178	14	18	4
397	178	17	18	5
892	178	12	18	5
13	178	13	18	4
194	178	14	18	3
738	178	18	18	4
639	178	19	18	5
864	178	4	18	4
18	178	18	18	3
716	178	16	18	5
478	178	18	18	4
195	198	15	18	3
344	198	4	18	5
44	198	4	18	4
246	198	6	18	4
321	198	1	18	4
884	198	4	18	5
903	198	3	18	4
585	198	5	18	5
506	198	6	18	2
828	198	8	18	4
18	198	18	18	3
10	198	10	18	3
405	198	5	18	2
847	198	7	18	4
96	198	16	18	5
622	198	2	18	4
535	198	15	18	4
796	198	16	18	4
757	198	17	18	4
385	198	5	18	3
376	198	16	18	5
686	198	6	18	5
235	198	15	18	3
734	198	14	18	1
92	198	12	18	5
870	198	10	18	4
198	198	18	18	4
387	198	7	18	4
907	198	7	18	5
639	198	19	18	2
269	198	9	18	4
537	198	17	18	2
868	198	8	18	5
474	198	14	18	3
655	198	15	18	4
268	198	8	18	4
417	198	17	18	4
257	198	17	18	3
95	198	15	18	5
151	198	11	18	4
271	198	11	18	4
465	198	5	18	2
234	198	14	18	3
7	198	7	18	3
727	198	7	18	4
932	198	12	18	4
189	198	9	18	4
201	198	1	18	4
710	198	10	18	4
125	198	5	18	3
248	198	8	18	5
58	198	18	18	3
763	198	3	18	5
481	198	1	18	4
253	198	13	18	5
311	198	11	18	3
440	198	0	18	4
543	198	3	18	4
279	198	19	18	3
339	198	19	18	5
823	198	3	18	4
401	198	1	18	4
297	198	17	18	3
276	198	16	18	5
698	198	18	18	2
488	198	8	18	4
524	198	4	18	4
645	198	5	18	3
583	198	3	18	4
625	198	5	18	4
512	198	12	18	5
855	198	15	18	4
13	198	13	18	3
72	198	12	18	5
303	198	3	18	4
557	198	17	18	5
406	198	6	18	2
896	198	16	18	4
327	198	7	18	4
829	198	9	18	4
144	198	4	18	4
601	198	1	18	4
551	198	11	18	5
833	198	13	18	4
867	198	7	18	5
658	198	18	18	5
331	198	11	18	4
479	198	19	18	5
786	198	6	18	5
299	198	19	18	4
846	198	6	18	5
499	198	19	18	5
1	198	1	18	5
773	198	13	18	4
222	198	2	18	4
249	198	9	18	5
840	198	0	18	3
592	198	12	18	5
194	198	14	18	3
862	198	2	18	5
293	198	13	18	4
328	198	8	18	3
766	198	6	18	4
650	198	10	18	4
177	198	17	18	4
561	198	1	18	3
59	198	19	18	5
567	198	7	18	5
804	198	4	18	5
343	198	3	18	4
329	198	9	18	4
267	198	7	18	5
883	198	3	18	5
305	198	5	18	4
425	198	5	18	4
653	198	13	18	4
606	198	6	18	4
308	198	8	18	3
894	198	14	18	4
449	198	9	18	4
239	198	19	18	5
285	198	5	18	5
916	198	16	18	4
286	198	6	18	4
90	198	10	18	5
641	198	1	18	5
296	198	16	18	5
399	218	19	18	4
796	218	16	18	3
313	218	13	18	2
416	218	16	18	3
385	218	5	18	2
198	218	18	18	3
943	218	3	18	4
899	218	19	18	4
553	218	13	18	4
367	218	7	18	4
804	218	4	18	4
655	218	15	18	3
178	218	18	18	3
366	218	6	18	3
361	218	1	18	3
49	218	9	18	2
661	218	1	18	3
109	218	9	18	4
412	218	12	18	3
436	218	16	18	4
919	218	19	18	4
130	218	10	18	5
407	218	7	18	4
334	218	14	18	3
880	218	0	18	4
551	218	11	18	5
293	218	13	18	2
287	218	7	18	5
561	218	1	18	3
387	218	7	18	3
94	218	14	18	3
682	218	2	18	3
184	218	4	18	3
468	218	8	18	4
498	218	18	18	3
642	218	2	18	3
659	218	19	18	4
472	218	12	18	4
886	218	6	18	3
301	218	1	18	4
215	218	15	18	3
823	218	3	18	4
118	218	18	18	5
478	218	18	18	3
82	218	2	18	3
60	218	0	18	4
577	218	17	18	3
291	218	11	18	4
222	218	2	18	5
90	218	10	18	5
868	218	8	18	3
543	218	3	18	3
374	218	14	18	4
773	218	13	18	2
933	218	13	18	3
524	218	4	18	3
38	218	18	18	3
388	218	8	18	5
802	218	2	18	3
405	218	5	18	5
368	218	8	18	2
690	218	10	18	5
267	218	7	18	4
758	218	18	18	4
495	218	15	18	4
764	218	4	18	4
345	218	5	18	3
297	218	17	18	3
201	218	1	18	4
425	218	5	18	3
216	218	16	18	4
394	218	14	18	4
562	218	2	18	4
328	218	8	18	4
648	218	8	18	3
422	218	2	18	4
887	218	7	18	5
932	218	12	18	3
249	218	9	18	3
622	218	2	18	3
160	218	0	18	4
59	218	19	18	5
814	218	14	18	3
693	218	13	18	4
346	218	6	18	3
457	218	17	18	4
128	218	8	18	3
684	218	4	18	1
372	218	12	18	5
650	218	10	18	3
276	218	16	18	4
504	218	4	18	4
916	218	16	18	3
200	218	0	18	5
308	218	8	18	5
487	218	7	18	2
437	218	17	18	2
456	218	16	18	4
864	218	4	18	4
10	218	10	18	4
774	218	14	18	1
608	218	8	18	4
847	218	7	18	3
506	218	6	18	3
290	218	10	18	2
532	218	12	18	5
548	218	8	18	4
450	218	10	18	4
474	218	14	18	4
213	218	13	18	4
617	218	17	18	2
711	218	11	18	4
435	218	15	18	3
339	218	19	18	3
417	218	17	18	3
925	218	5	18	4
268	218	8	18	2
102	218	2	18	3
378	218	18	18	3
194	218	14	18	4
311	218	11	18	4
303	218	3	18	4
545	218	5	18	4
314	218	14	18	4
64	218	4	18	1
604	218	4	18	3
375	218	15	18	3
256	218	16	18	3
776	218	16	18	4
280	218	0	18	4
566	218	6	18	4
788	218	8	18	4
255	218	15	18	3
709	218	9	18	4
145	218	5	18	3
115	218	15	18	3
193	218	13	18	4
741	218	1	18	4
533	218	13	18	2
442	218	2	18	3
13	218	13	18	1
447	218	7	18	4
295	218	15	18	5
643	218	3	18	3
28	218	8	18	3
332	218	12	18	5
618	218	18	18	3
586	218	6	18	3
188	218	8	18	5
654	218	14	18	2
234	218	14	18	2
221	218	1	18	4
554	218	14	18	4
421	218	1	18	4
270	218	10	18	5
846	218	6	18	4
21	218	1	18	4
716	218	16	18	3
843	218	3	18	2
327	218	7	18	3
269	218	9	18	2
271	218	11	18	3
92	218	12	18	4
508	218	8	18	2
429	218	9	18	3
1	218	1	18	3
833	218	13	18	4
881	218	1	18	4
406	218	6	18	3
870	218	10	18	4
363	218	3	18	2
521	238	1	18	3
411	238	11	18	3
665	238	5	18	4
796	238	16	18	3
846	238	6	18	5
291	238	11	18	5
660	238	0	18	3
312	238	12	18	3
184	238	4	18	4
14	238	14	18	5
254	238	14	18	3
615	238	15	18	3
11	238	11	18	3
331	238	11	18	4
379	238	19	18	5
638	238	18	18	4
655	238	15	18	3
776	238	16	18	4
618	238	18	18	1
608	238	8	18	5
667	238	7	18	3
7	238	7	18	5
881	238	1	18	1
716	238	16	18	4
56	238	16	18	5
840	238	0	18	5
892	238	12	18	4
538	238	18	18	5
383	238	3	18	5
498	238	18	18	4
279	238	19	18	4
429	238	9	18	5
87	238	7	18	3
478	238	18	18	3
886	238	6	18	3
458	238	18	18	4
539	238	19	18	3
880	238	0	18	4
851	238	11	18	5
553	238	13	18	5
932	238	12	18	3
154	238	14	18	5
773	238	13	18	4
777	238	17	18	4
167	238	7	18	4
343	238	3	18	4
10	238	10	18	4
537	238	17	18	4
64	238	4	18	4
44	238	4	18	4
795	238	15	18	3
373	238	13	18	4
207	238	7	18	2
940	238	0	18	4
476	238	16	18	3
405	238	5	18	5
222	238	2	18	5
24	238	4	18	5
378	238	18	18	3
189	238	9	18	5
629	238	9	18	5
23	238	3	18	5
456	238	16	18	4
96	238	16	18	4
453	238	13	18	4
399	238	19	18	1
870	238	10	18	4
682	238	2	18	3
267	238	7	18	4
897	238	17	18	4
661	238	1	18	4
436	238	16	18	3
919	238	19	18	3
43	238	3	18	2
528	238	8	18	3
607	238	7	18	4
833	238	13	18	2
508	238	8	18	4
110	238	10	18	3
318	238	18	18	3
12	238	12	18	5
864	238	4	18	5
899	238	19	18	2
327	238	7	18	4
303	238	3	18	4
868	238	8	18	4
334	238	14	18	4
747	238	7	18	3
601	238	1	18	2
361	238	1	18	4
416	238	16	18	4
370	238	10	18	4
6	238	6	18	5
18	238	18	18	5
92	238	12	18	5
911	238	11	18	2
82	238	2	18	3
62	238	2	18	5
198	238	18	18	4
650	238	10	18	4
488	238	8	18	1
363	238	3	18	4
421	238	1	18	5
469	238	9	18	4
41	238	1	18	5
178	238	18	18	4
22	238	2	18	5
313	238	13	18	4
406	238	6	18	2
336	238	16	18	3
230	238	10	18	1
387	238	7	18	5
271	238	11	18	4
99	238	19	18	4
625	238	5	18	4
213	238	13	18	5
551	238	11	18	5
174	238	14	18	5
272	238	12	18	5
385	238	5	18	5
330	238	10	18	5
407	238	7	18	5
296	238	16	18	4
158	238	18	18	5
561	238	1	18	4
210	238	10	18	3
138	238	18	18	5
201	238	1	18	3
354	238	14	18	4
283	238	3	18	5
196	238	16	18	4
468	238	8	18	3
481	238	1	18	4
804	238	4	18	4
559	238	19	18	1
593	238	13	18	4
276	238	16	18	5
883	238	3	18	4
903	238	3	18	5
345	238	5	18	5
862	238	2	18	4
543	238	3	18	3
605	238	5	18	1
913	238	13	18	3
394	238	14	18	5
744	238	4	18	4
457	238	17	18	5
305	238	5	18	3
299	238	19	18	4
684	238	4	18	3
311	238	11	18	4
454	238	14	18	3
194	238	14	18	5
493	238	13	18	3
847	238	7	18	2
308	238	8	18	5
848	238	8	18	4
474	238	14	18	4
499	238	19	18	2
763	238	3	18	4
250	238	10	18	4
912	238	12	18	4
749	238	9	18	3
712	238	12	18	3
437	238	17	18	5
690	238	10	18	5
591	238	11	18	5
342	238	2	18	4
323	238	3	18	4
268	238	8	18	3
1	238	1	18	4
494	238	14	18	5
145	238	5	18	4
417	238	17	18	4
692	238	12	18	4
95	238	15	18	5
805	238	5	18	5
586	238	6	18	2
125	238	5	18	3
320	238	0	18	4
727	238	7	18	2
554	238	14	18	3
479	238	19	18	4
339	238	19	18	5
524	238	4	18	4
148	238	8	18	4
360	238	0	18	4
215	238	15	18	2
579	238	19	18	3
128	238	8	18	4
606	238	6	18	4
380	238	0	18	3
653	238	13	18	1
85	238	5	18	2
214	238	14	18	4
246	238	6	18	5
65	238	5	18	3
654	238	14	18	4
504	238	4	18	3
643	238	3	18	3
151	238	11	18	5
295	238	15	18	4
25	238	5	18	4
666	238	6	18	4
297	238	17	18	5
315	238	15	18	5
269	238	9	18	5
694	238	14	18	3
500	238	0	18	4
617	238	17	18	3
109	238	9	18	2
823	238	3	18	5
711	238	11	18	4
237	238	17	18	4
592	238	12	18	5
13	238	13	18	3
391	238	11	18	5
94	238	14	18	5
707	238	7	18	4
234	238	14	18	3
389	238	9	18	5
239	238	19	18	5
933	238	13	18	2
59	238	19	18	5
916	238	16	18	4
774	238	14	18	5
450	238	10	18	5
838	238	18	18	4
648	238	8	18	3
794	238	14	18	5
58	238	18	18	5
177	238	17	18	3
896	238	16	18	3
49	238	9	18	4
930	238	10	18	4
542	238	2	18	4
766	238	6	18	4
293	238	13	18	4
843	238	3	18	3
786	238	6	18	4
778	238	18	18	3
264	238	4	18	5
854	238	14	18	5
758	238	18	18	5
244	238	4	18	5
216	238	16	18	5
751	238	11	18	3
535	238	15	18	4
876	238	16	18	4
77	238	17	18	5
806	238	6	18	4
836	238	16	18	4
249	238	9	18	5
738	238	18	18	4
527	238	7	18	5
262	238	2	18	4
392	258	12	18	2
487	258	7	18	5
547	258	7	18	4
303	258	3	18	4
507	258	7	18	4
432	258	12	18	4
843	258	3	18	4
479	258	19	18	5
343	258	3	18	5
169	258	9	18	5
323	258	3	18	4
310	258	10	18	3
199	258	19	18	4
179	258	19	18	5
49	258	9	18	2
141	258	1	18	5
629	258	9	18	4
69	258	9	18	4
857	258	17	18	5
609	258	9	18	3
730	258	10	18	5
763	258	3	18	3
589	258	9	18	2
159	258	19	18	4
783	258	3	18	4
710	258	10	18	2
22	258	2	18	5
569	258	9	18	5
393	258	13	18	4
222	258	2	18	5
837	258	17	18	4
491	258	11	18	4
2	258	2	18	3
817	258	17	18	3
26	258	6	18	3
867	258	7	18	3
134	258	14	18	4
551	258	11	18	4
154	258	14	18	3
66	258	6	18	4
645	258	5	18	3
109	258	9	18	5
757	258	17	18	5
86	258	6	18	5
271	258	11	18	3
625	258	5	18	4
262	258	2	18	4
847	258	7	18	5
126	258	6	18	4
181	258	1	18	3
146	258	6	18	4
282	258	2	18	5
166	258	6	18	4
737	258	17	18	5
717	258	17	18	5
302	258	2	18	3
351	258	11	18	5
213	258	13	18	4
749	258	9	18	4
322	258	2	18	4
329	258	9	18	3
493	258	13	18	5
251	258	11	18	3
513	258	13	18	4
186	258	6	18	1
206	258	6	18	4
545	258	5	18	3
362	258	2	18	4
171	258	11	18	4
382	258	2	18	2
750	258	10	18	3
671	258	11	18	5
226	258	6	18	5
827	258	7	18	3
788	258	8	18	4
509	258	9	18	4
402	258	2	18	4
657	258	17	18	2
422	258	2	18	4
748	258	8	18	5
151	258	11	18	5
807	258	7	18	3
453	258	13	18	4
505	258	5	18	1
890	258	10	18	3
465	258	5	18	5
711	258	11	18	4
482	258	2	18	2
708	258	8	18	5
502	258	2	18	2
234	258	14	18	2
668	258	8	18	2
111	258	11	18	4
309	258	9	18	5
533	258	13	18	4
425	258	5	18	2
630	258	10	18	3
870	258	10	18	4
582	258	2	18	4
937	258	17	18	4
11	258	11	18	5
286	258	6	18	4
254	258	14	18	4
623	258	3	18	4
628	258	8	18	5
311	258	11	18	4
306	258	6	18	2
771	258	11	18	5
274	258	14	18	5
683	258	3	18	3
669	258	9	18	2
811	258	11	18	5
294	258	14	18	3
831	258	11	18	2
924	258	4	18	3
588	258	8	18	4
884	258	4	18	5
851	258	11	18	4
787	258	7	18	5
19	258	19	18	4
872	258	12	18	4
642	258	2	18	3
864	258	4	18	5
62	258	2	18	5
39	258	19	18	4
537	258	17	18	4
548	258	8	18	4
583	258	3	18	4
871	258	11	18	5
193	258	13	18	3
173	258	13	18	4
334	258	14	18	4
528	258	8	18	4
769	258	9	18	3
682	258	2	18	3
832	258	12	18	3
517	258	17	18	5
844	258	4	18	4
702	258	2	18	5
354	258	14	18	4
488	258	8	18	4
931	258	11	18	3
742	258	2	18	5
468	258	8	18	4
782	258	2	18	4
40	258	0	18	3
809	258	9	18	3
573	258	13	18	4
153	258	13	18	5
448	258	8	18	4
497	258	17	18	4
408	258	8	18	3
365	258	5	18	4
570	258	10	18	3
829	258	9	18	3
388	258	8	18	5
550	258	10	18	5
772	258	12	18	5
802	258	2	18	5
345	258	5	18	4
466	258	6	18	4
747	258	7	18	2
784	258	4	18	5
842	258	2	18	3
133	258	13	18	5
862	258	2	18	5
113	258	13	18	5
457	258	17	18	5
100	258	0	18	4
752	258	12	18	3
201	258	1	18	2
120	258	0	18	5
140	258	0	18	3
328	258	8	18	5
486	258	6	18	5
724	258	4	18	4
414	258	14	18	5
882	258	2	18	3
902	258	2	18	3
180	258	0	18	5
305	258	5	18	4
922	258	2	18	4
454	258	14	18	4
510	258	10	18	4
285	258	5	18	2
413	258	13	18	4
613	258	13	18	5
265	258	5	18	4
942	258	2	18	4
506	258	6	18	4
887	258	7	18	1
245	258	5	18	4
205	258	5	18	3
200	258	0	18	4
905	258	5	18	3
15	258	15	18	3
185	258	5	18	4
644	258	4	18	4
220	258	0	18	3
523	258	3	18	5
35	258	15	18	2
165	258	5	18	5
260	258	0	18	3
288	258	8	18	4
526	258	6	18	3
268	258	8	18	2
703	258	3	18	4
474	258	14	18	4
490	258	10	18	2
624	258	4	18	4
546	258	6	18	4
417	258	17	18	4
584	258	4	18	4
727	258	7	18	2
145	258	5	18	4
391	258	11	18	3
564	258	4	18	4
470	258	10	18	4
544	258	4	18	3
514	258	14	18	4
102	258	2	18	4
1	258	1	18	5
135	258	15	18	4
770	258	10	18	5
125	258	5	18	5
195	258	15	18	4
105	258	5	18	5
293	258	13	18	3
360	258	0	18	4
377	258	17	18	4
168	258	8	18	4
85	258	5	18	4
339	258	19	18	3
221	258	1	18	1
215	258	15	18	3
574	258	14	18	5
357	258	17	18	4
128	258	8	18	2
380	258	0	18	4
53	258	13	18	4
634	258	14	18	4
255	258	15	18	4
632	258	12	18	4
606	258	6	18	4
65	258	5	18	3
653	258	13	18	3
275	258	15	18	3
54	258	14	18	4
504	258	4	18	5
663	258	3	18	3
297	258	17	18	5
626	258	6	18	4
400	258	0	18	5
889	258	9	18	4
68	258	8	18	5
646	258	6	18	3
440	258	0	18	4
25	258	5	18	5
484	258	4	18	5
28	258	8	18	5
8	258	8	18	5
654	258	14	18	4
460	258	0	18	3
277	258	17	18	4
483	258	3	18	4
480	258	0	18	3
464	258	4	18	5
444	258	4	18	3
335	258	15	18	1
938	258	18	18	5
673	258	13	18	2
500	258	0	18	4
257	258	17	18	3
119	258	19	18	2
666	258	6	18	4
424	258	4	18	2
395	258	15	18	4
404	258	4	18	4
714	258	14	18	4
936	258	16	18	3
415	258	15	18	4
898	258	18	18	3
384	258	4	18	4
33	258	13	18	4
217	258	17	18	1
429	258	9	18	4
61	258	1	18	4
281	258	1	18	2
706	258	6	18	4
197	258	17	18	4
878	258	18	18	3
344	258	4	18	3
838	258	18	18	5
435	258	15	18	4
540	258	0	18	4
818	258	18	18	4
774	258	14	18	1
324	258	4	18	4
177	258	17	18	3
529	258	9	18	4
560	258	0	18	5
455	258	15	18	5
284	258	4	18	4
896	258	16	18	5
580	258	0	18	5
157	258	17	18	3
834	258	14	18	4
798	258	18	18	4
693	258	13	18	4
74	258	14	18	4
854	258	14	18	4
475	258	15	18	1
117	258	17	18	4
244	258	4	18	5
515	258	15	18	4
894	258	14	18	4
463	258	3	18	5
535	258	15	18	5
94	258	14	18	5
856	258	16	18	4
451	258	11	18	4
758	258	18	18	4
806	258	6	18	3
836	258	16	18	4
816	258	16	18	3
489	258	9	18	5
224	258	4	18	3
826	258	6	18	4
738	258	18	18	4
57	258	17	18	5
796	258	16	18	4
555	258	15	18	3
443	258	3	18	5
56	258	16	18	4
595	258	15	18	4
698	258	18	18	3
204	258	4	18	2
941	258	1	18	4
184	258	4	18	3
592	258	12	18	5
689	258	9	18	5
863	258	3	18	5
720	258	0	18	4
740	258	0	18	3
733	258	13	18	3
655	258	15	18	2
423	258	3	18	5
760	258	0	18	5
820	258	0	18	3
129	258	9	18	2
552	258	12	18	4
846	258	6	18	3
164	258	4	18	5
249	258	9	18	5
756	258	16	18	3
598	258	18	18	5
403	258	3	18	4
578	258	18	18	1
538	258	18	18	3
7	258	7	18	4
144	258	4	18	4
47	258	7	18	4
773	258	13	18	5
104	258	4	18	3
880	258	0	18	4
498	258	18	18	2
59	258	19	18	3
675	258	15	18	3
676	258	16	18	2
84	258	4	18	4
841	258	1	18	5
636	258	16	18	5
301	258	1	18	4
616	258	16	18	4
596	258	16	18	3
926	258	6	18	4
149	258	9	18	3
107	258	7	18	4
127	258	7	18	5
147	258	7	18	4
411	258	11	18	4
64	258	4	18	3
781	258	1	18	2
418	258	18	18	5
229	258	9	18	2
735	258	15	18	4
219	258	19	18	5
755	258	15	18	5
761	258	1	18	4
775	258	15	18	4
30	258	10	18	5
920	258	0	18	4
363	258	3	18	3
940	258	0	18	5
207	258	7	18	4
790	258	10	18	3
450	258	10	18	4
76	258	16	18	3
627	258	7	18	4
815	258	15	18	4
313	258	13	18	3
44	258	4	18	4
721	258	1	18	3
456	258	16	18	4
24	258	4	18	4
723	258	3	18	4
3	258	3	18	2
378	258	18	18	4
209	258	9	18	2
6	258	6	18	2
21	258	1	18	4
247	258	7	18	5
877	258	17	18	4
4	258	4	18	5
549	258	9	18	5
939	258	19	18	4
430	258	10	18	4
681	258	1	18	1
23	258	3	18	5
358	258	18	18	4
116	258	16	18	4
745	258	5	18	5
875	258	15	18	4
90	258	10	18	3
915	258	15	18	2
661	258	1	18	4
919	258	19	18	4
43	258	3	18	5
641	258	1	18	3
416	258	16	18	5
307	258	7	18	5
825	258	5	18	4
899	258	19	18	5
410	258	10	18	2
52	258	12	18	5
512	258	12	18	3
390	258	10	18	5
13	258	13	18	4
63	258	3	18	3
327	258	7	18	1
110	258	10	18	4
278	258	18	18	3
130	258	10	18	4
839	258	19	18	4
258	258	18	18	2
238	258	18	18	3
819	258	19	18	2
799	258	19	18	5
136	258	16	18	5
347	258	7	18	4
92	258	12	18	4
779	258	19	18	5
361	258	1	18	3
198	258	18	18	4
759	258	19	18	4
601	258	1	18	5
587	258	7	18	4
79	258	19	18	5
143	258	3	18	3
805	258	5	18	3
163	258	3	18	4
367	258	7	18	4
183	258	3	18	3
112	258	12	18	3
356	258	16	18	5
203	258	3	18	3
459	258	19	18	3
699	258	19	18	5
202	258	2	18	4
650	258	10	18	3
192	258	12	18	5
223	258	3	18	1
853	258	13	18	3
178	258	18	18	4
170	258	10	18	3
387	258	7	18	4
873	258	13	18	3
263	258	3	18	3
350	258	10	18	3
561	258	1	18	2
190	258	10	18	3
176	258	16	18	4
725	258	5	18	4
296	258	16	18	5
659	258	19	18	4
407	258	7	18	4
893	258	13	18	3
118	258	18	18	5
276	258	16	18	5
907	258	7	18	4
541	258	1	18	4
353	258	13	18	5
619	258	19	18	5
427	258	7	18	4
99	258	19	18	5
332	258	12	18	5
743	258	3	18	5
579	258	19	18	5
521	258	1	18	4
447	258	7	18	5
250	258	10	18	4
467	258	7	18	2
865	258	5	18	4
472	258	12	18	5
270	258	10	18	3
913	258	13	18	4
539	258	19	18	4
461	258	1	18	4
499	258	19	18	2
894	278	14	18	4
599	278	19	18	3
393	278	13	18	4
927	278	7	18	1
174	278	14	18	5
244	278	4	18	3
560	278	0	18	1
907	278	7	18	5
304	278	4	18	4
344	278	4	18	3
277	278	17	18	1
262	278	2	18	3
917	278	17	18	3
222	278	2	18	2
450	278	10	18	5
45	278	5	18	3
2	278	2	18	3
447	278	7	18	3
654	278	14	18	3
727	278	7	18	2
320	278	0	18	3
373	278	13	18	5
145	278	5	18	4
624	278	4	18	4
15	278	15	18	1
764	278	4	18	4
256	278	16	18	5
345	278	5	18	3
837	278	17	18	3
593	278	13	18	3
181	278	1	18	2
374	278	14	18	2
401	278	1	18	4
829	278	9	18	1
299	278	19	18	3
891	278	11	18	4
109	278	9	18	3
314	278	14	18	5
872	278	12	18	3
904	278	4	18	5
588	278	8	18	5
286	278	6	18	5
459	278	19	18	4
152	278	12	18	4
150	278	10	18	2
223	278	3	18	4
885	278	5	18	3
541	278	1	18	2
92	278	12	18	3
416	278	16	18	3
43	278	3	18	3
708	278	8	18	4
630	278	10	18	4
436	278	16	18	2
768	278	8	18	2
761	278	1	18	4
458	278	18	18	2
760	278	0	18	4
101	278	1	18	2
796	278	16	18	4
9	298	9	18	5
453	298	13	18	4
689	298	9	18	4
259	298	19	18	4
493	298	13	18	3
749	298	9	18	4
807	298	7	18	4
533	298	13	18	4
630	298	10	18	5
623	298	3	18	2
590	298	10	18	2
849	298	9	18	5
869	298	9	18	3
119	298	19	18	4
299	298	19	18	4
490	298	10	18	3
889	298	9	18	4
221	298	1	18	4
339	298	19	18	2
592	298	12	18	5
693	298	13	18	3
359	298	19	18	5
733	298	13	18	2
770	298	10	18	4
56	298	16	18	4
647	298	7	18	3
363	298	3	18	5
793	298	13	18	4
430	298	10	18	3
532	298	12	18	4
790	298	10	18	5
116	298	16	18	3
136	298	16	18	4
567	298	7	18	4
833	298	13	18	5
176	298	16	18	4
893	298	13	18	4
459	298	19	18	3
216	298	16	18	5
236	298	16	18	4
479	298	19	18	3
323	298	3	18	4
432	298	12	18	3
507	298	7	18	5
487	298	7	18	5
392	298	12	18	1
501	298	1	18	4
467	298	7	18	4
705	298	5	18	5
447	298	7	18	4
332	298	12	18	4
521	298	1	18	3
276	298	16	18	5
619	298	19	18	5
78	298	18	18	3
303	298	3	18	4
825	298	5	18	5
292	298	12	18	4
296	298	16	18	1
387	298	7	18	3
158	298	18	18	3
429	298	9	18	5
699	298	19	18	4
223	298	3	18	5
178	298	18	18	2
130	298	10	18	5
719	298	19	18	2
347	298	7	18	5
759	298	19	18	4
198	298	18	18	1
21	298	1	18	5
238	298	18	18	5
843	298	3	18	2
83	298	3	18	4
327	298	7	18	3
416	298	16	18	4
32	298	12	18	5
621	298	1	18	4
43	298	3	18	4
287	298	7	18	4
661	298	1	18	3
919	298	19	18	3
939	298	19	18	5
6	298	6	18	3
378	298	18	18	3
44	298	4	18	2
70	298	10	18	5
207	298	7	18	3
735	298	15	18	4
458	298	18	18	5
715	298	15	18	4
880	298	0	18	4
655	298	15	18	4
162	298	2	18	4
27	298	7	18	4
716	298	16	18	5
578	298	18	18	4
144	298	4	18	3
164	298	4	18	3
796	298	16	18	5
678	298	18	18	3
910	298	10	18	2
941	298	1	18	5
595	298	15	18	4
894	298	14	18	3
57	298	17	18	3
660	298	0	18	2
738	298	18	18	3
758	298	18	18	4
249	298	9	18	4
117	298	17	18	5
834	298	14	18	4
157	298	17	18	4
455	298	15	18	4
304	298	4	18	5
916	298	16	18	3
324	298	4	18	5
62	298	2	18	4
838	298	18	18	3
435	298	15	18	4
500	298	0	18	4
344	298	4	18	4
102	298	2	18	3
936	298	16	18	4
480	298	0	18	2
938	298	18	18	4
464	298	4	18	4
460	298	0	18	2
297	298	17	18	5
504	298	4	18	4
85	298	5	18	4
606	298	6	18	4
195	298	15	18	4
397	298	17	18	4
54	298	14	18	4
417	298	17	18	3
564	298	4	18	3
145	298	5	18	1
624	298	4	18	4
474	298	14	18	3
268	298	8	18	3
526	298	6	18	4
644	298	4	18	4
220	298	0	18	4
308	298	8	18	5
293	298	13	18	4
265	298	5	18	5
305	298	5	18	4
902	298	2	18	2
486	298	6	18	3
388	298	8	18	5
345	298	5	18	5
782	298	2	18	4
497	298	17	18	3
931	298	11	18	4
528	298	8	18	4
548	298	8	18	4
682	298	2	18	4
851	298	11	18	5
831	298	11	18	5
294	298	14	18	5
622	298	2	18	4
557	298	17	18	5
577	298	17	18	4
425	298	5	18	4
648	298	8	18	2
286	298	6	18	4
445	298	5	18	2
597	298	17	18	5
482	298	2	18	4
214	298	14	18	3
671	298	11	18	4
697	298	17	18	4
251	298	11	18	5
717	298	17	18	3
342	298	2	18	3
186	298	6	18	3
253	298	13	18	3
66	298	6	18	4
757	298	17	18	4
665	298	5	18	3
26	298	6	18	3
797	298	17	18	3
222	298	2	18	4
2	298	2	18	3
569	298	9	18	3
121	298	1	18	2
159	298	19	18	5
69	298	9	18	4
141	298	1	18	5
743	298	3	18	4
649	298	9	18	4
393	298	13	18	4
730	298	10	18	4
163	318	3	18	4
222	318	2	18	5
156	318	16	18	4
387	318	7	18	3
114	318	14	18	3
253	318	13	18	5
561	318	1	18	3
223	318	3	18	4
202	318	2	18	1
908	318	8	18	5
178	318	18	18	5
551	318	11	18	5
280	318	0	18	5
200	318	0	18	5
308	318	8	18	4
613	318	13	18	5
883	318	3	18	4
73	318	13	18	4
514	318	14	18	4
454	318	14	18	5
543	318	3	18	3
913	318	13	18	4
566	318	6	18	4
305	318	5	18	3
180	318	0	18	5
902	318	2	18	5
18	318	18	18	5
125	318	5	18	5
290	318	10	18	4
81	318	1	18	5
412	318	12	18	5
373	318	13	18	5
704	318	4	18	5
233	318	13	18	5
188	318	8	18	5
885	318	5	18	5
457	318	17	18	5
586	318	6	18	3
524	318	4	18	4
397	318	17	18	4
481	318	1	18	1
213	318	13	18	5
479	318	19	18	5
554	318	14	18	5
632	318	12	18	5
829	318	9	18	5
391	318	11	18	4
85	318	5	18	4
235	318	15	18	5
328	318	8	18	5
593	318	13	18	5
503	318	3	18	5
499	318	19	18	5
429	318	9	18	5
345	318	5	18	5
276	318	16	18	5
764	318	4	18	5
653	318	13	18	4
201	318	1	18	5
380	318	0	18	4
567	318	7	18	2
65	318	5	18	5
450	318	10	18	5
850	318	10	18	5
747	318	7	18	5
559	318	19	18	5
504	318	4	18	5
889	318	9	18	4
109	318	9	18	4
654	318	14	18	5
484	318	4	18	5
426	318	6	18	5
374	318	14	18	2
330	318	10	18	5
933	318	13	18	4
295	318	15	18	5
315	318	15	18	5
221	318	1	18	5
483	318	3	18	3
694	318	14	18	5
487	318	7	18	3
236	318	16	18	5
666	318	6	18	5
395	318	15	18	4
406	318	6	18	5
468	318	8	18	5
686	318	6	18	5
299	318	19	18	4
592	318	12	18	5
734	318	14	18	5
59	318	19	18	5
354	318	14	18	3
82	318	2	18	4
693	318	13	18	4
385	318	5	18	2
804	318	4	18	5
878	318	18	18	5
907	318	7	18	5
38	318	18	18	3
870	318	10	18	5
929	318	9	18	4
472	318	12	18	5
527	318	7	18	3
401	318	1	18	4
838	318	18	18	5
435	318	15	18	5
488	318	8	18	4
766	318	6	18	5
844	318	4	18	4
452	318	12	18	5
774	318	14	18	1
916	318	16	18	4
177	318	17	18	4
455	318	15	18	3
560	318	0	18	4
508	318	8	18	4
303	318	3	18	5
707	318	7	18	5
58	318	18	18	3
854	318	14	18	5
16	318	16	18	5
786	318	6	18	5
682	318	2	18	4
610	318	10	18	5
943	318	3	18	3
896	318	16	18	4
6	318	6	18	4
334	318	14	18	4
474	318	14	18	5
244	318	4	18	5
894	318	14	18	5
314	318	14	18	5
346	318	6	18	5
851	318	11	18	5
409	318	9	18	4
876	318	16	18	5
806	318	6	18	5
640	318	0	18	5
864	318	4	18	5
836	318	16	18	5
57	318	17	18	5
224	318	4	18	5
738	318	18	18	5
62	318	2	18	5
588	318	8	18	4
535	318	15	18	4
660	318	0	18	3
555	318	15	18	4
575	318	15	18	5
185	318	5	18	4
537	318	17	18	4
204	318	4	18	5
807	318	7	18	5
453	318	13	18	4
846	318	6	18	5
664	318	4	18	5
642	318	2	18	2
269	318	9	18	4
680	318	0	18	5
326	318	6	18	5
249	318	9	18	5
165	318	5	18	5
867	318	7	18	5
700	318	0	18	4
288	318	8	18	4
924	318	4	18	5
42	318	2	18	5
658	318	18	18	4
796	318	16	18	4
11	318	11	18	5
411	318	11	18	4
184	318	4	18	5
887	318	7	18	5
608	318	8	18	4
780	318	0	18	5
274	318	14	18	5
776	318	16	18	4
405	318	5	18	5
667	318	7	18	5
577	318	17	18	5
618	318	18	18	5
663	318	3	18	4
425	318	5	18	2
381	318	1	18	5
313	318	13	18	4
773	318	13	18	4
7	318	7	18	5
705	318	5	18	5
716	318	16	18	5
538	318	18	18	5
234	318	14	18	4
886	318	6	18	5
144	318	4	18	5
41	318	1	18	4
655	318	15	18	4
648	318	8	18	3
533	318	13	18	5
880	318	0	18	5
562	318	2	18	3
785	318	5	18	4
87	318	7	18	4
892	318	12	18	5
542	318	2	18	4
675	318	15	18	5
710	318	10	18	4
478	318	18	18	5
121	318	1	18	5
532	318	12	18	5
91	318	11	18	5
84	318	4	18	5
676	318	16	18	5
138	318	18	18	5
458	318	18	18	4
821	318	1	18	5
76	318	16	18	3
633	318	13	18	4
522	318	2	18	4
715	318	15	18	5
301	318	1	18	5
556	318	16	18	5
189	318	9	18	5
536	318	16	18	5
64	318	4	18	4
167	318	7	18	5
343	318	3	18	5
781	318	1	18	3
900	318	0	18	4
465	318	5	18	4
239	318	19	18	1
711	318	11	18	5
393	318	13	18	3
748	318	8	18	5
496	318	16	18	4
627	318	7	18	5
13	318	13	18	3
399	318	19	18	5
311	318	11	18	5
44	318	4	18	5
216	318	16	18	5
442	318	2	18	4
691	318	11	18	5
151	318	11	18	5
24	318	4	18	5
815	318	15	18	5
493	318	13	18	5
207	318	7	18	5
3	318	3	18	4
263	318	3	18	5
721	318	1	18	4
378	318	18	18	5
96	318	16	18	5
214	318	14	18	4
788	318	8	18	5
835	318	15	18	5
709	318	9	18	5
94	318	14	18	5
358	318	18	18	5
316	318	16	18	5
919	318	19	18	5
90	318	10	18	5
823	318	3	18	5
661	318	1	18	5
243	318	3	18	4
232	318	12	18	5
430	318	10	18	5
912	318	12	18	4
43	318	3	18	5
12	318	12	18	5
318	318	18	18	5
899	318	19	18	4
194	318	14	18	5
322	318	2	18	4
942	318	2	18	5
848	318	8	18	5
271	318	11	18	5
52	318	12	18	5
327	318	7	18	5
512	318	12	18	5
212	318	12	18	5
72	318	12	18	5
437	318	17	18	4
605	318	5	18	5
161	318	1	18	3
298	318	18	18	5
679	318	19	18	5
92	318	12	18	2
903	318	3	18	5
262	318	2	18	5
106	318	6	18	5
136	318	16	18	5
601	318	1	18	4
347	318	7	18	3
492	318	12	18	5
198	318	18	18	4
739	318	19	18	4
416	318	16	18	5
645	318	5	18	5
719	318	19	18	5
145	338	5	18	3
281	338	1	18	2
637	338	17	18	4
8	338	8	18	4
885	338	5	18	3
589	338	9	18	3
428	338	8	18	4
94	338	14	18	4
532	338	12	18	3
297	338	17	18	2
327	338	7	18	1
186	338	6	18	3
509	338	9	18	3
577	338	17	18	3
83	338	3	18	4
446	338	6	18	2
110	338	10	18	1
688	338	8	18	5
142	338	2	18	2
329	338	9	18	2
409	338	9	18	3
507	338	7	18	5
544	338	4	18	2
235	338	15	18	1
435	338	15	18	2
305	338	5	18	3
273	338	13	18	3
319	338	19	18	2
425	338	5	18	1
479	338	19	18	1
70	338	10	18	2
889	338	9	18	1
99	338	19	18	4
117	338	17	18	3
222	338	2	18	1
119	338	19	18	1
805	338	5	18	1
923	338	3	18	4
605	338	5	18	2
810	338	10	18	4
489	338	9	18	3
752	338	12	18	3
695	338	15	18	2
724	338	4	18	3
377	338	17	18	3
493	338	13	18	4
54	338	14	18	3
397	338	17	18	4
86	338	6	18	1
502	338	2	18	4
628	338	8	18	5
3	338	3	18	2
537	338	17	18	1
458	338	18	18	3
250	338	10	18	4
729	338	9	18	1
656	338	16	18	3
803	338	3	18	2
399	338	19	18	1
393	338	13	18	2
743	338	3	18	1
441	338	1	18	4
282	338	2	18	3
472	338	12	18	4
91	338	11	18	4
334	338	14	18	1
395	338	15	18	4
429	338	9	18	3
177	338	17	18	3
82	338	2	18	1
134	338	14	18	4
271	338	11	18	1
531	338	11	18	1
102	338	2	18	2
587	338	7	18	4
883	338	3	18	4
782	338	2	18	2
750	338	10	18	3
641	338	1	18	3
535	338	15	18	3
149	338	9	18	2
547	338	7	18	2
416	338	16	18	3
448	338	8	18	1
592	338	12	18	2
640	338	0	18	5
631	338	11	18	2
758	338	18	18	4
262	338	2	18	4
13	338	13	18	1
851	338	11	18	3
624	358	4	18	3
489	358	9	18	5
807	358	7	18	3
761	358	1	18	3
240	358	0	18	2
36	358	16	18	5
462	358	2	18	1
868	358	8	18	2
790	358	10	18	2
708	358	8	18	2
660	358	0	18	2
29	358	9	18	2
443	358	3	18	1
940	358	0	18	1
459	358	19	18	2
595	358	15	18	2
893	358	13	18	2
49	358	9	18	1
717	358	17	18	2
276	358	16	18	3
941	358	1	18	2
831	358	11	18	2
302	358	2	18	3
757	358	17	18	3
813	358	13	18	3
721	358	1	18	1
749	358	9	18	3
928	358	8	18	5
635	358	15	18	1
282	358	2	18	3
234	358	14	18	1
817	358	17	18	4
531	358	11	18	1
200	358	0	18	5
853	358	13	18	1
294	358	14	18	2
268	358	8	18	3
505	358	5	18	3
727	358	7	18	2
494	358	14	18	3
145	358	5	18	4
431	358	11	18	2
433	358	13	18	2
417	358	17	18	2
303	358	3	18	2
319	358	19	18	3
820	358	0	18	1
689	358	9	18	4
724	358	4	18	1
320	358	0	18	4
586	358	6	18	4
422	358	2	18	2
221	358	1	18	3
162	358	2	18	3
195	358	15	18	2
805	358	5	18	3
397	358	17	18	2
377	358	17	18	3
752	358	12	18	4
677	358	17	18	5
574	358	14	18	2
394	358	14	18	3
827	358	7	18	2
24	358	4	18	3
425	358	5	18	4
4	358	4	18	2
451	358	11	18	1
130	358	10	18	4
142	358	2	18	2
822	358	2	18	3
602	358	2	18	4
750	358	10	18	3
109	358	9	18	2
472	358	12	18	5
802	358	2	18	3
178	358	18	18	1
201	358	1	18	1
770	358	10	18	3
626	358	6	18	1
99	358	19	18	2
587	358	7	18	3
408	358	8	18	4
919	358	19	18	3
8	358	8	18	2
782	358	2	18	4
429	358	9	18	3
938	358	18	18	4
464	358	4	18	3
262	358	2	18	3
592	358	12	18	1
355	358	15	18	4
116	358	16	18	2
570	358	10	18	2
13	358	13	18	3
35	358	15	18	1
181	358	1	18	2
898	358	18	18	4
936	358	16	18	4
74	358	14	18	2
229	358	9	18	1
500	358	0	18	4
40	358	0	18	3
435	358	15	18	4
353	358	13	18	1
510	358	10	18	1
804	358	4	18	3
812	358	12	18	3
841	358	1	18	1
695	358	15	18	5
497	358	17	18	4
488	358	8	18	3
683	358	3	18	2
875	358	15	18	3
102	358	2	18	3
627	358	7	18	3
479	358	19	18	1
511	358	11	18	1
76	358	16	18	2
668	358	8	18	3
177	358	17	18	2
493	358	13	18	4
560	358	0	18	3
341	358	1	18	1
682	358	2	18	3
852	358	12	18	3
814	358	14	18	2
725	358	5	18	3
580	358	0	18	4
801	358	1	18	4
222	358	2	18	2
528	358	8	18	2
369	358	9	18	3
854	358	14	18	2
502	358	2	18	4
117	358	17	18	4
343	358	3	18	1
21	358	1	18	3
346	358	6	18	4
873	358	13	18	2
159	358	19	18	1
896	358	16	18	1
548	358	8	18	2
22	358	2	18	5
405	378	5	18	4
263	378	3	18	5
665	378	5	18	3
385	378	5	18	1
694	378	14	18	3
60	378	0	18	4
399	378	19	18	3
122	378	2	18	4
234	378	14	18	4
541	378	1	18	5
416	378	16	18	5
804	378	4	18	4
553	378	13	18	3
887	378	7	18	5
308	378	8	18	3
610	378	10	18	5
749	378	9	18	5
395	378	15	18	5
189	378	9	18	4
508	378	8	18	5
44	378	4	18	3
151	378	11	18	4
843	378	3	18	2
798	378	18	18	4
711	378	11	18	4
184	378	4	18	4
868	378	8	18	2
897	378	17	18	5
20	378	0	18	3
846	378	6	18	4
882	378	2	18	5
719	378	19	18	4
393	378	13	18	4
454	378	14	18	3
326	378	6	18	4
429	378	9	18	3
85	378	5	18	4
254	378	14	18	3
233	378	13	18	4
340	378	0	18	5
7	378	7	18	5
870	378	10	18	3
18	378	18	18	3
901	378	1	18	5
554	378	14	18	4
727	378	7	18	3
457	378	17	18	4
650	378	10	18	3
381	378	1	18	4
601	378	1	18	2
314	378	14	18	5
707	378	7	18	3
345	378	5	18	4
536	378	16	18	5
533	378	13	18	4
731	378	11	18	1
566	378	6	18	4
833	378	13	18	3
892	378	12	18	4
487	378	7	18	5
537	378	17	18	2
450	378	10	18	5
693	378	13	18	2
318	378	18	18	4
128	378	8	18	5
95	378	15	18	4
505	378	5	18	5
311	378	11	18	5
682	378	2	18	3
65	378	5	18	5
653	378	13	18	3
588	378	8	18	3
642	378	2	18	3
835	378	15	18	4
496	378	16	18	1
618	378	18	18	4
474	378	14	18	4
545	378	5	18	3
472	378	12	18	4
796	378	16	18	4
299	378	19	18	3
269	378	9	18	3
250	378	10	18	4
230	378	10	18	5
222	378	2	18	1
655	378	15	18	1
712	378	12	18	4
200	378	0	18	5
437	378	17	18	4
290	378	10	18	3
5	378	5	18	1
790	378	10	18	3
766	378	6	18	4
295	378	15	18	4
389	378	9	18	5
224	378	4	18	4
495	378	15	18	5
342	378	2	18	4
373	378	13	18	5
391	378	11	18	3
271	378	11	18	4
896	398	16	18	2
749	398	9	18	3
425	398	5	18	1
727	398	7	18	2
479	398	19	18	1
846	398	6	18	1
712	398	12	18	4
393	398	13	18	4
5	398	5	18	2
379	398	19	18	1
880	398	0	18	3
70	398	10	18	2
868	398	8	18	1
303	398	3	18	1
279	398	19	18	4
13	398	13	18	2
774	398	14	18	1
217	398	17	18	1
95	398	15	18	1
621	398	1	18	2
756	398	16	18	3
559	398	19	18	3
130	398	10	18	3
405	398	5	18	1
807	398	7	18	3
642	398	2	18	2
225	418	5	18	5
18	418	18	18	3
913	418	13	18	3
276	418	16	18	4
452	418	12	18	4
38	418	18	18	5
250	418	10	18	5
330	418	10	18	5
823	418	3	18	4
49	418	9	18	3
763	418	3	18	4
407	418	7	18	4
381	418	1	18	3
303	418	3	18	4
230	418	10	18	5
541	418	1	18	5
189	418	9	18	3
393	418	13	18	3
710	418	10	18	3
471	418	11	18	3
387	418	7	18	3
472	418	12	18	3
291	418	11	18	4
94	418	14	18	3
130	418	10	18	5
665	418	5	18	4
92	418	12	18	3
601	418	1	18	2
416	418	16	18	4
347	418	7	18	4
311	418	11	18	4
262	418	2	18	3
389	418	9	18	4
327	418	7	18	3
298	418	18	18	4
621	418	1	18	3
43	418	3	18	4
251	418	11	18	4
279	418	19	18	3
875	418	15	18	4
887	418	7	18	4
661	418	1	18	4
919	418	19	18	4
885	418	5	18	4
23	418	3	18	4
912	418	12	18	4
815	418	15	18	4
378	418	18	18	3
82	418	2	18	4
70	418	10	18	3
807	418	7	18	4
313	418	13	18	3
399	418	19	18	3
643	418	3	18	4
234	418	14	18	3
233	418	13	18	4
151	418	11	18	3
246	418	6	18	3
496	418	16	18	3
13	418	13	18	2
10	418	10	18	4
892	418	12	18	4
880	418	0	18	4
749	418	9	18	5
542	418	2	18	4
91	418	11	18	2
562	418	2	18	5
716	418	16	18	4
865	418	5	18	1
42	418	2	18	5
751	418	11	18	5
897	418	17	18	4
7	418	7	18	4
254	418	14	18	3
622	418	2	18	3
450	418	10	18	4
618	418	18	18	3
756	418	16	18	3
608	418	8	18	1
830	418	10	18	3
301	418	1	18	3
805	418	5	18	2
314	418	14	18	5
222	418	2	18	2
796	418	16	18	4
864	418	4	18	3
738	418	18	18	3
642	418	2	18	5
620	418	0	18	3
16	418	16	18	5
786	418	6	18	4
495	418	15	18	4
844	418	4	18	3
798	418	18	18	4
429	418	9	18	3
774	418	14	18	2
405	418	5	18	5
488	418	8	18	3
878	418	18	18	3
747	418	7	18	5
592	418	12	18	4
5	418	5	18	3
406	418	6	18	5
426	418	6	18	3
497	418	17	18	3
60	418	0	18	3
373	418	13	18	5
275	418	15	18	3
654	418	14	18	4
299	418	19	18	4
290	418	10	18	3
128	418	8	18	4
764	418	4	18	4
85	418	5	18	3
504	418	4	18	3
148	418	8	18	3
394	418	14	18	4
606	418	6	18	5
340	418	0	18	5
524	418	4	18	1
417	418	17	18	4
59	418	19	18	2
437	418	17	18	3
922	418	2	18	4
102	418	2	18	3
712	418	12	18	3
474	418	14	18	3
454	418	14	18	3
506	418	6	18	4
13	438	13	18	1
405	438	5	18	1
5	438	5	18	1
776	438	16	18	2
201	438	1	18	1
21	438	1	18	1
460	458	0	18	2
786	458	6	18	3
561	458	1	18	4
569	458	9	18	2
244	458	4	18	3
905	458	5	18	4
238	458	18	18	4
627	458	7	18	3
203	458	3	18	3
614	458	14	18	4
938	458	18	18	4
653	458	13	18	2
870	458	10	18	1
94	458	14	18	4
119	458	19	18	5
546	458	6	18	1
324	458	4	18	4
174	458	14	18	4
490	458	10	18	3
900	458	0	18	2
325	458	5	18	3
385	458	5	18	3
658	458	18	18	3
896	458	16	18	1
150	458	10	18	4
387	458	7	18	1
250	458	10	18	5
128	458	8	18	4
445	458	5	18	2
15	458	15	18	5
343	458	3	18	5
537	458	17	18	3
184	458	4	18	3
121	458	1	18	1
139	458	19	18	4
859	458	19	18	3
374	458	14	18	5
395	458	15	18	3
634	458	14	18	4
82	458	2	18	1
243	458	3	18	4
664	458	4	18	3
457	458	17	18	3
207	458	7	18	3
6	458	6	18	1
160	458	0	18	5
761	458	1	18	1
320	458	0	18	4
178	458	18	18	3
699	458	19	18	4
548	458	8	18	3
85	458	5	18	3
793	458	13	18	3
854	458	14	18	3
703	458	3	18	3
213	458	13	18	4
618	458	18	18	3
181	458	1	18	3
919	458	19	18	2
839	458	19	18	5
168	458	8	18	1
648	458	8	18	2
276	458	16	18	4
562	458	2	18	2
201	458	1	18	4
303	458	3	18	3
452	458	12	18	1
176	458	16	18	4
582	458	2	18	4
349	458	9	18	4
486	458	6	18	3
318	458	18	18	4
26	458	6	18	3
164	458	4	18	4
655	458	15	18	3
422	458	2	18	3
722	458	2	18	4
391	458	11	18	4
560	458	0	18	3
378	458	18	18	4
829	458	9	18	3
470	458	10	18	4
551	458	11	18	2
68	458	8	18	1
835	458	15	18	4
733	458	13	18	2
59	458	19	18	4
518	458	18	18	3
592	458	12	18	3
707	458	7	18	3
407	478	7	18	4
492	478	12	18	2
398	478	18	18	5
326	478	6	18	3
239	478	19	18	5
862	478	2	18	4
249	478	9	18	4
178	478	18	18	5
593	478	13	18	5
848	478	8	18	5
840	478	0	18	3
881	478	1	18	4
194	478	14	18	3
327	478	7	18	4
749	478	9	18	5
488	478	8	18	3
747	478	7	18	4
650	478	10	18	4
236	478	16	18	3
213	478	13	18	5
125	478	5	18	4
568	478	8	18	4
561	478	1	18	4
734	478	14	18	4
535	478	15	18	5
96	478	16	18	2
892	478	12	18	5
560	478	0	18	4
269	478	9	18	4
13	478	13	18	4
426	478	6	18	4
691	478	11	18	4
25	478	5	18	5
233	478	13	18	5
214	478	14	18	4
465	478	5	18	4
234	478	14	18	3
6	478	6	18	4
354	478	14	18	5
10	478	10	18	5
167	478	7	18	5
698	478	18	18	4
495	478	15	18	4
321	478	1	18	4
608	478	8	18	3
506	478	6	18	4
18	478	18	18	5
767	478	7	18	4
942	478	2	18	5
313	478	13	18	3
312	478	12	18	5
172	478	12	18	3
796	478	16	18	5
151	478	11	18	5
420	478	0	18	3
437	478	17	18	5
184	478	4	18	4
913	478	13	18	4
741	478	1	18	5
911	478	11	18	5
406	478	6	18	4
573	478	13	18	4
932	478	12	18	4
846	478	6	18	4
567	478	7	18	5
401	478	1	18	2
908	478	8	18	4
707	478	7	18	4
823	478	3	18	4
339	478	19	18	5
454	478	14	18	2
274	478	14	18	5
343	478	3	18	5
731	478	11	18	4
875	478	15	18	4
299	478	19	18	4
60	478	0	18	3
613	478	13	18	5
338	478	18	18	3
666	478	6	18	4
342	478	2	18	3
419	478	19	18	5
897	478	17	18	3
537	478	17	18	4
389	478	9	18	5
90	478	10	18	5
200	478	0	18	5
900	478	0	18	2
450	478	10	18	5
524	478	4	18	3
383	478	3	18	5
474	478	14	18	4
716	478	16	18	4
264	478	4	18	5
553	478	13	18	4
409	478	9	18	4
896	478	16	18	5
664	478	4	18	5
305	478	5	18	3
225	478	5	18	5
344	478	4	18	4
85	478	5	18	4
144	478	4	18	4
128	478	8	18	5
505	498	5	18	5
263	498	3	18	5
429	498	9	18	5
798	498	18	18	3
532	498	12	18	4
494	498	14	18	4
407	498	7	18	4
748	498	8	18	4
297	498	17	18	3
537	498	17	18	3
666	498	6	18	5
804	498	4	18	5
830	498	10	18	5
918	498	18	18	4
299	498	19	18	4
216	498	16	18	3
326	498	6	18	5
707	498	7	18	3
18	498	18	18	4
843	498	3	18	2
934	498	14	18	3
343	498	3	18	5
198	498	18	18	3
237	498	17	18	4
397	498	17	18	4
694	498	14	18	5
780	498	0	18	5
867	498	7	18	4
749	498	9	18	4
391	498	11	18	4
189	498	9	18	5
184	498	4	18	5
327	498	7	18	4
712	498	12	18	3
901	498	1	18	4
655	498	15	18	3
188	498	8	18	5
7	498	7	18	5
625	498	5	18	4
862	498	2	18	4
325	498	5	18	4
734	498	14	18	4
848	498	8	18	5
339	498	19	18	4
747	498	7	18	5
468	498	8	18	5
500	498	0	18	4
606	498	6	18	4
381	498	1	18	5
535	498	15	18	4
59	498	19	18	5
452	498	12	18	4
254	498	14	18	4
298	498	18	18	5
897	498	17	18	5
20	498	0	18	3
308	498	8	18	5
52	498	12	18	5
194	498	14	18	3
840	498	0	18	5
916	498	16	18	3
271	498	11	18	5
6	498	6	18	4
233	498	13	18	5
312	498	12	18	5
698	498	18	18	4
125	498	5	18	5
650	498	10	18	4
354	498	14	18	4
409	498	9	18	4
62	498	2	18	4
899	498	19	18	4
488	498	8	18	3
31	498	11	18	4
716	498	16	18	5
881	498	1	18	4
77	498	17	18	5
14	498	14	18	5
406	498	6	18	5
328	498	8	18	5
648	498	8	18	3
416	498	16	18	4
290	498	10	18	4
474	498	14	18	4
43	498	3	18	5
421	498	1	18	4
763	498	3	18	4
607	498	7	18	4
533	498	13	18	4
524	498	4	18	5
495	498	15	18	3
361	498	1	18	4
878	498	18	18	4
385	498	5	18	3
169	498	9	18	3
389	498	9	18	5
739	498	19	18	4
338	498	18	18	4
232	498	12	18	4
25	498	5	18	4
846	498	6	18	4
345	498	5	18	4
295	498	15	18	5
661	498	1	18	5
91	498	11	18	3
942	498	2	18	5
230	498	10	18	5
854	498	14	18	3
868	498	8	18	3
234	498	14	18	5
633	498	13	18	2
481	498	1	18	5
16	498	16	18	5
503	498	3	18	5
10	498	10	18	5
807	498	7	18	4
479	498	19	18	5
447	498	7	18	4
90	498	10	18	5
913	498	13	18	3
536	498	16	18	5
296	498	16	18	5
788	498	8	18	5
267	498	7	18	5
417	498	17	18	4
272	498	12	18	4
85	498	5	18	4
239	498	19	18	4
311	498	11	18	4
95	498	15	18	3
912	498	12	18	5
617	498	17	18	3
313	498	13	18	5
553	498	13	18	4
766	498	6	18	4
60	498	0	18	5
932	498	12	18	5
456	498	16	18	4
560	498	0	18	4
151	498	11	18	5
567	498	7	18	4
450	498	10	18	3
380	498	0	18	4
13	498	13	18	4
398	498	18	18	5
454	498	14	18	3
659	498	19	18	3
321	498	1	18	5
527	498	7	18	4
889	498	9	18	4
269	498	9	18	4
334	498	14	18	4
389	518	9	18	4
41	518	1	18	3
342	518	2	18	3
73	518	13	18	5
664	518	4	18	4
345	518	5	18	4
224	518	4	18	1
363	518	3	18	4
655	518	15	18	2
417	518	17	18	5
13	518	13	18	4
524	518	4	18	3
82	518	2	18	4
253	518	13	18	5
437	518	17	18	2
194	518	14	18	4
875	518	15	18	4
303	518	3	18	4
478	518	18	18	4
666	518	6	18	4
537	518	17	18	4
653	518	13	18	2
551	518	11	18	4
806	518	6	18	3
201	518	1	18	4
763	518	3	18	4
913	518	13	18	4
94	518	14	18	5
346	518	6	18	4
276	518	16	18	4
506	518	6	18	4
474	518	14	18	4
354	518	14	18	3
10	518	10	18	4
466	518	6	18	4
561	518	1	18	4
766	518	6	18	3
886	518	6	18	4
269	518	9	18	4
405	518	5	18	1
450	518	10	18	4
899	518	19	18	4
72	518	12	18	4
144	518	4	18	3
686	518	6	18	5
682	518	2	18	4
328	518	8	18	2
214	518	14	18	3
600	518	0	18	5
535	518	15	18	5
592	518	12	18	5
23	518	3	18	5
815	518	15	18	3
658	518	18	18	4
293	518	13	18	5
8	518	8	18	4
77	518	17	18	4
49	518	9	18	4
543	518	3	18	3
76	518	16	18	3
645	518	5	18	5
6	518	6	18	3
833	518	13	18	3
271	518	11	18	4
721	518	1	18	2
788	518	8	18	3
24	518	4	18	4
380	518	0	18	3
339	518	19	18	5
627	518	7	18	4
615	518	15	18	4
158	518	18	18	4
92	518	12	18	5
90	518	10	18	2
846	518	6	18	4
409	518	9	18	1
239	518	19	18	3
95	518	15	18	4
197	518	17	18	1
334	518	14	18	4
267	518	7	18	5
774	518	14	18	1
311	518	11	18	3
455	518	15	18	4
138	518	18	18	4
387	518	7	18	4
198	518	18	18	3
452	518	12	18	5
896	518	16	18	3
431	538	11	18	4
238	538	18	18	4
665	538	5	18	4
428	538	8	18	4
755	538	15	18	4
6	538	6	18	2
782	538	2	18	4
820	538	0	18	3
532	538	12	18	4
393	538	13	18	3
256	538	16	18	5
46	538	6	18	3
498	538	18	18	1
863	538	3	18	2
515	538	15	18	3
507	538	7	18	4
550	538	10	18	5
409	538	9	18	3
313	538	13	18	2
676	538	16	18	4
708	538	8	18	2
197	538	17	18	3
702	538	2	18	4
392	538	12	18	2
294	538	14	18	5
285	538	5	18	5
169	538	9	18	4
661	538	1	18	3
281	538	1	18	4
207	538	7	18	2
280	538	0	18	5
324	538	4	18	4
668	538	8	18	5
681	538	1	18	3
921	538	1	18	4
424	538	4	18	5
803	538	3	18	4
813	538	13	18	3
179	538	19	18	4
589	538	9	18	5
506	538	6	18	3
13	538	13	18	1
885	538	5	18	4
30	538	10	18	4
517	538	17	18	4
278	538	18	18	4
598	538	18	18	4
751	538	11	18	4
877	538	17	18	4
351	538	11	18	4
299	538	19	18	3
483	538	3	18	2
727	538	7	18	3
441	538	1	18	3
485	538	5	18	3
425	538	5	18	2
724	538	4	18	2
260	538	0	18	1
70	538	10	18	2
416	538	16	18	4
652	538	12	18	4
609	538	9	18	1
602	538	2	18	4
489	538	9	18	4
410	538	10	18	3
130	538	10	18	5
7	558	7	18	4
279	558	19	18	4
894	558	14	18	5
617	558	17	18	3
195	558	15	18	3
234	558	14	18	4
13	558	13	18	1
537	558	17	18	4
886	558	6	18	3
270	558	10	18	5
828	558	8	18	3
60	558	0	18	4
916	558	16	18	3
622	558	2	18	2
303	558	3	18	4
387	558	7	18	4
406	558	6	18	3
846	558	6	18	4
11	558	11	18	3
908	558	8	18	4
449	558	9	18	4
389	558	9	18	4
925	558	5	18	1
604	558	4	18	4
10	558	10	18	4
641	558	1	18	5
201	558	1	18	2
450	558	10	18	3
92	558	12	18	3
805	558	5	18	5
250	558	10	18	4
293	558	13	18	3
358	558	18	18	4
115	558	15	18	5
654	558	14	18	3
268	558	8	18	3
334	558	14	18	4
682	558	2	18	1
276	558	16	18	4
747	558	7	18	4
385	558	5	18	2
264	558	4	18	5
145	558	5	18	2
498	558	18	18	4
354	558	14	18	4
21	558	1	18	5
804	558	4	18	3
58	558	18	18	5
833	558	13	18	4
919	558	19	18	5
422	558	2	18	4
655	558	15	18	4
374	558	14	18	1
291	558	11	18	4
327	558	7	18	4
592	558	12	18	5
437	558	17	18	3
118	558	18	18	5
503	558	3	18	5
535	558	15	18	5
527	558	7	18	4
524	558	4	18	4
342	558	2	18	5
239	558	19	18	5
514	558	14	18	4
405	558	5	18	1
308	558	8	18	4
870	558	10	18	4
751	558	11	18	3
645	558	5	18	4
293	578	13	18	2
653	578	13	18	1
222	578	2	18	3
727	578	7	18	3
313	578	13	18	3
588	578	8	18	5
221	578	1	18	4
892	578	12	18	4
746	578	6	18	4
267	578	7	18	3
847	578	7	18	3
933	578	13	18	1
543	578	3	18	3
622	578	2	18	4
303	578	3	18	2
659	578	19	18	3
495	578	15	18	3
796	578	16	18	4
758	578	18	18	4
705	578	5	18	3
524	578	4	18	5
901	578	1	18	3
200	578	0	18	5
864	578	4	18	3
291	578	11	18	4
276	578	16	18	4
497	578	17	18	4
586	578	6	18	3
311	578	11	18	2
456	578	16	18	2
37	578	17	18	3
650	578	10	18	3
314	578	14	18	4
880	578	0	18	3
429	578	9	18	3
197	578	17	18	3
896	578	16	18	2
484	578	4	18	3
640	578	0	18	3
399	578	19	18	2
846	578	6	18	3
627	578	7	18	3
551	578	11	18	5
868	578	8	18	2
682	578	2	18	3
600	578	0	18	2
487	578	7	18	3
843	578	3	18	3
887	578	7	18	4
346	578	6	18	2
405	578	5	18	1
363	578	3	18	4
807	578	7	18	4
709	578	9	18	4
387	578	7	18	2
655	578	15	18	2
833	578	13	18	1
621	578	1	18	5
671	578	11	18	3
619	578	19	18	4
178	578	18	18	4
751	578	11	18	4
416	578	16	18	4
328	578	8	18	2
435	578	15	18	5
886	578	6	18	4
102	578	2	18	2
110	578	10	18	3
279	578	19	18	4
56	578	16	18	3
472	578	12	18	5
130	578	10	18	5
749	578	9	18	3
13	578	13	18	3
201	578	1	18	2
217	578	17	18	5
308	578	8	18	2
442	578	2	18	2
648	578	8	18	4
826	578	6	18	5
246	578	6	18	2
268	578	8	18	2
453	578	13	18	3
417	578	17	18	3
7	578	7	18	3
394	578	14	18	2
561	578	1	18	3
916	578	16	18	1
545	578	5	18	4
393	578	13	18	4
506	578	6	18	3
87	578	7	18	3
373	598	13	18	3
181	598	1	18	1
7	598	7	18	3
87	598	7	18	2
59	618	19	18	4
707	618	7	18	3
234	618	14	18	3
312	618	12	18	5
90	618	10	18	5
389	618	9	18	4
7	618	7	18	4
409	618	9	18	4
308	618	8	18	4
776	618	16	18	3
60	618	0	18	3
91	618	11	18	3
900	618	0	18	4
318	618	18	18	3
474	618	14	18	4
524	618	4	18	3
189	618	9	18	2
450	618	10	18	4
60	638	0	18	5
568	638	8	18	3
406	638	6	18	4
918	638	18	18	4
537	638	17	18	3
7	638	7	18	4
757	638	17	18	3
279	638	19	18	4
524	638	4	18	2
465	638	5	18	3
358	638	18	18	3
639	638	19	18	4
654	638	14	18	4
234	638	14	18	4
189	638	9	18	5
588	638	8	18	4
305	638	5	18	5
553	638	13	18	3
653	638	13	18	1
401	638	1	18	4
884	638	4	18	4
354	638	14	18	4
855	638	15	18	4
565	638	5	18	4
13	638	13	18	3
405	638	5	18	1
232	638	12	18	5
840	638	0	18	3
417	638	17	18	4
535	638	15	18	4
894	638	14	18	3
523	638	3	18	4
846	638	6	18	4
666	638	6	18	3
185	638	5	18	4
848	638	8	18	5
615	638	15	18	5
151	638	11	18	5
312	638	12	18	5
655	638	15	18	4
293	638	13	18	4
585	638	5	18	4
707	638	7	18	4
911	638	11	18	4
216	658	16	18	3
629	658	9	18	4
660	658	0	18	1
653	658	13	18	2
663	658	3	18	4
918	658	18	18	3
92	658	12	18	3
868	658	8	18	3
198	658	18	18	3
472	658	12	18	5
303	658	3	18	5
757	658	17	18	2
435	658	15	18	3
416	658	16	18	5
293	658	13	18	1
201	658	1	18	3
178	658	18	18	5
899	658	19	18	2
327	658	7	18	2
110	658	10	18	3
268	658	8	18	3
119	658	19	18	5
42	658	2	18	2
645	658	5	18	4
59	658	19	18	4
436	658	16	18	5
889	658	9	18	4
727	658	7	18	5
847	658	7	18	3
417	658	17	18	2
788	658	8	18	3
650	658	10	18	3
246	658	6	18	4
456	658	16	18	3
437	658	17	18	4
795	658	15	18	2
94	658	14	18	3
385	658	5	18	2
627	658	7	18	3
363	658	3	18	3
399	658	19	18	3
682	658	2	18	4
180	658	0	18	5
711	658	11	18	4
495	658	15	18	3
532	658	12	18	5
487	658	7	18	4
394	658	14	18	3
715	658	15	18	4
334	658	14	18	3
478	658	18	18	3
301	658	1	18	3
864	658	4	18	2
130	658	10	18	5
896	658	16	18	4
249	658	9	18	4
269	658	9	18	2
85	658	5	18	3
551	658	11	18	5
514	658	14	18	4
655	658	15	18	3
862	658	2	18	5
751	658	11	18	3
535	658	15	18	4
870	658	10	18	4
224	658	4	18	1
286	658	6	18	5
429	658	9	18	3
346	658	6	18	3
7	658	7	18	3
222	658	2	18	3
373	658	13	18	4
457	658	17	18	4
405	658	5	18	4
749	658	9	18	4
608	658	8	18	3
276	658	16	18	4
763	658	3	18	3
588	658	8	18	5
853	678	13	18	4
320	678	0	18	3
126	678	6	18	3
15	678	15	18	1
867	678	7	18	3
444	678	4	18	3
344	678	4	18	2
578	678	18	18	3
20	678	0	18	4
664	678	4	18	2
153	678	13	18	2
26	678	6	18	2
648	678	8	18	3
55	678	15	18	3
63	678	3	18	2
425	678	5	18	1
832	678	12	18	2
809	678	9	18	2
414	678	14	18	1
129	678	9	18	1
587	678	7	18	2
826	678	6	18	4
816	678	16	18	4
170	678	10	18	4
454	678	14	18	2
30	678	10	18	2
455	678	15	18	3
772	678	12	18	4
721	678	1	18	3
372	678	12	18	4
35	678	15	18	3
308	678	8	18	3
790	678	10	18	3
563	678	3	18	2
462	678	2	18	3
528	678	8	18	3
301	678	1	18	2
44	678	4	18	3
317	678	17	18	2
113	678	13	18	2
489	678	9	18	4
181	678	1	18	2
677	678	17	18	4
510	678	10	18	4
117	678	17	18	4
486	678	6	18	1
401	678	1	18	3
748	678	8	18	2
687	678	7	18	4
177	678	17	18	3
112	678	12	18	3
345	678	5	18	2
811	678	11	18	5
168	678	8	18	1
784	678	4	18	4
56	678	16	18	4
708	678	8	18	2
595	678	15	18	1
592	678	12	18	2
28	678	8	18	2
761	678	1	18	2
624	678	4	18	3
294	678	14	18	2
921	678	1	18	5
810	678	10	18	4
199	678	19	18	1
303	678	3	18	1
134	678	14	18	4
502	678	2	18	3
654	678	14	18	4
297	678	17	18	3
178	678	18	18	3
363	678	3	18	1
805	678	5	18	4
864	678	4	18	4
488	678	8	18	2
526	678	6	18	1
682	678	2	18	1
205	678	5	18	1
537	678	17	18	1
75	678	15	18	3
173	678	13	18	3
782	678	2	18	3
255	678	15	18	2
387	678	7	18	3
802	678	2	18	4
38	678	18	18	5
688	678	8	18	5
280	678	0	18	2
626	678	6	18	1
396	678	16	18	3
250	678	10	18	2
916	678	16	18	2
588	678	8	18	2
324	678	4	18	3
620	678	0	18	3
925	678	5	18	3
576	678	16	18	3
919	678	19	18	2
459	678	19	18	4
634	678	14	18	2
116	678	16	18	3
256	678	16	18	5
130	678	10	18	4
61	678	1	18	3
759	678	19	18	2
293	678	13	18	2
554	678	14	18	3
596	678	16	18	3
649	678	9	18	3
770	678	10	18	2
504	678	4	18	4
880	678	0	18	3
646	678	6	18	3
149	678	9	18	2
362	678	2	18	2
206	678	6	18	1
263	678	3	18	2
506	678	6	18	3
727	678	7	18	3
92	678	12	18	2
616	678	16	18	2
141	678	1	18	4
276	678	16	18	3
211	678	11	18	3
213	678	13	18	4
248	678	8	18	3
520	678	0	18	2
841	678	1	18	4
824	678	4	18	3
195	678	15	18	3
323	678	3	18	2
443	678	3	18	2
335	678	15	18	3
474	678	14	18	2
597	678	17	18	1
695	678	15	18	4
13	678	13	18	3
942	678	2	18	3
936	678	16	18	3
752	678	12	18	3
549	678	9	18	3
21	678	1	18	2
339	678	19	18	2
377	678	17	18	2
894	678	14	18	3
351	678	11	18	4
451	678	11	18	5
254	678	14	18	3
757	678	17	18	2
615	678	15	18	1
423	678	3	18	3
674	678	14	18	3
432	678	12	18	4
404	678	4	18	4
481	678	1	18	3
812	678	12	18	4
858	678	18	18	1
804	678	4	18	4
699	678	19	18	3
852	678	12	18	3
931	678	11	18	3
104	678	4	18	2
625	678	5	18	3
222	678	2	18	3
548	678	8	18	4
164	678	4	18	4
447	678	7	18	3
82	678	2	18	1
7	678	7	18	3
881	678	1	18	2
70	678	10	18	3
29	678	9	18	3
722	678	2	18	3
589	678	9	18	4
472	678	12	18	4
316	678	16	18	1
100	678	0	18	3
370	678	10	18	4
388	678	8	18	4
663	678	3	18	2
57	678	17	18	3
197	678	17	18	2
606	678	6	18	3
224	678	4	18	3
334	678	14	18	3
332	678	12	18	4
511	678	11	18	2
862	678	2	18	4
807	678	7	18	3
825	678	5	18	4
683	678	3	18	1
159	678	19	18	5
145	678	5	18	2
938	678	18	18	3
728	678	8	18	4
889	678	9	18	3
507	678	7	18	5
416	678	16	18	2
940	678	0	18	4
561	678	1	18	2
856	678	16	18	3
493	678	13	18	3
860	678	0	18	3
749	678	9	18	2
33	678	13	18	4
501	678	1	18	3
327	678	7	18	3
602	678	2	18	4
99	678	19	18	2
188	678	8	18	3
364	678	4	18	4
724	678	4	18	2
605	678	5	18	1
736	678	16	18	1
717	678	17	18	3
464	678	4	18	3
391	678	11	18	2
541	678	1	18	5
49	698	9	18	2
537	698	17	18	3
363	698	3	18	2
405	698	5	18	1
167	698	7	18	4
655	698	15	18	4
437	698	17	18	2
10	698	10	18	4
551	698	11	18	4
894	698	14	18	4
486	718	6	18	3
64	718	4	18	4
387	718	7	18	4
268	718	8	18	4
108	718	8	18	4
537	718	17	18	4
181	718	1	18	1
707	718	7	18	5
894	718	14	18	3
658	718	18	18	3
119	718	19	18	5
838	718	18	18	5
327	718	7	18	4
887	718	7	18	1
11	718	11	18	5
889	718	9	18	4
877	738	17	18	4
345	738	5	18	3
244	738	4	18	4
286	738	6	18	5
49	738	9	18	3
94	738	14	18	2
763	738	3	18	2
455	738	15	18	3
416	738	16	18	2
476	738	16	18	3
268	738	8	18	2
712	738	12	18	4
303	738	3	18	2
778	738	18	18	1
442	738	2	18	3
56	738	16	18	3
682	738	2	18	3
184	738	4	18	3
295	738	15	18	4
709	738	9	18	1
399	738	19	18	4
336	738	16	18	1
11	738	11	18	3
846	738	6	18	4
405	738	5	18	1
868	738	8	18	2
145	738	5	18	3
751	738	11	18	4
790	738	10	18	3
222	738	2	18	3
927	738	7	18	3
200	758	0	18	3
38	758	18	18	1
774	758	14	18	1
117	758	17	18	2
417	758	17	18	2
13	758	13	18	1
374	758	14	18	1
92	758	12	18	1
472	758	12	18	1
366	758	6	18	3
457	758	17	18	2
181	758	1	18	1
21	758	1	18	1
648	758	8	18	2
301	758	1	18	3
620	758	0	18	2
49	758	9	18	1
246	758	6	18	1
116	758	16	18	1
546	758	6	18	4
497	758	17	18	2
299	778	19	18	4
313	778	13	18	2
537	778	17	18	3
640	778	0	18	4
429	778	9	18	3
363	778	3	18	4
106	778	6	18	4
393	778	13	18	3
224	778	4	18	1
243	778	3	18	4
921	778	1	18	3
305	778	5	18	4
378	778	18	18	3
719	778	19	18	3
455	778	15	18	4
707	778	7	18	3
311	778	11	18	4
868	778	8	18	2
846	778	6	18	4
844	778	4	18	4
65	778	5	18	4
92	778	12	18	4
484	778	4	18	5
711	778	11	18	4
144	778	4	18	4
18	778	18	18	2
664	778	4	18	3
77	778	17	18	2
536	778	16	18	4
256	778	16	18	4
328	778	8	18	3
381	778	1	18	4
417	778	17	18	4
13	778	13	18	3
751	778	11	18	3
533	778	13	18	4
774	778	14	18	5
477	778	17	18	4
416	778	16	18	3
932	778	12	18	4
437	778	17	18	3
64	778	4	18	5
715	778	15	18	2
303	778	3	18	4
180	778	0	18	2
389	778	9	18	4
914	778	14	18	5
262	778	2	18	4
373	778	13	18	5
633	778	13	18	2
279	778	19	18	4
56	778	16	18	4
405	778	5	18	1
286	778	6	18	5
543	778	3	18	4
327	778	7	18	3
269	778	9	18	3
43	778	3	18	5
213	778	13	18	5
503	778	3	18	5
904	778	4	18	3
588	778	8	18	3
435	778	15	18	4
535	778	15	18	2
308	778	8	18	3
883	778	3	18	4
343	778	3	18	5
796	778	16	18	4
639	778	19	18	5
618	778	18	18	3
152	778	12	18	3
450	778	10	18	3
102	778	2	18	3
655	778	15	18	2
270	778	10	18	5
514	778	14	18	4
896	798	16	18	2
291	798	11	18	4
246	798	6	18	2
13	798	13	18	2
405	798	5	18	1
130	798	10	18	1
788	798	8	18	2
158	798	18	18	4
328	798	8	18	2
851	818	11	18	2
939	818	19	18	3
934	818	14	18	1
181	818	1	18	1
269	818	9	18	3
532	818	12	18	2
542	818	2	18	4
880	818	0	18	2
342	818	2	18	4
777	818	17	18	5
894	818	14	18	3
456	818	16	18	3
445	818	5	18	1
486	818	6	18	3
290	818	10	18	3
524	818	4	18	3
244	818	4	18	2
936	818	16	18	4
286	818	6	18	2
889	818	9	18	4
417	818	17	18	2
697	818	17	18	4
13	818	13	18	3
435	818	15	18	2
374	818	14	18	3
38	838	18	18	2
128	838	8	18	5
13	838	13	18	1
671	838	11	18	3
21	858	1	18	1
13	858	13	18	1
405	858	5	18	1
506	878	6	18	3
928	878	8	18	5
648	878	8	18	3
49	878	9	18	2
471	878	11	18	4
234	878	14	18	2
36	878	16	18	5
699	878	19	18	3
13	878	13	18	1
126	878	6	18	5
489	878	9	18	2
612	878	12	18	2
919	878	19	18	2
721	878	1	18	3
95	878	15	18	1
451	878	11	18	1
181	878	1	18	1
781	878	1	18	1
876	878	16	18	2
384	878	4	18	4
450	878	10	18	2
22	878	2	18	1
21	878	1	18	2
609	878	9	18	1
177	878	17	18	1
798	878	18	18	4
397	878	17	18	1
782	878	2	18	3
810	878	10	18	4
942	878	2	18	4
587	878	7	18	2
519	878	19	18	5
527	878	7	18	1
318	898	18	18	4
235	898	15	18	3
296	898	16	18	4
455	898	15	18	3
507	898	7	18	5
499	898	19	18	4
466	898	6	18	1
145	898	5	18	1
532	898	12	18	4
190	898	10	18	2
64	898	4	18	2
758	898	18	18	3
240	898	0	18	5
161	898	1	18	3
514	898	14	18	2
147	898	7	18	5
688	898	8	18	5
229	898	9	18	5
681	898	1	18	4
784	898	4	18	4
353	898	13	18	2
772	898	12	18	3
381	898	1	18	5
548	898	8	18	1
669	898	9	18	1
520	898	0	18	5
787	898	7	18	3
624	898	4	18	1
425	898	5	18	3
713	898	13	18	3
650	898	10	18	3
88	898	8	18	4
726	898	6	18	2
894	898	14	18	4
410	898	10	18	3
351	898	11	18	5
100	898	0	18	4
660	898	0	18	4
863	898	3	18	1
524	898	4	18	4
598	898	18	18	4
753	898	13	18	4
936	898	16	18	1
673	898	13	18	3
489	898	9	18	3
546	898	6	18	4
416	898	16	18	4
34	898	14	18	5
782	898	2	18	3
724	898	4	18	1
531	898	11	18	5
592	898	12	18	2
423	898	3	18	4
720	898	0	18	4
857	898	17	18	5
813	898	13	18	1
209	898	9	18	3
13	898	13	18	1
358	918	18	18	1
416	918	16	18	4
378	918	18	18	3
532	918	12	18	4
587	918	7	18	3
13	918	13	18	3
655	918	15	18	2
159	918	19	18	4
181	938	1	18	1
15	938	15	18	3
587	938	7	18	2
782	938	2	18	3
404	938	4	18	4
281	938	1	18	2
173	938	13	18	3
724	938	4	18	3
314	938	14	18	3
451	938	11	18	4
755	938	15	18	3
721	938	1	18	3
740	938	0	18	1
827	938	7	18	3
532	938	12	18	3
98	938	18	18	3
708	938	8	18	3
284	938	4	18	3
732	938	12	18	1
416	938	16	18	3
628	938	8	18	5
309	938	9	18	4
228	938	8	18	1
427	938	7	18	5
787	938	7	18	3
655	958	15	18	3
828	958	8	18	5
18	958	18	18	5
331	958	11	18	5
918	958	18	18	3
537	958	17	18	2
773	958	13	18	4
711	958	11	18	5
354	958	14	18	4
633	958	13	18	3
405	958	5	18	1
90	958	10	18	4
233	958	13	18	5
639	958	19	18	4
181	978	1	18	1
207	978	7	18	3
586	978	6	18	2
534	978	14	18	4
862	978	2	18	3
21	978	1	18	1
487	978	7	18	1
548	978	8	18	2
894	978	14	18	3
699	978	19	18	4
99	978	19	18	3
459	978	19	18	2
251	978	11	18	2
374	978	14	18	2
158	978	18	18	3
332	978	12	18	4
622	978	2	18	2
178	978	18	18	2
524	978	4	18	3
663	978	3	18	4
916	978	16	18	1
268	978	8	18	2
279	978	19	18	1
907	978	7	18	5
27	978	7	18	2
891	978	11	18	4
537	978	17	18	2
279	998	19	18	5
49	998	9	18	2
336	998	16	18	1
269	998	9	18	5
268	998	8	18	1
299	998	19	18	2
92	998	12	18	2
303	998	3	18	3
22	998	2	18	1
868	998	8	18	2
291	998	11	18	1
798	998	18	18	3
805	998	5	18	4
642	998	2	18	3
807	998	7	18	3
795	998	15	18	3
325	1018	5	18	3
884	1018	4	18	2
840	1018	0	18	3
896	1018	16	18	3
565	1018	5	18	5
806	1018	6	18	4
29	1018	9	18	4
829	1018	9	18	2
655	1018	15	18	3
429	1018	9	18	3
305	1018	5	18	5
405	1018	5	18	1
293	1018	13	18	3
85	1018	5	18	4
397	1018	17	18	4
846	1018	6	18	4
934	1018	14	18	4
95	1018	15	18	3
92	1018	12	18	4
561	1018	1	18	3
645	1018	5	18	3
299	1018	19	18	3
417	1018	17	18	3
707	1018	7	18	3
62	1018	2	18	3
500	1018	0	18	3
346	1018	6	18	3
387	1018	7	18	3
585	1018	5	18	2
49	1018	9	18	2
773	1018	13	18	3
381	1018	1	18	4
784	1038	4	18	3
451	1038	11	18	1
459	1038	19	18	4
40	1038	0	18	1
629	1038	9	18	3
863	1038	3	18	1
440	1038	0	18	5
286	1038	6	18	5
178	1038	18	18	2
143	1038	3	18	3
181	1038	1	18	1
740	1038	0	18	4
726	1038	6	18	2
915	1038	15	18	2
782	1038	2	18	4
894	1038	14	18	3
529	1038	9	18	4
44	1058	4	18	4
880	1058	0	18	2
436	1058	16	18	4
416	1058	16	18	5
393	1058	13	18	4
130	1058	10	18	5
224	1058	4	18	3
618	1058	18	18	3
194	1058	14	18	2
378	1058	18	18	3
405	1058	5	18	1
642	1058	2	18	3
588	1058	8	18	2
94	1058	14	18	4
472	1058	12	18	4
541	1078	1	18	4
387	1078	7	18	1
588	1078	8	18	4
193	1078	13	18	4
815	1078	15	18	2
405	1078	5	18	1
291	1078	11	18	4
846	1078	6	18	2
892	1078	12	18	3
642	1078	2	18	5
807	1078	7	18	4
373	1078	13	18	3
222	1078	2	18	2
881	1078	1	18	3
751	1078	11	18	3
82	1078	2	18	3
896	1078	16	18	3
660	1078	0	18	2
234	1078	14	18	2
49	1078	9	18	1
622	1078	2	18	3
465	1078	5	18	2
442	1098	2	18	4
535	1098	15	18	5
251	1098	11	18	3
291	1098	11	18	4
806	1098	6	18	4
381	1098	1	18	4
201	1098	1	18	2
293	1098	13	18	2
221	1098	1	18	4
664	1098	4	18	3
492	1098	12	18	4
244	1098	4	18	5
416	1098	16	18	3
655	1098	15	18	3
158	1098	18	18	4
437	1098	17	18	3
336	1098	16	18	3
276	1098	16	18	4
327	1098	7	18	4
896	1098	16	18	3
578	1098	18	18	2
239	1098	19	18	5
85	1098	5	18	4
58	1098	18	18	4
666	1098	6	18	4
870	1098	10	18	4
747	1098	7	18	4
916	1098	16	18	4
151	1098	11	18	1
268	1098	8	18	3
189	1098	9	18	4
207	1098	7	18	4
303	1098	3	18	4
758	1098	18	18	5
868	1098	8	18	5
588	1098	8	18	4
763	1098	3	18	3
643	1098	3	18	4
903	1098	3	18	5
542	1098	2	18	4
389	1098	9	18	4
805	1098	5	18	3
805	1118	5	18	5
682	1118	2	18	3
690	1118	10	18	1
504	1118	4	18	3
385	1118	5	18	3
843	1118	3	18	2
244	1118	4	18	4
94	1118	14	18	4
59	1118	19	18	2
62	1118	2	18	3
308	1118	8	18	4
536	1118	16	18	2
476	1118	16	18	3
268	1118	8	18	3
881	1118	1	18	3
405	1118	5	18	1
892	1118	12	18	3
495	1118	15	18	5
336	1118	16	18	4
551	1118	11	18	5
711	1118	11	18	4
655	1118	15	18	3
883	1118	3	18	4
774	1118	14	18	3
325	1118	5	18	3
650	1118	10	18	3
276	1118	16	18	4
210	1118	10	18	4
87	1118	7	18	3
833	1118	13	18	3
286	1118	6	18	1
303	1118	3	18	3
621	1118	1	18	3
790	1118	10	18	3
326	1118	6	18	2
823	1118	3	18	3
846	1118	6	18	5
279	1118	19	18	3
407	1118	7	18	4
264	1118	4	18	4
406	1118	6	18	3
870	1118	10	18	3
848	1118	8	18	5
387	1118	7	18	3
196	1118	16	18	4
429	1118	9	18	4
207	1118	7	18	3
807	1138	7	18	5
782	1138	2	18	2
659	1138	19	18	4
63	1138	3	18	2
144	1138	4	18	4
655	1158	15	18	3
585	1158	5	18	4
76	1158	16	18	4
385	1158	5	18	5
846	1178	6	18	2
399	1178	19	18	3
244	1178	4	18	3
393	1178	13	18	3
436	1178	16	18	3
291	1178	11	18	4
87	1178	7	18	3
268	1178	8	18	1
405	1178	5	18	1
279	1178	19	18	4
927	1178	7	18	2
303	1178	3	18	2
712	1178	12	18	4
642	1178	2	18	3
314	1178	14	18	2
804	1178	4	18	3
682	1178	2	18	1
222	1178	2	18	2
660	1178	0	18	1
387	1198	7	18	3
655	1198	15	18	3
334	1198	14	18	3
456	1198	16	18	4
234	1198	14	18	3
90	1198	10	18	5
181	1198	1	18	1
727	1218	7	18	4
332	1218	12	18	5
336	1218	16	18	3
110	1218	10	18	3
327	1218	7	18	4
303	1218	3	18	4
456	1218	16	18	3
442	1218	2	18	2
216	1218	16	18	3
246	1218	6	18	3
222	1218	2	18	1
709	1218	9	18	4
893	1218	13	18	3
542	1218	2	18	3
586	1218	6	18	5
889	1218	9	18	4
846	1218	6	18	4
276	1218	16	18	4
405	1218	5	18	5
314	1218	14	18	4
429	1218	9	18	3
94	1218	14	18	4
177	1218	17	18	4
774	1218	14	18	3
374	1218	14	18	2
221	1218	1	18	3
100	1238	0	18	2
404	1238	4	18	3
489	1238	9	18	4
519	1238	19	18	5
512	1238	12	18	4
845	1238	5	18	2
655	1238	15	18	2
423	1238	3	18	3
238	1258	18	18	1
116	1258	16	18	2
303	1258	3	18	2
648	1258	8	18	2
299	1258	19	18	2
346	1258	6	18	4
178	1258	18	18	4
392	1258	12	18	1
393	1258	13	18	3
157	1258	17	18	5
592	1258	12	18	1
141	1258	1	18	4
640	1258	0	18	3
851	1258	11	18	3
339	1258	19	18	3
936	1258	16	18	2
894	1258	14	18	3
193	1258	13	18	3
159	1258	19	18	1
782	1258	2	18	2
880	1258	0	18	3
637	1258	17	18	1
919	1258	19	18	3
159	1278	19	18	3
891	1278	11	18	5
599	1278	19	18	5
887	1278	7	18	2
736	1278	16	18	1
501	1278	1	18	3
548	1278	8	18	4
835	1278	15	18	5
168	1278	8	18	3
552	1278	12	18	3
130	1278	10	18	5
782	1278	2	18	4
262	1278	2	18	4
655	1278	15	18	2
493	1278	13	18	5
919	1278	19	18	4
312	1298	12	18	5
234	1298	14	18	3
293	1298	13	18	3
389	1298	9	18	5
766	1298	6	18	3
900	1298	0	18	2
151	1298	11	18	4
567	1298	7	18	5
397	1298	17	18	3
181	1318	1	18	1
405	1318	5	18	1
449	1318	9	18	2
458	1338	18	18	3
405	1338	5	18	1
733	1338	13	18	4
181	1338	1	18	1
181	1358	1	18	1
288	1358	8	18	5
181	1378	1	18	1
655	1378	15	18	3
445	1378	5	18	2
782	1378	2	18	2
207	1378	7	18	3
201	1398	1	18	4
184	1398	4	18	5
195	1418	15	18	4
655	1418	15	18	4
429	1418	9	18	3
378	1438	18	18	3
222	1438	2	18	4
269	1438	9	18	3
429	1438	9	18	1
405	1438	5	18	1
234	1458	14	18	4
788	1478	8	18	3
363	1478	3	18	1
561	1478	1	18	3
276	1478	16	18	3
291	1478	11	18	2
456	1478	16	18	4
682	1478	2	18	3
846	1478	6	18	4
328	1478	8	18	3
627	1478	7	18	3
280	1478	0	18	4
653	1478	13	18	2
405	1478	5	18	1
880	1478	0	18	3
924	1478	4	18	4
416	1478	16	18	2
378	1478	18	18	3
269	1478	9	18	1
279	1498	19	18	4
606	1518	6	18	4
328	1518	8	18	3
846	1518	6	18	2
880	1518	0	18	2
788	1518	8	18	3
551	1518	11	18	4
711	1518	11	18	3
405	1518	5	18	2
389	1518	9	18	2
314	1518	14	18	4
474	1518	14	18	3
450	1518	10	18	4
387	1538	7	18	3
655	1538	15	18	3
782	1538	2	18	3
761	1558	1	18	1
409	1558	9	18	5
469	1558	9	18	5
610	1558	10	18	3
585	1558	5	18	5
932	1558	12	18	5
405	1558	5	18	1
655	1578	15	18	3
405	1578	5	18	1
433	1598	13	18	1
486	1598	6	18	5
464	1598	4	18	3
782	1598	2	18	2
445	1598	5	18	1
851	1598	11	18	3
528	1618	8	18	1
655	1638	15	18	3
782	1658	2	18	2
733	1658	13	18	3
894	1658	14	18	4
863	1678	3	18	1
