222	12	2	12	5
132	12	12	12	4
838	12	18	12	4
92	12	12	12	5
174	12	14	12	5
249	12	9	12	5
533	12	13	12	4
421	12	1	12	5
867	12	7	12	5
178	12	18	12	5
267	12	7	12	5
291	12	11	12	5
363	12	3	12	5
583	12	3	12	5
405	12	5	12	5
264	12	4	12	5
58	12	18	12	5
13	12	13	12	5
60	12	0	12	4
18	12	18	12	5
454	12	14	12	3
256	12	16	12	5
311	12	11	12	4
385	12	5	12	3
560	12	0	12	5
455	12	15	12	3
499	12	19	12	5
908	12	8	12	3
603	12	3	12	5
6	12	6	12	4
664	12	4	12	5
402	12	2	12	4
663	12	3	12	5
409	12	9	12	4
710	12	10	12	4
567	12	7	12	4
806	12	6	12	5
391	12	11	12	5
259	12	19	12	5
795	12	15	12	4
559	12	19	12	3
73	12	13	12	5
216	12	16	12	5
458	12	18	12	5
280	12	0	12	5
10	12	10	12	5
639	12	19	12	3
833	12	13	12	5
94	12	14	12	4
707	12	7	12	3
372	12	12	12	4
332	12	12	12	5
836	12	16	12	5
715	12	15	12	4
84	12	4	12	5
11	12	11	12	2
117	12	17	12	5
870	12	10	12	4
943	12	3	12	5
894	12	14	12	5
16	12	16	12	5
629	12	9	12	5
605	12	5	12	4
773	12	13	12	3
577	12	17	12	4
276	12	16	12	5
788	12	8	12	5
854	12	14	12	5
303	12	3	12	4
28	12	8	12	4
301	12	1	12	4
478	12	18	12	5
297	12	17	12	5
29	12	9	12	5
796	12	16	12	5
472	12	12	12	5
334	12	14	12	5
156	12	16	12	3
207	12	7	12	3
416	12	16	12	5
194	12	14	12	5
774	12	14	12	3
373	12	13	12	5
69	12	9	12	5
346	12	6	12	5
399	12	19	12	3
622	12	2	12	5
785	12	5	12	4
498	12	18	12	4
268	12	8	12	4
880	12	0	12	5
823	12	3	12	4
763	12	3	12	5
561	12	1	12	5
1	12	1	12	5
213	12	13	12	5
457	12	17	12	5
221	12	1	12	5
443	12	3	12	5
524	12	4	12	3
690	12	10	12	4
610	12	10	12	5
130	12	10	12	4
379	12	19	12	5
342	12	2	12	5
347	12	7	12	3
145	12	5	12	5
43	12	3	12	5
233	12	13	12	2
606	12	6	12	2
144	12	4	12	4
919	12	19	12	3
370	12	10	12	4
831	12	11	12	5
655	12	15	12	3
875	12	15	12	5
693	12	13	12	4
924	12	4	12	4
138	12	18	12	5
474	12	14	12	5
896	12	16	12	3
14	12	14	12	5
151	12	11	12	5
940	12	0	12	4
929	12	9	12	4
601	12	1	12	3
397	12	17	12	4
343	12	3	12	5
425	12	5	12	5
538	12	18	12	4
175	12	15	12	4
910	12	10	12	4
592	12	12	12	5
7	12	7	12	5
442	12	2	12	4
566	12	6	12	4
903	12	3	12	5
327	12	7	12	3
588	12	8	12	5
201	12	1	12	4
886	12	6	12	5
361	12	1	12	4
119	12	19	12	3
314	12	14	12	4
464	12	4	12	5
673	12	13	12	4
226	12	6	12	5
387	12	7	12	5
251	12	11	12	4
180	12	0	12	2
329	12	9	12	4
315	12	15	12	5
522	12	2	12	5
686	12	6	12	5
253	12	13	12	5
537	12	17	12	3
109	12	9	12	4
506	12	6	12	5
483	12	3	12	2
825	12	5	12	5
480	12	0	12	5
618	12	18	12	4
493	12	13	12	3
106	12	6	12	4
913	12	13	12	4
851	12	11	12	4
186	12	6	12	1
445	12	5	12	2
665	12	5	12	4
557	12	17	12	5
24	12	4	12	5
305	12	5	12	5
453	12	13	12	5
654	12	14	12	5
288	12	8	12	4
318	12	18	12	4
110	12	10	12	4
250	12	10	12	5
548	12	8	12	5
135	12	15	12	4
497	12	17	12	4
745	12	5	12	5
542	12	2	12	4
889	12	9	12	5
322	12	2	12	4
339	12	19	12	5
521	12	1	12	5
632	12	12	12	5
503	12	3	12	3
727	12	7	12	5
279	12	19	12	2
293	12	13	12	4
630	12	10	12	4
64	12	4	12	5
393	12	13	12	5
556	12	16	12	5
374	12	14	12	4
429	12	9	12	5
671	12	11	12	5
328	12	8	12	5
846	12	6	12	5
864	12	4	12	5
99	12	19	12	5
398	12	18	12	3
465	12	5	12	4
72	12	12	12	5
406	12	6	12	4
527	12	7	12	4
430	12	10	12	4
204	12	4	12	4
532	12	12	12	5
901	12	1	12	5
737	12	17	12	4
271	12	11	12	4
417	12	17	12	4
115	12	15	12	5
627	12	7	12	4
643	12	3	12	5
933	12	13	12	4
62	12	2	12	4
435	12	15	12	5
669	12	9	12	5
551	12	11	12	4
234	12	14	12	1
805	12	5	12	4
844	12	4	12	5
447	12	7	12	5
514	12	14	12	5
378	12	18	12	5
246	12	6	12	5
450	12	10	12	4
42	12	2	12	4
613	12	13	12	5
682	12	2	12	5
344	12	4	12	5
59	12	19	12	5
239	12	19	12	5
121	12	1	12	5
90	12	10	12	5
380	12	0	12	5
666	12	6	12	4
214	12	14	12	5
299	12	19	12	5
352	12	12	12	4
308	12	8	12	5
76	12	16	12	3
487	12	7	12	5
916	12	16	12	4
394	12	14	12	4
862	12	2	12	5
456	12	16	12	3
437	12	17	12	5
868	12	8	12	5
433	12	13	12	5
491	12	11	12	5
272	12	12	12	5
640	12	0	12	5
177	12	17	12	5
49	12	9	12	4
468	12	8	12	4
758	12	18	12	5
883	12	3	12	4
218	12	18	12	5
543	12	3	12	5
892	12	12	12	5
747	12	7	12	4
345	12	5	12	5
571	32	11	12	2
537	32	17	12	3
666	32	6	12	4
848	32	8	12	5
7	32	7	12	4
567	32	7	12	5
894	32	14	12	4
118	32	18	12	5
221	32	1	12	4
297	32	17	12	4
10	32	10	12	4
875	32	15	12	5
479	32	19	12	3
234	32	14	12	3
232	32	12	12	4
833	32	13	12	5
498	32	18	12	4
385	32	5	12	5
747	32	7	12	5
115	32	15	12	5
308	32	8	12	5
405	32	5	12	1
425	32	5	12	3
458	32	18	12	4
805	32	5	12	4
658	32	18	12	3
402	32	2	12	3
339	32	19	12	5
561	32	1	12	4
417	32	17	12	2
592	32	12	12	5
465	32	5	12	3
299	32	19	12	3
354	32	14	12	3
6	32	6	12	4
201	32	1	12	3
655	32	15	12	4
23	32	3	12	3
58	32	18	12	5
321	32	1	12	3
416	32	16	12	2
296	32	16	12	4
244	32	4	12	2
97	32	17	12	5
363	32	3	12	2
331	32	11	12	4
804	32	4	12	3
94	32	14	12	5
325	32	5	12	3
524	32	4	12	4
645	32	5	12	5
279	32	19	12	3
854	32	14	12	4
272	32	12	12	4
1	32	1	12	5
13	32	13	12	4
406	32	6	12	5
737	32	17	12	4
929	32	9	12	3
73	32	13	12	4
14	32	14	12	5
64	32	4	12	1
478	32	18	12	3
535	32	15	12	3
456	32	16	12	4
59	32	19	12	4
31	32	11	12	5
773	32	13	12	4
144	32	4	12	4
322	32	2	12	5
327	32	7	12	4
18	32	18	12	2
387	32	7	12	5
92	32	12	12	3
643	32	3	12	4
429	32	9	12	4
95	32	15	12	1
214	32	14	12	4
889	32	9	12	4
160	32	0	12	5
342	32	2	12	5
870	52	10	12	2
151	52	11	12	5
532	52	12	12	4
711	52	11	12	5
833	52	13	12	3
457	52	17	12	4
387	52	7	12	5
312	52	12	12	5
77	52	17	12	5
64	52	4	12	3
71	52	11	12	4
751	52	11	12	2
18	52	18	12	5
458	52	18	12	4
894	52	14	12	4
877	52	17	12	4
773	52	13	12	3
379	52	19	12	4
378	52	18	12	5
11	52	11	12	3
639	52	19	12	3
43	52	3	12	4
338	52	18	12	5
903	52	3	12	3
370	52	10	12	4
343	52	3	12	5
655	52	15	12	3
1	52	1	12	4
334	52	14	12	4
618	52	18	12	3
561	52	1	12	4
766	52	6	12	4
840	52	0	12	3
828	52	8	12	3
269	52	9	12	4
94	52	14	12	5
864	52	4	12	4
861	52	1	12	5
537	52	17	12	3
271	52	11	12	4
234	52	14	12	4
184	52	4	12	4
429	52	9	12	4
883	52	3	12	3
627	52	7	12	3
299	52	19	12	4
508	52	8	12	4
262	52	2	12	3
933	52	13	12	3
452	52	12	12	3
49	52	9	12	2
305	52	5	12	2
661	52	1	12	4
790	52	10	12	4
405	52	5	12	1
535	52	15	12	4
406	52	6	12	5
244	52	4	12	4
916	52	16	12	5
321	52	1	12	3
59	52	19	12	4
7	52	7	12	4
846	52	6	12	4
187	52	7	12	4
798	52	18	12	3
455	52	15	12	3
90	52	10	12	5
235	52	15	12	4
774	52	14	12	3
843	52	3	12	2
279	52	19	12	3
354	52	14	12	5
435	52	15	12	5
716	52	16	12	5
474	52	14	12	4
85	52	5	12	3
823	52	3	12	3
585	52	5	12	3
268	52	8	12	3
707	52	7	12	3
194	52	14	12	4
232	52	12	12	5
694	52	14	12	4
295	52	15	12	5
95	52	15	12	4
524	52	4	12	4
119	52	19	12	3
536	52	16	12	3
565	52	5	12	5
437	52	17	12	3
664	52	4	12	5
591	72	11	12	3
533	72	13	12	2
927	72	7	12	5
922	72	2	12	4
524	72	4	12	4
933	72	13	12	3
109	72	9	12	5
934	72	14	12	3
887	72	7	12	4
694	72	14	12	4
303	72	3	12	3
417	72	17	12	4
712	72	12	12	4
795	72	15	12	3
472	72	12	12	5
330	72	10	12	5
144	72	4	12	4
642	72	2	12	4
7	72	7	12	5
645	72	5	12	3
727	72	7	12	3
1	72	1	12	4
318	72	18	12	4
766	72	6	12	2
838	72	18	12	4
407	72	7	12	4
327	72	7	12	2
125	72	5	12	4
291	72	11	12	4
497	72	17	12	3
314	72	14	12	2
588	72	8	12	4
798	72	18	12	3
268	72	8	12	3
406	72	6	12	3
222	72	2	12	4
334	72	14	12	3
299	72	19	12	3
682	72	2	12	3
295	72	15	12	4
846	72	6	12	4
398	72	18	12	3
394	72	14	12	4
49	72	9	12	2
749	72	9	12	3
622	72	2	12	3
286	72	6	12	4
660	72	0	12	3
650	72	10	12	2
643	72	3	12	4
276	72	16	12	4
159	72	19	12	3
521	72	1	12	3
363	72	3	12	1
916	72	16	12	3
328	72	8	12	3
523	72	3	12	4
405	72	5	12	3
500	72	0	12	4
478	72	18	12	1
336	72	16	12	3
864	72	4	12	4
504	72	4	12	4
42	72	2	12	3
586	72	6	12	2
690	72	10	12	2
393	72	13	12	4
561	72	1	12	2
308	72	8	12	4
193	72	13	12	2
773	72	13	12	3
389	72	9	12	3
880	72	0	12	3
833	72	13	12	2
648	72	8	12	4
280	72	0	12	4
200	72	0	12	4
311	72	11	12	4
64	72	4	12	4
158	72	18	12	3
532	72	12	12	3
429	72	9	12	2
889	72	9	12	3
435	72	15	12	4
62	72	2	12	3
943	72	3	12	2
399	72	19	12	4
615	72	15	12	2
476	72	16	12	4
456	72	16	12	1
647	72	7	12	4
474	72	14	12	3
790	72	10	12	2
918	72	18	12	1
13	72	13	12	4
234	72	14	12	3
184	72	4	12	3
621	72	1	12	2
87	72	7	12	3
102	72	2	12	3
416	72	16	12	2
551	72	11	12	5
506	72	6	12	3
542	72	2	12	3
92	72	12	12	3
774	72	14	12	1
716	72	16	12	3
883	72	3	12	4
892	72	12	12	4
269	72	9	12	2
18	72	18	12	3
95	72	15	12	2
194	72	14	12	3
804	72	4	12	4
885	72	5	12	1
262	72	2	12	3
346	72	6	12	3
881	72	1	12	2
210	72	10	12	3
921	72	1	12	4
436	72	16	12	5
244	72	4	12	4
343	72	3	12	5
307	72	7	12	3
537	72	17	12	1
94	72	14	12	3
326	72	6	12	2
216	72	16	12	2
848	72	8	12	5
177	92	17	12	4
59	92	19	12	5
412	92	12	12	3
450	92	10	12	4
645	92	5	12	3
92	92	12	12	4
178	92	18	12	3
627	92	7	12	4
823	92	3	12	5
76	92	16	12	4
244	92	4	12	4
246	92	6	12	1
303	92	3	12	4
214	92	14	12	4
436	92	16	12	3
287	92	7	12	4
352	92	12	12	3
640	92	0	12	4
13	92	13	12	3
293	92	13	12	4
276	92	16	12	4
99	92	19	12	4
474	92	14	12	4
201	92	1	12	3
456	92	16	12	4
256	92	16	12	1
416	92	16	12	3
197	92	17	12	1
487	92	7	12	4
709	92	9	12	4
666	92	6	12	3
665	92	5	12	4
158	92	18	12	4
862	92	2	12	5
224	92	4	12	1
710	92	10	12	3
115	92	15	12	4
405	92	5	12	1
279	92	19	12	4
262	92	2	12	3
506	92	6	12	3
94	92	14	12	4
846	92	6	12	4
682	92	2	12	5
280	92	0	12	3
16	92	16	12	4
207	92	7	12	2
327	92	7	12	4
322	92	2	12	4
406	92	6	12	4
871	92	11	12	3
429	92	9	12	4
184	92	4	12	3
886	92	6	12	3
896	92	16	12	1
655	92	15	12	3
727	92	7	12	2
851	92	11	12	5
320	92	0	12	5
643	92	3	12	4
466	92	6	12	4
24	92	4	12	5
913	92	13	12	4
339	92	19	12	4
342	92	2	12	4
308	92	8	12	4
37	92	17	12	4
226	92	6	12	2
592	92	12	12	5
1	92	1	12	3
297	92	17	12	3
889	92	9	12	3
880	92	0	12	4
442	92	2	12	5
916	92	16	12	5
608	92	8	12	3
741	92	1	12	3
943	92	3	12	5
561	92	1	12	3
221	92	1	12	4
425	92	5	12	5
870	92	10	12	4
826	92	6	12	4
629	92	9	12	4
524	92	4	12	4
664	92	4	12	4
715	92	15	12	3
268	92	8	12	4
291	92	11	12	4
387	92	7	12	4
833	92	13	12	2
756	92	16	12	3
222	92	2	12	3
586	92	6	12	3
346	92	6	12	4
773	92	13	12	4
249	92	9	12	5
267	92	7	12	4
537	92	17	12	3
250	92	10	12	5
551	92	11	12	5
600	92	0	12	3
385	92	5	12	3
7	92	7	12	5
181	112	1	12	1
463	112	3	12	1
450	112	10	12	2
788	112	8	12	3
648	112	8	12	2
245	112	5	12	4
919	112	19	12	3
796	112	16	12	4
881	112	1	12	2
708	112	8	12	1
200	112	0	12	3
82	112	2	12	1
280	112	0	12	3
620	112	0	12	4
699	112	19	12	3
851	112	11	12	1
38	112	18	12	5
254	112	14	12	2
798	112	18	12	3
1	112	1	12	1
195	132	15	12	5
312	132	12	12	5
303	132	3	12	5
62	132	2	12	5
734	132	14	12	3
161	132	1	12	1
311	132	11	12	4
391	132	11	12	4
331	132	11	12	3
666	132	6	12	4
42	132	2	12	5
927	132	7	12	2
454	132	14	12	2
746	132	6	12	4
13	132	13	12	4
887	132	7	12	4
650	132	10	12	4
867	132	7	12	3
766	132	6	12	4
222	132	2	12	2
916	132	16	12	3
868	132	8	12	4
271	132	11	12	5
262	132	2	12	3
848	132	8	12	5
551	132	11	12	5
251	132	11	12	5
342	132	2	12	5
788	132	8	12	5
854	132	14	12	5
1	132	1	12	4
117	132	17	12	4
786	132	6	12	5
325	132	5	12	3
429	132	9	12	3
97	132	17	12	5
850	132	10	12	5
437	132	17	12	5
151	132	11	12	5
748	132	8	12	3
711	132	11	12	5
807	132	7	12	4
896	132	16	12	3
731	132	11	12	3
542	132	2	12	3
77	132	17	12	3
749	132	9	12	4
6	132	6	12	5
870	132	10	12	4
91	132	11	12	3
562	132	2	12	4
51	132	11	12	4
389	132	9	12	5
394	132	14	12	4
943	132	3	12	3
622	132	2	12	4
608	132	8	12	2
213	132	13	12	5
796	132	16	12	4
890	132	10	12	5
851	132	11	12	4
506	132	6	12	4
642	132	2	12	3
588	132	8	12	5
568	132	8	12	2
253	132	13	12	5
94	132	14	12	4
934	132	14	12	4
864	132	4	12	5
921	132	1	12	3
846	132	6	12	5
508	132	8	12	5
7	132	7	12	5
488	132	8	12	3
269	132	9	12	5
776	132	16	12	3
293	132	13	12	4
468	132	8	12	5
804	132	4	12	4
59	132	19	12	5
60	132	0	12	4
313	132	13	12	5
457	132	17	12	5
764	132	4	12	5
747	132	7	12	4
862	132	2	12	5
189	132	9	12	5
328	132	8	12	5
881	132	1	12	3
843	132	3	12	3
345	132	5	12	5
882	132	2	12	5
716	132	16	12	5
308	132	8	12	3
889	132	9	12	4
174	132	14	12	2
373	132	13	12	3
727	132	7	12	2
87	132	7	12	5
664	132	4	12	4
119	132	19	12	5
606	132	6	12	5
200	132	0	12	5
605	132	5	12	5
288	132	8	12	3
676	132	16	12	5
426	132	6	12	4
763	132	3	12	3
886	132	6	12	3
393	132	13	12	2
821	132	1	12	5
280	132	0	12	4
95	132	15	12	3
556	132	16	12	5
417	132	17	12	4
524	132	4	12	4
219	132	19	12	5
239	132	19	12	5
536	132	16	12	4
175	132	15	12	3
683	132	3	12	5
215	132	15	12	5
148	132	8	12	4
10	132	10	12	5
453	132	13	12	3
629	132	9	12	5
128	132	8	12	3
380	132	0	12	4
496	132	16	12	3
504	132	4	12	5
275	132	15	12	3
48	132	8	12	5
545	132	5	12	4
385	132	5	12	4
295	132	15	12	5
194	132	14	12	3
694	132	14	12	5
912	132	12	12	5
918	132	18	12	4
214	132	14	12	5
643	132	3	12	5
301	132	1	12	4
279	132	19	12	3
70	132	10	12	4
344	132	4	12	4
533	132	13	12	5
892	132	12	12	5
90	132	10	12	5
435	132	15	12	3
450	132	10	12	5
406	132	6	12	5
553	132	13	12	4
560	132	0	12	3
798	132	18	12	4
778	132	18	12	2
246	132	6	12	4
661	132	1	12	5
495	132	15	12	4
505	132	5	12	5
535	132	15	12	5
436	132	16	12	1
321	132	1	12	5
307	132	7	12	4
234	132	14	12	4
669	132	9	12	4
465	132	5	12	4
698	132	18	12	4
660	132	0	12	3
327	132	7	12	5
416	132	16	12	4
184	132	4	12	5
897	132	17	12	5
503	132	3	12	5
632	132	12	12	5
617	132	17	12	1
339	132	19	12	5
653	132	13	12	3
618	132	18	12	4
474	132	14	12	4
85	132	5	12	5
554	132	14	12	4
840	132	0	12	4
601	132	1	12	5
693	132	13	12	4
592	132	12	12	5
347	132	7	12	5
655	132	15	12	3
286	132	6	12	5
130	132	10	12	5
383	132	3	12	5
398	132	18	12	5
350	132	10	12	5
399	132	19	12	3
567	132	7	12	3
561	132	1	12	2
64	132	4	12	4
795	132	15	12	3
44	132	4	12	4
330	132	10	12	5
381	132	1	12	5
532	132	12	12	5
24	132	4	12	3
378	132	18	12	4
815	132	15	12	5
835	132	15	12	5
23	132	3	12	4
334	132	14	12	3
358	132	18	12	5
577	132	17	12	4
316	132	16	12	4
338	132	18	12	2
254	132	14	12	4
913	132	13	12	3
318	132	18	12	4
472	132	12	12	5
12	132	12	12	5
343	132	3	12	5
452	132	12	12	2
210	132	10	12	4
407	132	7	12	4
514	132	14	12	4
933	132	13	12	3
298	132	18	12	5
236	132	16	12	4
499	132	19	12	4
18	132	18	12	5
92	132	12	12	3
739	132	19	12	4
123	132	3	12	3
290	132	10	12	3
198	132	18	12	4
537	132	17	12	3
152	132	12	12	5
679	132	19	12	4
230	132	10	12	5
405	132	5	12	5
539	132	19	12	5
326	132	6	12	4
232	132	12	12	5
447	132	7	12	4
314	132	14	12	4
263	132	3	12	5
292	132	12	12	4
346	132	6	12	4
521	132	1	12	3
118	132	18	12	4
437	152	17	12	4
301	152	1	12	3
70	152	10	12	4
843	152	3	12	2
758	152	18	12	5
643	152	3	12	4
194	152	14	12	3
785	152	5	12	4
398	152	18	12	4
878	152	18	12	4
18	152	18	12	3
234	152	14	12	4
896	152	16	12	3
535	152	15	12	4
298	152	18	12	3
833	152	13	12	2
16	152	16	12	4
934	152	14	12	4
154	152	14	12	4
840	152	0	12	4
804	152	4	12	4
293	152	13	12	4
747	152	7	12	3
239	152	19	12	3
704	152	4	12	2
389	152	9	12	4
823	152	3	12	5
308	152	8	12	5
354	152	14	12	3
653	152	13	12	2
407	152	7	12	4
379	152	19	12	5
380	152	0	12	2
13	152	13	12	5
325	152	5	12	4
773	152	13	12	5
73	152	13	12	3
41	152	1	12	4
514	152	14	12	4
125	152	5	12	1
312	152	12	12	2
98	152	18	12	3
650	152	10	12	3
480	152	0	12	4
527	152	7	12	2
327	152	7	12	3
87	152	7	12	4
303	152	3	12	4
195	152	15	12	3
796	152	16	12	3
151	152	11	12	3
648	152	8	12	5
795	152	15	12	4
210	152	10	12	5
848	152	8	12	5
664	152	4	12	3
343	152	3	12	4
385	152	5	12	3
60	152	0	12	4
269	152	9	12	4
912	152	12	12	4
655	152	15	12	3
430	152	10	12	4
452	152	12	12	2
458	152	18	12	5
406	152	6	12	2
313	152	13	12	3
567	152	7	12	4
7	152	7	12	4
1	152	1	12	5
890	152	10	12	4
279	152	19	12	5
435	152	15	12	4
85	152	5	12	5
299	152	19	12	4
363	152	3	12	5
738	152	18	12	4
497	152	17	12	2
342	152	2	12	4
469	152	9	12	4
387	152	7	12	1
450	152	10	12	5
642	172	2	12	5
686	172	6	12	4
610	172	10	12	4
621	172	1	12	5
346	172	6	12	5
405	172	5	12	5
864	172	4	12	5
851	172	11	12	5
290	172	10	12	5
655	172	15	12	4
890	172	10	12	5
130	172	10	12	5
411	172	11	12	5
210	172	10	12	5
684	172	4	12	5
693	172	13	12	3
12	172	12	12	4
137	172	17	12	5
840	172	0	12	3
230	172	10	12	4
850	172	10	12	5
934	172	14	12	5
665	172	5	12	4
200	172	0	12	5
538	172	18	12	4
588	172	8	12	5
541	172	1	12	5
389	172	9	12	5
868	172	8	12	5
144	172	4	12	4
301	172	1	12	5
815	172	15	12	5
272	172	12	12	4
334	172	14	12	3
545	172	5	12	5
369	172	9	12	5
908	172	8	12	3
37	172	17	12	4
524	172	4	12	3
472	172	12	12	5
254	172	14	12	5
592	172	12	12	5
95	172	15	12	4
806	172	6	12	3
734	172	14	12	4
16	172	16	12	5
1	172	1	12	5
352	172	12	12	5
409	172	9	12	5
308	172	8	12	4
30	172	10	12	4
340	172	0	12	4
912	172	12	12	3
145	172	5	12	5
197	172	17	12	5
707	172	7	12	2
286	172	6	12	4
648	172	8	12	5
119	172	19	12	4
62	172	2	12	5
922	172	2	12	5
397	172	17	12	5
454	172	14	12	2
350	172	10	12	5
151	172	11	12	5
671	172	11	12	5
830	172	10	12	5
394	172	14	12	4
885	172	5	12	3
153	172	13	12	1
280	172	0	12	3
577	172	17	12	4
561	172	1	12	2
399	172	19	12	3
23	172	3	12	4
392	172	12	12	5
492	172	12	12	3
786	172	6	12	5
363	172	3	12	5
629	172	9	12	5
374	172	14	12	3
715	172	15	12	4
773	172	13	12	5
795	172	15	12	3
833	172	13	12	2
398	172	18	12	5
496	172	16	12	5
630	172	10	12	3
387	172	7	12	4
716	172	16	12	4
43	172	3	12	4
117	172	17	12	5
566	172	6	12	3
316	172	16	12	1
13	172	13	12	5
781	172	1	12	5
790	172	10	12	4
493	172	13	12	5
303	172	3	12	5
295	172	15	12	4
347	172	7	12	5
892	172	12	12	5
480	172	0	12	3
328	172	8	12	4
878	172	18	12	4
435	172	15	12	5
169	172	9	12	5
889	172	9	12	4
882	172	2	12	5
51	172	11	12	5
497	172	17	12	5
201	172	1	12	5
437	172	17	12	4
881	172	1	12	4
325	172	5	12	4
344	172	4	12	4
916	172	16	12	5
425	172	5	12	5
406	172	6	12	5
886	172	6	12	5
393	172	13	12	5
537	172	17	12	3
500	172	0	12	2
279	172	19	12	2
64	172	4	12	4
650	172	10	12	4
194	172	14	12	3
862	172	2	12	5
669	172	9	12	3
323	172	3	12	5
70	172	10	12	5
326	172	6	12	4
533	172	13	12	4
932	172	12	12	5
928	172	8	12	5
256	172	16	12	3
99	172	19	12	5
757	172	17	12	4
239	172	19	12	4
826	172	6	12	5
189	172	9	12	5
625	172	5	12	4
217	172	17	12	1
887	172	7	12	5
601	172	1	12	4
332	172	12	12	5
85	172	5	12	4
838	172	18	12	5
48	172	8	12	5
276	172	16	12	5
305	172	5	12	4
450	172	10	12	4
49	172	9	12	1
933	172	13	12	2
7	172	7	12	4
125	172	5	12	5
788	172	8	12	3
622	172	2	12	5
843	172	3	12	3
739	172	19	12	4
5	172	5	12	5
907	172	7	12	4
222	172	2	12	5
421	172	1	12	5
798	172	18	12	4
380	172	0	12	3
8	172	8	12	5
721	172	1	12	5
606	172	6	12	5
345	172	5	12	4
267	172	7	12	5
710	172	10	12	4
704	172	4	12	2
214	172	14	12	3
474	172	14	12	5
466	172	6	12	4
643	172	3	12	5
215	172	15	12	4
603	172	3	12	5
943	172	3	12	4
177	172	17	12	5
178	172	18	12	4
751	172	11	12	5
72	172	12	12	1
234	172	14	12	3
232	172	12	12	4
902	172	2	12	4
407	172	7	12	4
360	172	0	12	4
847	172	7	12	4
484	172	4	12	5
14	172	14	12	5
455	172	15	12	4
56	172	16	12	5
848	172	8	12	5
298	172	18	12	4
753	172	13	12	3
271	172	11	12	5
942	172	2	12	5
262	172	2	12	2
452	172	12	12	4
395	172	15	12	5
600	172	0	12	4
456	172	16	12	5
591	172	11	12	3
676	172	16	12	5
320	172	0	12	4
645	172	5	12	4
60	172	0	12	4
313	172	13	12	4
148	172	8	12	5
514	172	14	12	4
246	172	6	12	5
506	172	6	12	5
805	172	5	12	4
563	172	3	12	5
774	172	14	12	3
128	172	8	12	3
249	172	9	12	3
679	172	19	12	5
620	172	0	12	4
536	172	16	12	5
694	172	14	12	5
291	172	11	12	5
468	172	8	12	4
530	172	10	12	4
479	172	19	12	4
94	172	14	12	4
495	172	15	12	5
471	172	11	12	4
804	172	4	12	4
412	172	12	12	5
709	172	9	12	5
746	172	6	12	5
849	172	9	12	5
311	172	11	12	5
505	172	5	12	3
248	172	8	12	4
661	172	1	12	5
436	172	16	12	3
312	172	12	12	4
424	172	4	12	3
796	172	16	12	4
91	172	11	12	4
20	172	0	12	3
897	172	17	12	4
379	172	19	12	4
766	172	6	12	3
747	172	7	12	5
593	172	13	12	4
22	172	2	12	4
758	172	18	12	4
244	172	4	12	4
453	172	13	12	5
221	172	1	12	5
705	172	5	12	3
87	172	7	12	5
385	172	5	12	2
202	172	2	12	3
771	172	11	12	4
154	172	14	12	4
664	172	4	12	5
608	172	8	12	1
97	172	17	12	4
109	172	9	12	5
542	172	2	12	4
76	172	16	12	5
488	172	8	12	3
666	172	6	12	3
940	172	0	12	4
527	172	7	12	5
216	172	16	12	4
102	172	2	12	3
213	172	13	12	5
307	172	7	12	5
741	172	1	12	5
586	172	6	12	4
556	172	16	12	5
875	172	15	12	4
551	172	11	12	2
896	172	16	12	5
913	172	13	12	5
660	172	0	12	4
429	172	9	12	5
535	172	15	12	3
77	172	17	12	3
893	172	13	12	5
911	172	11	12	4
901	172	1	12	5
554	172	14	12	5
712	172	12	12	5
738	172	18	12	4
373	172	13	12	5
259	172	19	12	4
378	172	18	12	4
198	172	18	12	4
633	172	13	12	3
18	172	18	12	3
844	172	4	12	4
659	172	19	12	3
723	172	3	12	4
883	172	3	12	4
42	172	2	12	5
115	172	15	12	4
401	172	1	12	3
118	172	18	12	5
204	172	4	12	3
465	172	5	12	3
182	172	2	12	5
508	172	8	12	5
225	172	5	12	5
653	172	13	12	3
823	172	3	12	5
727	172	7	12	5
698	172	18	12	5
682	172	2	12	5
584	172	4	12	4
114	172	14	12	5
44	172	4	12	4
880	172	0	12	5
711	172	11	12	5
924	172	4	12	4
92	172	12	12	4
871	172	11	12	5
457	172	17	12	5
867	172	7	12	5
184	172	4	12	4
269	172	9	12	3
846	172	6	12	4
503	172	3	12	5
417	172	17	12	3
627	172	7	12	3
654	172	14	12	4
58	172	18	12	5
442	172	2	12	5
760	172	0	12	3
638	172	18	12	4
158	172	18	12	4
870	172	10	12	4
327	172	7	12	4
521	172	1	12	3
330	172	10	12	5
929	172	9	12	4
251	172	11	12	5
175	172	15	12	5
921	172	1	12	4
618	172	18	12	5
749	172	9	12	5
459	172	19	12	5
59	172	19	12	5
780	172	0	12	5
121	172	1	12	5
370	172	10	12	4
487	172	7	12	4
69	172	9	12	5
416	172	16	12	5
632	172	12	12	5
899	172	19	12	4
807	172	7	12	5
293	172	13	12	5
296	172	16	12	5
498	172	18	12	3
268	172	8	12	5
748	172	8	12	4
124	172	4	12	3
236	172	16	12	3
767	172	7	12	5
31	192	11	12	4
881	192	1	12	5
385	192	5	12	5
663	192	3	12	4
207	192	7	12	3
328	192	8	12	4
347	192	7	12	4
527	192	7	12	4
156	192	16	12	4
667	192	7	12	5
311	192	11	12	3
716	192	16	12	3
85	192	5	12	4
804	192	4	12	4
617	192	17	12	5
201	192	1	12	4
731	192	11	12	5
903	192	3	12	5
567	192	7	12	4
492	192	12	12	3
397	192	17	12	5
94	192	14	12	4
97	192	17	12	1
271	192	11	12	5
269	192	9	12	4
90	192	10	12	4
693	192	13	12	2
535	192	15	12	4
160	192	0	12	5
235	192	15	12	4
458	192	18	12	4
748	192	8	12	3
618	192	18	12	5
806	192	6	12	4
121	192	1	12	4
10	192	10	12	4
313	192	13	12	3
661	192	1	12	4
493	192	13	12	3
409	192	9	12	4
615	192	15	12	5
322	192	2	12	5
908	192	8	12	2
429	192	9	12	3
308	192	8	12	5
776	192	16	12	5
829	192	9	12	5
233	192	13	12	5
851	192	11	12	4
658	192	18	12	4
709	192	9	12	4
450	192	10	12	4
316	192	16	12	1
833	192	13	12	5
213	192	13	12	5
457	192	17	12	5
664	192	4	12	4
551	192	11	12	5
234	192	14	12	3
342	192	2	12	4
253	192	13	12	1
379	192	19	12	4
556	192	16	12	5
77	192	17	12	3
659	192	19	12	4
339	192	19	12	5
870	192	10	12	5
405	192	5	12	5
374	192	14	12	5
682	192	2	12	3
669	192	9	12	5
1	192	1	12	4
498	192	18	12	5
524	192	4	12	4
194	192	14	12	5
889	192	9	12	3
641	192	1	12	4
264	192	4	12	4
327	192	7	12	5
7	192	7	12	4
184	192	4	12	4
710	192	10	12	5
836	192	16	12	5
276	192	16	12	5
87	192	7	12	3
522	192	2	12	5
115	192	15	12	5
892	192	12	12	5
592	192	12	12	5
655	192	15	12	3
123	192	3	12	5
76	192	16	12	5
468	192	8	12	4
666	192	6	12	4
6	192	6	12	4
846	192	6	12	5
573	192	13	12	4
387	192	7	12	5
474	192	14	12	4
293	192	13	12	5
542	192	2	12	5
686	192	6	12	5
766	192	6	12	4
566	192	6	12	5
788	192	8	12	4
305	192	5	12	2
916	192	16	12	4
912	192	12	12	4
533	192	13	12	3
758	192	18	12	4
737	192	17	12	5
91	192	11	12	4
625	192	5	12	2
543	192	3	12	4
537	192	17	12	4
747	192	7	12	5
492	212	12	12	3
215	212	15	12	2
763	212	3	12	4
645	212	5	12	4
452	212	12	12	2
406	212	6	12	2
82	212	2	12	4
607	212	7	12	3
13	212	13	12	5
321	212	1	12	3
565	212	5	12	5
625	212	5	12	3
342	212	2	12	5
299	212	19	12	4
524	212	4	12	5
498	212	18	12	3
311	212	11	12	3
535	212	15	12	4
339	212	19	12	4
916	212	16	12	5
585	212	5	12	5
449	212	9	12	5
194	212	14	12	1
144	212	4	12	5
878	212	18	12	3
622	212	2	12	3
419	212	19	12	1
537	212	17	12	3
777	212	17	12	5
932	212	12	12	4
59	212	19	12	4
233	212	13	12	5
110	212	10	12	1
474	212	14	12	4
650	212	10	12	3
213	212	13	12	4
85	212	5	12	2
184	212	4	12	4
18	212	18	12	5
269	212	9	12	4
846	212	6	12	5
234	212	14	12	2
543	212	3	12	4
889	212	9	12	2
805	212	5	12	3
92	212	12	12	4
922	212	2	12	2
896	212	16	12	2
829	212	9	12	4
363	212	3	12	1
804	212	4	12	3
1	212	1	12	4
658	212	18	12	3
758	212	18	12	4
405	212	5	12	1
7	212	7	12	1
338	212	18	12	4
840	212	0	12	4
561	212	1	12	3
659	212	19	12	4
72	212	12	12	5
707	212	7	12	4
567	212	7	12	2
286	212	6	12	1
201	212	1	12	4
90	212	10	12	4
381	212	1	12	5
894	212	14	12	5
89	212	9	12	3
437	212	17	12	3
417	212	17	12	1
773	212	13	12	2
639	212	19	12	4
504	212	4	12	4
60	212	0	12	5
886	212	6	12	2
145	212	5	12	2
224	212	4	12	1
934	212	14	12	4
122	212	2	12	5
183	212	3	12	4
883	212	3	12	5
305	212	5	12	3
655	212	15	12	3
291	212	11	12	4
884	212	4	12	4
361	212	1	12	5
249	212	9	12	4
64	212	4	12	3
766	212	6	12	5
516	212	16	12	4
664	212	4	12	4
244	232	4	12	4
332	232	12	12	5
405	232	5	12	4
387	232	7	12	2
690	232	10	12	4
276	232	16	12	3
373	232	13	12	3
561	232	1	12	3
897	232	17	12	5
85	232	5	12	3
429	232	9	12	4
670	232	10	12	3
711	232	11	12	3
336	232	16	12	3
268	232	8	12	3
62	232	2	12	3
94	232	14	12	3
487	232	7	12	4
749	232	9	12	4
301	232	1	12	4
399	232	19	12	2
476	232	16	12	3
363	232	3	12	2
328	232	8	12	3
650	232	10	12	3
246	232	6	12	3
201	232	1	12	2
99	232	19	12	4
56	232	16	12	4
727	232	7	12	3
551	232	11	12	5
757	232	17	12	3
313	232	13	12	3
457	232	17	12	4
197	232	17	12	4
521	232	1	12	3
933	232	13	12	1
59	232	19	12	3
450	232	10	12	4
194	232	14	12	2
456	232	16	12	2
320	232	0	12	4
291	232	11	12	4
600	232	0	12	3
7	232	7	12	3
407	232	7	12	3
417	232	17	12	3
495	232	15	12	5
326	232	6	12	2
256	232	16	12	3
774	232	14	12	2
889	232	9	12	3
627	232	7	12	3
846	232	6	12	3
746	232	6	12	3
269	232	9	12	1
87	232	7	12	3
508	232	8	12	3
712	232	12	12	3
95	232	15	12	4
295	232	15	12	3
497	232	17	12	3
222	232	2	12	4
303	232	3	12	4
682	232	2	12	3
864	232	4	12	4
178	232	18	12	5
790	232	10	12	4
158	232	18	12	3
653	232	13	12	2
709	232	9	12	5
311	232	11	12	3
293	232	13	12	2
586	232	6	12	3
110	232	10	12	3
472	232	12	12	4
327	232	7	12	4
13	232	13	12	3
167	232	7	12	1
868	232	8	12	1
280	232	0	12	3
781	232	1	12	3
346	232	6	12	3
466	232	6	12	4
416	232	16	12	5
826	232	6	12	3
394	232	14	12	4
545	232	5	12	3
478	232	18	12	2
896	232	16	12	3
286	232	6	12	4
796	232	16	12	3
943	232	3	12	4
64	232	4	12	2
880	232	0	12	4
1	232	1	12	3
425	232	5	12	3
773	232	13	12	3
715	232	15	12	4
886	232	6	12	3
916	232	16	12	3
101	252	1	12	3
108	252	8	12	3
30	252	10	12	3
459	252	19	12	4
642	252	2	12	5
592	252	12	12	3
487	252	7	12	1
164	252	4	12	4
320	252	0	12	2
275	252	15	12	2
887	252	7	12	4
922	252	2	12	2
374	252	14	12	3
268	252	8	12	3
684	252	4	12	4
393	252	13	12	3
548	252	8	12	3
332	252	12	12	5
184	252	4	12	2
554	252	14	12	4
87	252	7	12	3
682	252	2	12	3
793	252	13	12	4
26	252	6	12	3
660	252	0	12	2
213	252	13	12	3
921	252	1	12	4
269	252	9	12	1
416	252	16	12	4
894	252	14	12	3
738	252	18	12	4
555	252	15	12	5
825	252	5	12	5
633	252	13	12	3
557	252	17	12	3
303	252	3	12	3
103	252	3	12	2
417	252	17	12	3
550	252	10	12	1
246	252	6	12	1
649	252	9	12	4
293	252	13	12	2
880	252	0	12	2
931	252	11	12	3
287	252	7	12	1
758	252	18	12	3
705	252	5	12	1
867	252	7	12	2
298	252	18	12	4
804	252	4	12	4
727	252	7	12	2
20	252	0	12	4
901	252	1	12	3
496	252	16	12	2
543	252	3	12	3
619	252	19	12	3
249	252	9	12	2
141	252	1	12	4
630	252	10	12	2
852	252	12	12	3
62	252	2	12	3
569	252	9	12	3
549	252	9	12	3
580	252	0	12	5
757	252	17	12	3
454	252	14	12	2
782	252	2	12	3
479	252	19	12	2
192	252	12	12	1
474	252	14	12	4
77	252	17	12	1
223	252	3	12	1
622	252	2	12	1
936	252	16	12	2
455	252	15	12	3
533	252	13	12	4
343	252	3	12	4
54	252	14	12	3
83	252	3	12	4
15	252	15	12	2
119	252	19	12	3
450	252	10	12	3
497	252	17	12	3
262	252	2	12	3
158	252	18	12	3
862	252	2	12	3
525	252	5	12	3
764	252	4	12	3
120	252	0	12	3
567	252	7	12	1
38	252	18	12	5
807	252	7	12	4
472	252	12	12	4
301	252	1	12	3
294	252	14	12	4
238	252	18	12	3
347	252	7	12	2
532	252	12	12	4
493	252	13	12	4
843	252	3	12	3
699	252	19	12	4
435	252	15	12	2
500	252	0	12	2
57	252	17	12	2
481	252	1	12	4
395	252	15	12	3
222	252	2	12	2
552	252	12	12	2
117	252	17	12	3
648	252	8	12	4
669	252	9	12	2
168	252	8	12	1
378	252	18	12	4
605	252	5	12	4
382	252	2	12	2
889	252	9	12	3
668	252	8	12	2
939	252	19	12	3
938	252	18	12	4
109	252	9	12	5
130	252	10	12	5
1	252	1	12	2
447	252	7	12	3
659	252	19	12	4
674	252	14	12	2
425	252	5	12	2
43	252	3	12	4
457	252	17	12	4
231	252	11	12	4
654	252	14	12	2
484	252	4	12	3
715	252	15	12	1
749	252	9	12	3
768	252	8	12	3
292	252	12	12	3
697	252	17	12	1
438	252	18	12	4
815	252	15	12	2
513	252	13	12	5
806	252	6	12	1
290	252	10	12	3
330	252	10	12	4
486	252	6	12	3
851	252	11	12	3
276	252	16	12	3
394	252	14	12	3
507	252	7	12	5
910	252	10	12	2
840	252	0	12	4
714	252	14	12	3
655	252	15	12	2
92	252	12	12	4
903	252	3	12	3
251	252	11	12	3
779	252	19	12	3
916	252	16	12	2
44	252	4	12	2
116	252	16	12	2
489	272	9	12	5
143	272	3	12	4
163	272	3	12	4
112	272	12	12	5
13	272	13	12	4
276	272	16	12	5
392	272	12	12	5
197	272	17	12	4
2	272	2	12	5
174	272	14	12	5
845	272	5	12	3
480	272	0	12	4
926	272	6	12	5
228	272	8	12	5
179	272	19	12	5
526	272	6	12	5
564	272	4	12	3
537	272	17	12	4
152	272	12	12	5
161	272	1	12	5
616	272	16	12	5
365	272	5	12	4
704	272	4	12	5
444	272	4	12	5
404	272	4	12	4
129	272	9	12	4
149	272	9	12	3
328	272	8	12	5
260	272	0	12	3
159	272	19	12	5
898	272	18	12	4
206	272	6	12	5
634	272	14	12	5
384	272	4	12	5
354	272	14	12	3
667	272	7	12	5
724	272	4	12	5
659	272	19	12	4
574	272	14	12	4
866	272	6	12	2
393	272	13	12	4
146	272	6	12	5
344	272	4	12	5
353	272	13	12	5
100	272	0	12	4
247	272	7	12	4
842	272	2	12	4
345	272	5	12	5
589	272	9	12	5
822	272	2	12	3
229	272	9	12	3
784	272	4	12	4
454	272	14	12	5
60	272	0	12	4
487	272	7	12	5
408	272	8	12	4
872	272	12	12	4
284	272	4	12	5
215	272	15	12	3
428	272	8	12	5
514	272	14	12	4
863	272	3	12	5
701	272	1	12	5
239	272	19	12	5
102	272	2	12	3
782	272	2	12	5
40	272	0	12	2
90	272	10	12	5
288	272	8	12	5
650	272	10	12	4
269	272	9	12	3
772	272	12	12	5
305	272	5	12	3
85	272	5	12	4
543	272	3	12	3
752	272	12	12	4
661	272	1	12	4
931	272	11	12	5
453	272	13	12	5
758	272	18	12	4
593	272	13	12	5
660	272	0	12	4
416	272	16	12	5
613	272	13	12	5
201	272	1	12	3
936	272	16	12	4
266	272	6	12	4
626	272	6	12	5
911	272	11	12	4
377	272	17	12	5
58	272	18	12	5
263	272	3	12	5
232	272	12	12	4
809	272	9	12	5
682	272	2	12	5
720	272	0	12	4
293	272	13	12	4
871	272	11	12	2
548	272	8	12	2
110	272	10	12	4
184	272	4	12	4
841	272	1	12	4
653	272	13	12	4
656	272	16	12	3
380	272	0	12	4
39	272	19	12	2
851	272	11	12	5
445	272	5	12	3
410	272	10	12	4
683	272	3	12	4
273	272	13	12	4
646	272	6	12	4
592	272	12	12	5
673	272	13	12	5
840	272	0	12	4
329	272	9	12	5
578	272	18	12	2
116	272	16	12	3
903	272	3	12	4
221	272	1	12	5
693	272	13	12	4
907	272	7	12	5
610	272	10	12	4
587	272	7	12	5
636	272	16	12	5
894	272	14	12	4
655	272	15	12	3
860	272	0	12	3
588	272	8	12	5
713	272	13	12	4
831	272	11	12	5
104	272	4	12	4
423	272	3	12	5
105	272	5	12	4
796	272	16	12	4
425	272	5	12	4
126	272	6	12	3
675	272	15	12	3
870	272	10	12	4
130	272	10	12	5
753	272	13	12	4
450	272	10	12	5
751	272	11	12	4
630	272	10	12	5
176	272	16	12	5
663	272	3	12	5
880	272	0	12	5
286	272	6	12	5
54	272	14	12	5
856	272	16	12	5
297	272	17	12	5
383	272	3	12	3
356	272	16	12	5
775	272	15	12	4
111	272	11	12	3
920	272	0	12	3
133	272	13	12	5
668	272	8	12	5
6	272	6	12	4
711	272	11	12	5
240	272	0	12	5
624	272	4	12	5
462	272	2	12	5
532	272	12	12	5
73	272	13	12	4
940	272	0	12	4
3	272	3	12	2
378	272	18	12	4
827	272	7	12	4
768	272	8	12	5
334	272	14	12	4
171	272	11	12	5
631	272	11	12	4
191	272	11	12	4
676	272	16	12	4
1	272	1	12	3
835	272	15	12	4
919	272	19	12	5
440	272	0	12	5
611	272	11	12	5
325	272	5	12	3
190	272	10	12	5
942	272	2	12	5
43	272	3	12	5
119	272	19	12	5
729	272	9	12	4
414	272	14	12	5
834	272	14	12	4
401	272	1	12	3
296	272	16	12	5
322	272	2	12	4
766	272	6	12	4
551	272	11	12	5
258	272	18	12	5
479	272	19	12	4
271	272	11	12	3
74	272	14	12	5
499	272	19	12	5
378	292	18	12	3
462	292	2	12	5
113	292	13	12	3
532	292	12	12	4
920	292	0	12	3
489	292	9	12	4
356	292	16	12	3
754	292	14	12	3
351	292	11	12	4
836	292	16	12	5
173	292	13	12	5
427	292	7	12	2
853	292	13	12	4
354	292	14	12	4
873	292	13	12	5
628	292	8	12	5
423	292	3	12	4
811	292	11	12	3
47	292	7	12	4
587	292	7	12	3
894	292	14	12	4
655	292	15	12	2
26	292	6	12	3
629	292	9	12	4
598	292	18	12	4
642	292	2	12	2
529	292	9	12	4
749	292	9	12	4
787	292	7	12	3
673	292	13	12	4
537	292	17	12	2
592	292	12	12	1
296	292	16	12	5
372	292	12	12	5
466	292	6	12	4
548	292	8	12	4
21	292	1	12	3
116	292	16	12	4
800	292	0	12	5
341	292	1	12	5
2	292	2	12	4
747	292	7	12	4
234	292	14	12	4
511	292	11	12	5
594	292	14	12	3
204	292	4	12	5
121	292	1	12	4
488	292	8	12	3
824	292	4	12	3
626	292	6	12	1
758	292	18	12	4
834	292	14	12	5
515	292	15	12	3
557	292	17	12	4
879	292	19	12	4
504	292	4	12	5
783	292	3	12	4
374	292	14	12	4
262	292	2	12	4
15	292	15	12	5
812	292	12	12	3
551	292	11	12	3
34	292	14	12	5
681	292	1	12	4
782	292	2	12	4
448	292	8	12	4
863	292	3	12	2
455	292	15	12	3
701	292	1	12	4
839	292	19	12	3
437	292	17	12	5
804	292	4	12	2
324	292	4	12	3
784	292	4	12	4
510	292	10	12	4
368	292	8	12	4
721	292	1	12	3
634	292	14	12	3
490	292	10	12	3
241	292	1	12	4
446	292	6	12	5
100	292	0	12	2
13	292	13	12	5
201	292	1	12	3
858	292	18	12	3
533	292	13	12	4
177	292	17	12	3
861	292	1	12	4
235	292	15	12	3
799	292	19	12	4
424	292	4	12	4
451	292	11	12	3
909	292	9	12	4
564	292	4	12	4
155	292	15	12	3
323	292	3	12	4
320	292	0	12	3
147	292	7	12	5
464	292	4	12	5
926	292	6	12	3
544	292	4	12	4
743	292	3	12	3
181	292	1	12	1
674	292	14	12	4
919	292	19	12	3
170	292	10	12	5
616	292	16	12	4
450	292	10	12	5
316	292	16	12	4
171	292	11	12	4
651	292	11	12	2
486	292	6	12	4
33	292	13	12	4
141	292	1	12	1
808	312	8	12	3
362	312	2	12	5
271	312	11	12	2
43	312	3	12	4
696	312	16	12	4
587	312	7	12	2
894	312	14	12	3
454	312	14	12	3
2	312	2	12	3
392	312	12	12	4
655	312	15	12	2
860	312	0	12	4
34	312	14	12	4
345	312	5	12	3
592	312	12	12	2
334	312	14	12	2
598	312	18	12	5
772	312	12	12	4
531	312	11	12	5
107	312	7	12	4
460	312	0	12	4
440	312	0	12	5
489	312	9	12	2
827	312	7	12	2
547	312	7	12	4
782	312	2	12	4
29	312	9	12	4
526	312	6	12	2
499	312	19	12	4
145	312	5	12	3
544	312	4	12	2
318	312	18	12	4
448	312	8	12	1
564	312	4	12	3
99	312	19	12	2
410	312	10	12	2
286	312	6	12	4
701	312	1	12	3
428	312	8	12	4
574	312	14	12	4
239	312	19	12	2
656	312	16	12	1
408	312	8	12	3
229	312	9	12	3
907	312	7	12	5
869	312	9	12	2
883	312	3	12	3
711	312	11	12	5
919	312	19	12	2
898	312	18	12	2
90	312	10	12	4
112	312	12	12	5
717	312	17	12	5
356	312	16	12	3
537	312	17	12	3
174	312	14	12	5
532	312	12	12	2
401	312	1	12	3
775	312	15	12	3
149	312	9	12	1
856	312	16	12	2
758	312	18	12	3
363	312	3	12	3
931	312	11	12	4
624	312	4	12	4
936	312	16	12	3
727	312	7	12	3
13	312	13	12	1
917	312	17	12	2
784	312	4	12	3
695	312	15	12	3
450	312	10	12	4
675	312	15	12	2
11	312	11	12	4
351	312	11	12	5
818	312	18	12	2
49	312	9	12	3
683	312	3	12	3
416	312	16	12	3
104	312	4	12	3
451	332	11	12	4
29	332	9	12	4
206	332	6	12	3
109	332	9	12	3
663	332	3	12	4
119	332	19	12	4
255	332	15	12	2
400	332	0	12	2
28	332	8	12	2
174	332	14	12	5
126	332	6	12	2
464	332	4	12	4
574	332	14	12	3
99	332	19	12	3
404	332	4	12	4
724	332	4	12	4
372	332	12	12	4
721	332	1	12	4
140	332	0	12	3
353	332	13	12	5
525	332	5	12	4
328	332	8	12	3
540	332	0	12	4
446	332	6	12	3
784	332	4	12	4
351	332	11	12	5
505	332	5	12	4
324	332	4	12	3
863	332	3	12	4
872	332	12	12	3
626	332	6	12	3
284	332	4	12	3
428	332	8	12	4
450	332	10	12	4
782	332	2	12	4
812	332	12	12	4
46	332	6	12	4
772	332	12	12	4
762	332	2	12	1
752	332	12	12	4
515	332	15	12	3
637	332	17	12	4
732	332	12	12	5
345	332	5	12	1
758	332	18	12	4
431	332	11	12	3
224	332	4	12	3
181	332	1	12	2
654	332	14	12	4
319	332	19	12	4
615	332	15	12	2
110	332	10	12	3
678	332	18	12	4
646	332	6	12	3
740	332	0	12	3
397	332	17	12	2
655	332	15	12	3
682	332	2	12	4
116	332	16	12	3
851	332	11	12	1
589	332	9	12	4
201	332	1	12	2
416	332	16	12	4
587	332	7	12	4
592	332	12	12	3
910	332	10	12	2
860	332	0	12	2
826	332	6	12	3
197	332	17	12	2
608	332	8	12	4
791	332	11	12	5
486	332	6	12	3
628	332	8	12	5
104	332	4	12	2
816	332	16	12	4
11	332	11	12	5
193	332	13	12	3
751	332	11	12	3
173	332	13	12	4
399	332	19	12	3
532	332	12	12	4
894	332	14	12	3
735	332	15	12	3
688	332	8	12	5
920	332	0	12	3
870	332	10	12	2
462	332	2	12	5
827	332	7	12	3
130	332	10	12	4
3	332	3	12	1
768	332	8	12	4
651	332	11	12	3
382	332	2	12	3
631	332	11	12	3
362	332	2	12	5
547	332	7	12	3
191	332	11	12	2
919	332	19	12	4
875	332	15	12	3
102	332	2	12	3
808	332	8	12	4
853	332	13	12	3
459	332	19	12	3
13	332	13	12	3
34	332	14	12	5
262	332	2	12	3
907	332	7	12	5
925	332	5	12	4
258	332	18	12	5
276	332	16	12	4
314	332	14	12	5
323	332	3	12	3
759	332	19	12	4
489	332	9	12	5
551	332	11	12	4
629	332	9	12	4
509	332	9	12	2
531	332	11	12	4
112	332	12	12	4
529	332	9	12	4
203	332	3	12	5
294	332	14	12	3
178	332	18	12	3
223	332	3	12	4
332	332	12	12	4
186	332	6	12	4
730	332	10	12	3
393	332	13	12	4
241	332	1	12	3
544	332	4	12	3
281	332	1	12	4
155	332	15	12	2
801	332	1	12	5
413	332	13	12	3
519	332	19	12	3
427	332	7	12	5
426	332	6	12	4
526	332	6	12	2
165	332	5	12	4
619	332	19	12	4
683	332	3	12	3
35	332	15	12	4
220	332	0	12	3
805	352	5	12	5
39	352	19	12	5
537	352	17	12	1
871	352	11	12	3
507	352	7	12	1
682	352	2	12	1
3	352	3	12	2
646	352	6	12	1
708	352	8	12	1
758	352	18	12	4
365	352	5	12	1
702	352	2	12	1
145	352	5	12	4
532	352	12	12	3
519	352	19	12	5
676	352	16	12	1
782	352	2	12	1
609	352	9	12	1
863	352	3	12	1
610	352	10	12	1
193	352	13	12	1
428	352	8	12	4
851	352	11	12	1
787	352	7	12	2
724	352	4	12	1
410	352	10	12	3
87	372	7	12	3
457	372	17	12	4
919	372	19	12	3
85	372	5	12	4
151	372	11	12	5
399	372	19	12	3
24	372	4	12	4
125	372	5	12	1
363	372	3	12	4
286	372	6	12	4
751	372	11	12	3
405	372	5	12	1
11	372	11	12	4
655	372	15	12	3
379	372	19	12	4
539	372	19	12	2
184	372	4	12	3
883	372	3	12	3
406	372	6	12	4
497	372	17	12	4
468	372	8	12	2
5	372	5	12	3
56	372	16	12	3
455	372	15	12	4
504	372	4	12	4
279	372	19	12	4
344	372	4	12	4
450	372	10	12	4
49	372	9	12	4
165	372	5	12	5
180	372	0	12	5
312	372	12	12	3
847	372	7	12	5
94	372	14	12	4
130	392	10	12	4
311	392	11	12	5
222	392	2	12	4
271	392	11	12	3
896	392	16	12	3
94	392	14	12	3
642	392	2	12	4
921	392	1	12	4
65	392	5	12	5
846	392	6	12	2
716	392	16	12	2
308	392	8	12	4
881	392	1	12	5
200	392	0	12	5
280	392	0	12	5
95	392	15	12	3
167	392	7	12	1
188	392	8	12	5
337	392	17	12	5
504	392	4	12	5
128	392	8	12	3
484	392	4	12	4
435	392	15	12	3
495	392	15	12	5
436	392	16	12	4
416	392	16	12	5
660	392	0	12	2
224	392	4	12	4
618	392	18	12	3
347	392	7	12	2
478	392	18	12	2
880	392	0	12	3
64	392	4	12	3
815	392	15	12	4
378	392	18	12	3
12	392	12	12	4
210	392	10	12	3
276	392	16	12	3
719	392	19	12	4
521	392	1	12	3
537	392	17	12	2
514	392	14	12	4
38	392	18	12	5
487	392	7	12	4
18	392	18	12	3
346	392	6	12	3
933	392	13	12	3
472	392	12	12	4
405	392	5	12	5
5	392	5	12	2
566	392	6	12	4
417	392	17	12	3
712	392	12	12	5
593	392	13	12	3
450	392	10	12	4
56	392	16	12	4
763	392	3	12	4
393	392	13	12	4
727	392	7	12	4
109	392	9	12	3
119	392	19	12	4
373	392	13	12	4
843	392	3	12	2
59	392	19	12	2
747	392	7	12	3
429	392	9	12	3
454	392	14	12	2
629	392	9	12	4
184	412	4	12	2
716	412	16	12	2
500	412	0	12	1
919	412	19	12	2
903	412	3	12	2
283	412	3	12	5
851	412	11	12	2
349	412	9	12	1
887	412	7	12	5
81	412	1	12	1
104	412	4	12	3
416	412	16	12	2
881	412	1	12	1
642	412	2	12	2
774	412	14	12	3
130	412	10	12	4
269	412	9	12	3
160	412	0	12	3
523	412	3	12	3
152	412	12	12	2
805	412	5	12	3
487	412	7	12	1
399	412	19	12	2
82	412	2	12	1
357	412	17	12	2
804	412	4	12	2
880	412	0	12	3
869	412	9	12	5
437	412	17	12	3
715	412	15	12	2
174	412	14	12	1
378	412	18	12	2
533	412	13	12	1
348	412	8	12	2
234	412	14	12	2
882	412	2	12	1
67	412	7	12	1
552	412	12	12	2
478	412	18	12	4
44	412	4	12	1
145	412	5	12	4
78	412	18	12	4
532	412	12	12	2
429	412	9	12	4
181	412	1	12	2
758	412	18	12	5
94	412	14	12	2
301	412	1	12	4
342	412	2	12	3
790	412	10	12	4
435	412	15	12	3
393	412	13	12	3
525	412	5	12	2
92	412	12	12	2
682	412	2	12	1
927	412	7	12	1
222	412	2	12	1
457	412	17	12	2
518	412	18	12	1
279	412	19	12	3
293	412	13	12	1
868	412	8	12	5
722	412	2	12	2
83	412	3	12	1
295	412	15	12	2
345	412	5	12	3
497	412	17	12	1
93	412	13	12	2
63	412	3	12	3
125	412	5	12	3
374	412	14	12	4
708	412	8	12	1
563	412	3	12	2
101	412	1	12	2
943	412	3	12	2
85	412	5	12	3
193	412	13	12	3
216	412	16	12	2
291	412	11	12	3
159	412	19	12	3
795	412	15	12	3
630	412	10	12	1
648	412	8	12	1
389	412	9	12	3
119	412	19	12	4
893	412	13	12	3
5	412	5	12	3
453	412	13	12	2
865	412	5	12	1
314	412	14	12	3
303	412	3	12	3
246	412	6	12	1
692	412	12	12	4
913	432	13	12	3
254	432	14	12	2
843	432	3	12	2
215	432	15	12	5
6	432	6	12	4
151	432	11	12	5
23	432	3	12	4
487	432	7	12	3
822	432	2	12	3
148	432	8	12	5
497	432	17	12	3
325	432	5	12	5
757	432	17	12	3
536	432	16	12	4
868	432	8	12	2
321	432	1	12	5
313	432	13	12	5
524	432	4	12	1
435	432	15	12	3
865	432	5	12	1
514	432	14	12	4
932	432	12	12	4
7	432	7	12	4
95	432	15	12	3
25	432	5	12	2
764	432	4	12	5
38	432	18	12	1
82	432	2	12	4
373	432	13	12	5
881	432	1	12	3
826	432	6	12	3
862	432	2	12	5
694	432	14	12	4
328	432	8	12	1
618	432	18	12	5
848	432	8	12	2
94	432	14	12	4
496	432	16	12	4
268	432	8	12	3
844	432	4	12	5
275	432	15	12	4
542	432	2	12	5
588	432	8	12	4
123	432	3	12	5
554	432	14	12	4
562	432	2	12	5
312	432	12	12	5
632	432	12	12	3
246	432	6	12	3
807	432	7	12	5
286	432	6	12	3
405	432	5	12	3
44	432	4	12	5
643	432	3	12	5
429	432	9	12	4
13	432	13	12	4
42	432	2	12	3
471	432	11	12	1
804	432	4	12	3
263	432	3	12	2
911	432	11	12	3
213	432	13	12	4
805	432	5	12	5
878	432	18	12	3
788	432	8	12	1
85	432	5	12	4
710	432	10	12	5
43	432	3	12	3
776	432	16	12	1
751	432	11	12	4
387	432	7	12	4
230	432	10	12	4
650	432	10	12	4
239	432	19	12	5
200	432	0	12	5
622	432	2	12	5
92	432	12	12	3
495	432	15	12	5
234	432	14	12	4
59	432	19	12	4
407	432	7	12	4
830	432	10	12	3
503	432	3	12	5
665	432	5	12	4
269	432	9	12	4
704	432	4	12	5
506	432	6	12	4
416	432	16	12	2
885	432	5	12	4
747	432	7	12	5
887	432	7	12	5
727	432	7	12	2
165	432	5	12	5
641	432	1	12	5
233	432	13	12	3
381	432	1	12	5
308	432	8	12	4
276	432	16	12	5
882	432	2	12	5
18	432	18	12	4
712	432	12	12	4
102	432	2	12	3
934	432	14	12	5
472	432	12	12	5
543	432	3	12	4
798	432	18	12	4
297	432	17	12	4
279	432	19	12	3
49	432	9	12	5
128	432	8	12	2
716	432	16	12	5
160	432	0	12	3
81	432	1	12	2
222	432	2	12	3
642	432	2	12	2
406	432	6	12	5
299	432	19	12	3
456	432	16	12	4
290	432	10	12	5
399	432	19	12	3
648	432	8	12	5
194	432	14	12	4
56	432	16	12	5
864	432	4	12	2
767	432	7	12	5
561	432	1	12	5
795	432	15	12	3
693	432	13	12	4
846	432	6	12	3
892	432	12	12	4
70	432	10	12	3
5	432	5	12	4
815	432	15	12	5
833	432	13	12	4
679	432	19	12	4
283	432	3	12	5
606	432	6	12	5
415	432	15	12	4
452	432	12	12	2
796	432	16	12	2
330	432	10	12	4
303	432	3	12	3
378	432	18	12	4
919	432	19	12	4
293	432	13	12	5
236	432	16	12	5
523	432	3	12	5
922	432	2	12	5
437	432	17	12	3
541	432	1	12	4
398	432	18	12	3
426	432	6	12	3
621	432	1	12	4
10	432	10	12	4
756	432	16	12	4
620	432	0	12	4
763	432	3	12	5
468	432	8	12	5
201	432	1	12	3
666	432	6	12	3
311	432	11	12	4
592	432	12	12	1
262	432	2	12	3
660	432	0	12	4
347	432	7	12	4
711	432	11	12	4
354	432	14	12	3
773	432	13	12	4
483	432	3	12	3
298	432	18	12	4
840	432	0	12	5
766	432	6	12	3
450	432	10	12	4
97	432	17	12	4
83	452	3	12	3
774	452	14	12	1
504	452	4	12	2
399	452	19	12	3
833	452	13	12	1
868	452	8	12	2
371	452	11	12	2
617	452	17	12	1
532	452	12	12	5
326	452	6	12	3
846	452	6	12	3
416	452	16	12	3
367	452	7	12	4
802	452	2	12	4
130	452	10	12	4
332	452	12	12	4
313	452	13	12	3
805	452	5	12	3
843	452	3	12	2
201	452	1	12	1
541	452	1	12	3
92	452	12	12	2
21	452	1	12	4
405	452	5	12	5
109	452	9	12	2
276	452	16	12	3
456	452	16	12	2
5	452	5	12	1
417	452	17	12	2
135	452	15	12	2
933	452	13	12	1
671	452	11	12	4
586	452	6	12	3
495	452	15	12	2
503	452	3	12	1
422	452	2	12	3
650	452	10	12	2
145	452	5	12	3
620	452	0	12	3
303	452	3	12	2
497	452	17	12	2
896	452	16	12	3
442	452	2	12	3
648	452	8	12	3
372	452	12	12	4
320	452	0	12	3
256	452	16	12	4
255	452	15	12	3
457	452	17	12	3
890	452	10	12	2
38	452	18	12	5
642	452	2	12	1
758	452	18	12	3
453	452	13	12	2
379	452	19	12	3
13	452	13	12	3
270	452	10	12	4
280	452	0	12	2
268	452	8	12	1
709	452	9	12	3
425	452	5	12	2
7	452	7	12	5
308	452	8	12	2
222	452	2	12	1
577	452	17	12	3
406	452	6	12	2
217	472	17	12	3
280	472	0	12	2
75	472	15	12	4
292	472	12	12	3
164	472	4	12	5
865	472	5	12	1
717	472	17	12	4
268	472	8	12	1
95	472	15	12	5
638	472	18	12	3
320	472	0	12	3
416	472	16	12	4
564	472	4	12	4
621	472	1	12	3
393	472	13	12	3
892	472	12	12	3
525	472	5	12	2
825	472	5	12	5
121	472	1	12	3
158	472	18	12	3
62	472	2	12	2
101	472	1	12	3
549	472	9	12	3
495	472	15	12	5
805	472	5	12	2
344	472	4	12	3
709	472	9	12	4
271	472	11	12	2
222	472	2	12	2
279	472	19	12	3
395	472	15	12	3
294	472	14	12	3
178	472	18	12	4
907	472	7	12	5
852	472	12	12	3
497	472	17	12	3
714	472	14	12	2
276	472	16	12	3
13	472	13	12	5
457	472	17	12	4
896	472	16	12	2
513	472	13	12	4
251	472	11	12	3
545	472	5	12	5
790	472	10	12	2
265	472	5	12	3
277	472	17	12	1
137	472	17	12	4
897	472	17	12	5
256	472	16	12	4
452	472	12	12	5
479	472	19	12	1
938	472	18	12	4
650	472	10	12	3
671	472	11	12	5
854	472	14	12	1
429	472	9	12	3
484	472	4	12	4
290	472	10	12	4
630	472	10	12	3
711	472	11	12	1
749	472	9	12	4
648	472	8	12	3
582	472	2	12	4
6	472	6	12	1
751	472	11	12	2
807	472	7	12	4
332	472	12	12	3
274	472	14	12	3
622	472	2	12	3
275	472	15	12	3
454	472	14	12	3
57	472	17	12	1
472	472	12	12	5
837	472	17	12	3
894	472	14	12	3
923	472	3	12	4
459	472	19	12	5
357	472	17	12	3
588	472	8	12	4
37	472	17	12	2
254	472	14	12	3
435	472	15	12	2
94	472	14	12	3
798	472	18	12	3
286	472	6	12	3
23	472	3	12	2
560	472	0	12	2
145	472	5	12	3
255	472	15	12	1
642	472	2	12	5
363	472	3	12	1
851	472	11	12	3
346	472	6	12	4
815	472	15	12	1
548	472	8	12	2
921	472	1	12	2
450	472	10	12	4
70	472	10	12	3
864	472	4	12	4
500	472	0	12	3
887	472	7	12	4
45	472	5	12	3
665	472	5	12	3
307	472	7	12	3
682	472	2	12	3
795	472	15	12	3
141	472	1	12	5
59	472	19	12	3
130	472	10	12	4
417	472	17	12	2
757	472	17	12	3
804	472	4	12	3
249	472	9	12	3
595	472	15	12	3
683	472	3	12	3
532	472	12	12	5
396	472	16	12	5
536	472	16	12	3
82	472	2	12	3
577	472	17	12	4
7	472	7	12	2
348	472	8	12	4
764	472	4	12	3
403	472	3	12	4
862	472	2	12	5
606	472	6	12	4
660	472	0	12	2
99	472	19	12	3
881	472	1	12	4
537	472	17	12	2
347	472	7	12	5
168	472	8	12	3
308	472	8	12	2
727	472	7	12	2
653	472	13	12	1
614	472	14	12	3
119	472	19	12	4
463	472	3	12	3
886	472	6	12	3
916	472	16	12	3
67	472	7	12	4
592	472	12	12	1
601	472	1	12	1
524	472	4	12	3
359	472	19	12	4
109	472	9	12	2
373	472	13	12	3
716	472	16	12	3
200	472	0	12	4
693	472	13	12	3
406	472	6	12	3
234	472	14	12	2
181	472	1	12	1
374	472	14	12	2
15	472	15	12	3
517	472	17	12	2
87	472	7	12	4
397	492	17	12	4
537	492	17	12	3
85	492	5	12	4
6	492	6	12	5
535	492	15	12	4
522	492	2	12	4
151	492	11	12	3
452	492	12	12	4
840	492	0	12	5
325	492	5	12	4
392	492	12	12	4
119	492	19	12	5
184	492	4	12	4
716	492	16	12	3
653	492	13	12	4
454	492	14	12	3
450	492	10	12	5
693	492	13	12	3
426	492	6	12	5
694	492	14	12	4
745	492	5	12	5
643	492	3	12	4
659	492	19	12	3
854	492	14	12	4
788	492	8	12	3
292	492	12	12	4
13	492	13	12	5
553	492	13	12	3
189	492	9	12	3
7	492	7	12	5
60	492	0	12	5
239	492	19	12	3
747	492	7	12	4
666	492	6	12	4
488	492	8	12	2
59	492	19	12	4
846	492	6	12	3
385	492	5	12	2
532	492	12	12	4
18	492	18	12	4
406	492	6	12	4
573	492	13	12	4
707	492	7	12	2
269	492	9	12	4
492	492	12	12	4
474	492	14	12	4
293	492	13	12	5
14	492	14	12	4
934	492	14	12	4
308	492	8	12	3
225	492	5	12	4
234	492	14	12	3
561	492	1	12	4
567	492	7	12	4
704	492	4	12	5
524	492	4	12	3
527	492	7	12	3
233	492	13	12	5
389	492	9	12	5
214	512	14	12	5
878	512	18	12	5
90	512	10	12	4
18	512	18	12	5
639	512	19	12	2
659	512	19	12	3
916	512	16	12	5
848	512	8	12	5
537	512	17	12	3
828	512	8	12	5
854	512	14	12	3
151	512	11	12	5
58	512	18	12	3
405	512	5	12	1
894	512	14	12	5
6	512	6	12	4
875	512	15	12	5
358	512	18	12	5
329	512	9	12	4
568	512	8	12	1
855	512	15	12	4
566	512	6	12	4
305	512	5	12	4
23	512	3	12	5
561	512	1	12	4
883	512	3	12	5
269	512	9	12	5
829	512	9	12	4
833	512	13	12	4
645	512	5	12	5
381	512	1	12	4
189	512	9	12	4
498	512	18	12	5
286	512	6	12	2
308	512	8	12	5
592	512	12	12	5
62	512	2	12	4
886	512	6	12	1
437	512	17	12	4
334	512	14	12	4
840	512	0	12	5
889	512	9	12	5
184	512	4	12	4
655	512	15	12	3
167	512	7	12	5
565	512	5	12	3
698	512	18	12	4
235	512	15	12	5
239	512	19	12	5
312	512	12	12	3
380	512	0	12	3
385	512	5	12	5
440	512	0	12	3
85	512	5	12	3
354	512	14	12	3
299	512	19	12	4
758	512	18	12	5
416	532	16	12	3
548	532	8	12	4
387	532	7	12	3
782	532	2	12	2
532	532	12	12	3
116	532	16	12	2
736	532	16	12	4
500	532	0	12	4
130	532	10	12	5
95	532	15	12	4
486	532	6	12	4
719	532	19	12	3
6	532	6	12	3
496	532	16	12	5
460	532	0	12	3
839	532	19	12	3
557	532	17	12	5
699	532	19	12	3
279	532	19	12	1
622	532	2	12	3
236	532	16	12	2
189	532	9	12	4
642	552	2	12	4
500	552	0	12	1
200	552	0	12	4
145	552	5	12	5
109	552	9	12	2
291	552	11	12	3
215	552	15	12	3
234	552	14	12	2
7	552	7	12	4
130	552	10	12	5
804	552	4	12	4
374	552	14	12	4
795	552	15	12	2
846	552	6	12	4
405	552	5	12	1
453	552	13	12	2
301	552	1	12	3
833	552	13	12	3
682	552	2	12	3
399	552	19	12	1
332	552	12	12	3
286	552	6	12	3
363	552	3	12	4
588	552	8	12	1
472	552	12	12	5
394	552	14	12	3
927	552	7	12	4
497	552	17	12	3
622	552	2	12	2
417	552	17	12	2
276	552	16	12	3
650	552	10	12	4
92	552	12	12	3
551	552	11	12	3
303	552	3	12	2
790	552	10	12	2
222	552	2	12	2
256	552	16	12	3
267	552	7	12	3
805	552	5	12	3
268	552	8	12	2
95	552	15	12	1
393	552	13	12	2
320	552	0	12	4
727	552	7	12	2
643	572	3	12	3
13	572	13	12	2
487	572	7	12	1
291	572	11	12	3
276	572	16	12	3
145	572	5	12	5
7	572	7	12	3
109	572	9	12	3
328	572	8	12	3
246	572	6	12	3
378	572	18	12	3
551	572	11	12	1
363	572	3	12	2
442	572	2	12	3
682	572	2	12	4
320	572	0	12	3
130	572	10	12	3
435	572	15	12	2
693	572	13	12	2
655	572	15	12	2
94	572	14	12	3
293	572	13	12	2
788	572	8	12	3
346	572	6	12	5
374	572	14	12	2
393	572	13	12	4
790	572	10	12	3
653	572	13	12	2
896	572	16	12	2
7	592	7	12	5
60	592	0	12	4
405	592	5	12	1
291	592	11	12	3
416	592	16	12	3
436	592	16	12	3
311	592	11	12	5
145	592	5	12	3
532	592	12	12	3
18	612	18	12	4
389	612	9	12	4
13	612	13	12	4
807	612	7	12	5
932	612	12	12	5
102	612	2	12	4
450	612	10	12	4
650	612	10	12	4
454	612	14	12	3
234	612	14	12	3
892	612	12	12	5
91	612	11	12	4
25	612	5	12	4
326	612	6	12	2
830	612	10	12	4
251	612	11	12	5
59	612	19	12	3
468	612	8	12	4
524	612	4	12	3
7	612	7	12	5
567	612	7	12	4
488	612	8	12	4
846	612	6	12	5
504	612	4	12	4
254	612	14	12	3
239	612	19	12	5
406	612	6	12	5
483	612	3	12	3
312	612	12	12	5
655	612	15	12	3
835	612	15	12	4
568	612	8	12	3
172	612	12	12	3
535	612	15	12	4
312	632	12	12	3
243	632	3	12	5
152	632	12	12	4
392	632	12	12	5
479	632	19	12	5
401	632	1	12	4
236	632	16	12	3
296	632	16	12	5
835	632	15	12	5
378	632	18	12	5
458	632	18	12	4
144	632	4	12	4
693	632	13	12	5
840	632	0	12	3
339	632	19	12	4
655	632	15	12	3
184	632	4	12	5
615	632	15	12	5
224	632	4	12	2
234	632	14	12	2
90	632	10	12	5
613	632	13	12	3
535	632	15	12	4
573	632	13	12	4
406	632	6	12	4
450	632	10	12	5
721	632	1	12	4
395	632	15	12	5
85	632	5	12	3
932	632	12	12	4
504	632	4	12	3
707	632	7	12	4
239	632	19	12	5
188	632	8	12	5
288	632	8	12	4
308	632	8	12	3
704	632	4	12	3
373	632	13	12	3
7	632	7	12	5
716	632	16	12	4
313	632	13	12	4
189	632	9	12	5
843	632	3	12	2
293	632	13	12	3
804	632	4	12	3
269	632	9	12	4
457	632	17	12	5
890	632	10	12	5
924	632	4	12	4
409	632	9	12	3
151	632	11	12	4
666	632	6	12	4
854	632	14	12	4
454	632	14	12	3
896	632	16	12	2
694	632	14	12	4
13	632	13	12	3
629	632	9	12	3
497	652	17	12	5
493	652	13	12	5
246	652	6	12	5
932	652	12	12	3
916	652	16	12	4
435	652	15	12	4
391	652	11	12	4
158	652	18	12	4
13	652	13	12	5
867	652	7	12	5
198	652	18	12	3
828	652	8	12	5
514	652	14	12	4
847	652	7	12	5
854	652	14	12	3
429	652	9	12	4
933	652	13	12	3
151	652	11	12	5
334	652	14	12	5
296	652	16	12	4
527	652	7	12	4
758	652	18	12	5
711	652	11	12	4
102	652	2	12	2
298	652	18	12	3
297	652	17	12	3
11	652	11	12	4
62	652	2	12	4
751	652	11	12	4
771	652	11	12	4
588	652	8	12	2
437	652	17	12	4
875	652	15	12	5
94	652	14	12	4
244	652	4	12	5
661	652	1	12	2
214	652	14	12	4
363	652	3	12	4
216	652	16	12	4
23	652	3	12	4
561	652	1	12	5
777	652	17	12	5
286	652	6	12	4
90	652	10	12	4
381	652	1	12	5
58	652	18	12	5
773	652	13	12	3
64	652	4	12	2
7	652	7	12	3
537	652	17	12	3
189	652	9	12	5
498	652	18	12	5
361	652	1	12	4
592	652	12	12	4
625	652	5	12	4
200	652	0	12	2
889	652	9	12	5
487	652	7	12	5
559	652	19	12	4
397	652	17	12	3
276	652	16	12	4
405	652	5	12	1
268	652	8	12	4
606	652	6	12	3
474	652	14	12	4
416	652	16	12	4
49	652	9	12	5
10	652	10	12	3
393	652	13	12	3
585	652	5	12	4
327	652	7	12	4
565	652	5	12	5
406	652	6	12	2
239	652	19	12	5
145	652	5	12	5
299	652	19	12	3
128	652	8	12	3
660	652	0	12	4
235	652	15	12	4
523	652	3	12	2
453	652	13	12	3
226	652	6	12	3
712	652	12	12	3
354	652	14	12	4
385	652	5	12	5
663	652	3	12	4
380	652	0	12	3
496	652	16	12	5
279	652	19	12	4
287	652	7	12	4
405	672	5	12	1
456	672	16	12	1
246	672	6	12	4
102	672	2	12	1
28	672	8	12	3
255	672	15	12	2
617	672	17	12	3
406	672	6	12	2
268	672	8	12	2
604	672	4	12	1
327	672	7	12	2
393	672	13	12	3
546	672	6	12	3
655	672	15	12	2
109	672	9	12	2
130	672	10	12	5
118	672	18	12	4
843	672	3	12	3
368	672	8	12	2
747	672	7	12	4
388	672	8	12	4
802	672	2	12	3
7	672	7	12	1
367	672	7	12	4
59	672	19	12	5
776	672	16	12	3
425	672	5	12	2
682	672	2	12	2
864	672	4	12	2
472	672	12	12	4
796	672	16	12	3
366	672	6	12	5
201	672	1	12	2
586	672	6	12	2
846	672	6	12	4
394	672	14	12	3
387	672	7	12	2
943	672	3	12	5
442	672	2	12	3
270	672	10	12	5
691	672	11	12	1
145	672	5	12	3
422	672	2	12	3
38	672	18	12	3
421	672	1	12	3
429	672	9	12	2
709	672	9	12	2
276	672	16	12	3
896	672	16	12	2
21	672	1	12	3
814	672	14	12	3
92	672	12	12	3
551	672	11	12	1
13	672	13	12	1
925	672	5	12	3
222	672	2	12	1
766	672	6	12	3
291	672	11	12	3
774	672	14	12	1
437	672	17	12	1
487	672	7	12	4
372	672	12	12	5
314	672	14	12	5
264	672	4	12	3
435	672	15	12	1
554	692	14	12	4
429	692	9	12	3
234	692	14	12	3
43	692	3	12	5
487	692	7	12	5
450	692	10	12	4
870	692	10	12	2
543	692	3	12	4
236	692	16	12	4
42	692	2	12	4
308	692	8	12	3
83	692	3	12	4
484	692	4	12	5
198	692	18	12	2
653	692	13	12	2
921	692	1	12	4
457	692	17	12	4
860	692	0	12	5
563	692	3	12	5
506	692	6	12	4
648	692	8	12	4
798	692	18	12	4
864	692	4	12	2
786	692	6	12	4
593	692	13	12	3
417	692	17	12	4
474	692	14	12	4
361	692	1	12	4
210	692	10	12	4
188	692	8	12	5
184	692	4	12	4
130	692	10	12	5
347	692	7	12	4
125	692	5	12	3
886	692	6	12	3
545	692	5	12	3
311	692	11	12	4
58	692	18	12	2
128	692	8	12	4
684	692	4	12	4
830	692	10	12	4
764	692	4	12	4
715	692	15	12	3
875	692	15	12	2
387	692	7	12	1
606	692	6	12	5
312	692	12	12	4
207	692	7	12	3
623	692	3	12	3
823	692	3	12	4
106	692	6	12	3
579	692	19	12	4
455	692	15	12	3
328	692	8	12	4
201	692	1	12	3
655	692	15	12	3
11	692	11	12	4
878	692	18	12	4
561	692	1	12	1
707	692	7	12	4
22	692	2	12	4
882	692	2	12	4
788	692	8	12	3
505	692	5	12	3
535	692	15	12	4
716	692	16	12	5
625	692	5	12	3
712	692	12	12	5
406	692	6	12	3
342	692	2	12	1
301	692	1	12	3
320	692	0	12	4
533	692	13	12	4
330	692	10	12	5
639	692	19	12	3
416	692	16	12	5
774	692	14	12	1
10	692	10	12	4
152	692	12	12	5
18	692	18	12	3
90	692	10	12	4
692	692	12	12	3
110	692	10	12	4
49	692	9	12	1
532	692	12	12	5
405	692	5	12	5
682	692	2	12	3
551	692	11	12	4
222	692	2	12	4
887	692	7	12	5
16	692	16	12	4
499	692	19	12	4
374	692	14	12	5
56	692	16	12	4
940	692	0	12	4
297	692	17	12	3
13	692	13	12	4
488	692	8	12	4
777	692	17	12	5
235	692	15	12	4
588	692	8	12	4
59	692	19	12	3
621	692	1	12	4
151	692	11	12	3
503	692	3	12	3
25	692	5	12	4
711	692	11	12	3
748	692	8	12	3
914	692	14	12	3
51	692	11	12	3
763	692	3	12	2
318	692	18	12	4
846	692	6	12	3
378	692	18	12	4
194	692	14	12	2
650	692	10	12	3
19	692	19	12	3
94	692	14	12	4
896	692	16	12	4
95	692	15	12	4
44	692	4	12	3
290	692	10	12	5
280	692	0	12	3
666	692	6	12	3
276	692	16	12	4
437	692	17	12	4
796	692	16	12	5
271	692	11	12	4
877	692	17	12	4
497	692	17	12	3
352	692	12	12	3
804	692	4	12	5
468	692	8	12	4
694	692	14	12	4
85	692	5	12	3
256	692	16	12	5
354	692	14	12	2
303	692	3	12	4
481	692	1	12	4
145	692	5	12	2
398	692	18	12	4
691	692	11	12	5
479	692	19	12	3
727	692	7	12	4
741	692	1	12	1
454	692	14	12	5
618	692	18	12	4
476	692	16	12	3
196	692	16	12	5
664	692	4	12	3
393	692	13	12	3
314	692	14	12	5
215	692	15	12	3
883	692	3	12	3
299	692	19	12	4
200	692	0	12	3
892	692	12	12	4
538	692	18	12	3
213	692	13	12	4
92	692	12	12	4
880	692	0	12	3
530	692	10	12	4
336	692	16	12	3
87	692	7	12	5
92	712	12	12	3
293	712	13	12	2
815	712	15	12	3
207	712	7	12	4
524	712	4	12	4
407	712	7	12	2
934	712	14	12	4
538	712	18	12	3
450	712	10	12	3
308	712	8	12	4
222	712	2	12	3
62	712	2	12	4
234	712	14	12	2
591	712	11	12	3
655	712	15	12	3
690	712	10	12	4
318	712	18	12	4
398	712	18	12	2
659	712	19	12	3
405	712	5	12	1
653	712	13	12	3
860	712	0	12	3
416	712	16	12	4
10	712	10	12	4
279	712	19	12	5
22	712	2	12	4
334	712	14	12	3
643	712	3	12	3
380	712	0	12	2
194	712	14	12	3
343	712	3	12	4
13	712	13	12	4
218	712	18	12	3
707	712	7	12	3
406	712	6	12	3
788	712	8	12	3
346	712	6	12	3
506	712	6	12	3
476	712	16	12	3
95	712	15	12	2
749	712	9	12	3
778	712	18	12	3
389	712	9	12	3
774	712	14	12	1
106	712	6	12	3
379	712	19	12	3
881	712	1	12	3
766	712	6	12	3
244	712	4	12	3
883	712	3	12	3
85	712	5	12	3
643	732	3	12	3
721	732	1	12	4
919	732	19	12	3
514	732	14	12	5
43	732	3	12	4
798	732	18	12	2
796	732	16	12	5
244	732	4	12	1
407	732	7	12	4
389	732	9	12	4
11	732	11	12	3
579	732	19	12	4
453	732	13	12	3
299	732	19	12	4
523	732	3	12	4
712	732	12	12	5
615	732	15	12	4
49	732	9	12	3
707	732	7	12	4
627	732	7	12	3
187	732	7	12	3
380	732	0	12	4
290	732	10	12	4
90	732	10	12	5
503	732	3	12	3
188	732	8	12	3
320	732	0	12	3
495	732	15	12	4
774	732	14	12	1
653	732	13	12	2
640	732	0	12	4
868	732	8	12	3
551	732	11	12	4
406	732	6	12	4
354	732	14	12	2
543	732	3	12	3
145	732	5	12	4
327	732	7	12	1
908	732	8	12	3
311	732	11	12	4
763	732	3	12	3
110	732	10	12	3
655	732	15	12	3
916	732	16	12	3
593	732	13	12	3
454	732	14	12	4
840	732	0	12	3
42	732	2	12	5
243	732	3	12	4
89	732	9	12	5
291	732	11	12	4
268	732	8	12	3
545	732	5	12	4
256	732	16	12	5
848	732	8	12	5
346	732	6	12	3
271	732	11	12	4
411	732	11	12	4
591	732	11	12	3
554	732	14	12	4
286	732	6	12	5
13	732	13	12	5
102	732	2	12	3
393	732	13	12	4
87	732	7	12	4
847	732	7	12	4
194	732	14	12	3
109	732	9	12	3
664	732	4	12	3
85	732	5	12	3
373	732	13	12	3
860	732	0	12	4
283	732	3	12	4
838	732	18	12	4
234	732	14	12	2
416	732	16	12	5
429	732	9	12	4
889	732	9	12	2
221	732	1	12	4
308	732	8	12	4
180	732	0	12	3
684	732	4	12	4
16	732	16	12	5
379	732	19	12	5
886	732	6	12	3
477	732	17	12	4
625	732	5	12	3
823	732	3	12	5
716	732	16	12	5
83	732	3	12	4
342	732	2	12	3
896	732	16	12	4
830	732	10	12	5
650	732	10	12	3
92	732	12	12	3
521	732	1	12	3
435	732	15	12	4
479	732	19	12	4
437	732	17	12	4
878	732	18	12	4
757	732	17	12	3
189	732	9	12	2
276	732	16	12	4
881	732	1	12	5
374	732	14	12	4
222	732	2	12	4
345	732	5	12	4
715	732	15	12	3
758	732	18	12	4
59	732	19	12	3
764	732	4	12	3
786	732	6	12	4
773	732	13	12	3
880	732	0	12	4
846	732	6	12	4
151	732	11	12	4
933	732	13	12	3
577	732	17	12	4
747	732	7	12	3
804	732	4	12	4
537	732	17	12	3
541	732	1	12	3
128	732	8	12	4
64	732	4	12	4
883	732	3	12	3
405	732	5	12	5
487	732	7	12	5
738	732	18	12	3
279	732	19	12	3
399	732	19	12	2
387	732	7	12	1
267	732	7	12	4
326	732	6	12	5
748	732	8	12	4
450	732	10	12	3
398	732	18	12	4
210	732	10	12	4
901	732	1	12	5
336	732	16	12	3
488	732	8	12	4
815	732	15	12	5
457	732	17	12	4
711	732	11	12	4
542	732	2	12	3
506	732	6	12	4
293	732	13	12	3
899	732	19	12	3
682	732	2	12	3
741	732	1	12	4
125	732	5	12	4
56	732	16	12	4
561	732	1	12	3
18	732	18	12	3
378	732	18	12	4
892	732	12	12	4
301	732	1	12	4
318	732	18	12	5
749	732	9	12	4
484	732	4	12	5
864	732	4	12	4
476	732	16	12	3
263	732	3	12	5
877	732	17	12	4
94	732	14	12	3
22	732	2	12	4
253	732	13	12	4
315	732	15	12	3
870	732	10	12	2
642	732	2	12	4
934	732	14	12	5
385	732	5	12	3
914	732	14	12	2
943	732	3	12	4
629	732	9	12	5
330	732	10	12	5
904	732	4	12	3
58	732	18	12	3
588	732	8	12	4
417	732	17	12	4
630	732	10	12	4
369	752	9	12	4
713	752	13	12	2
896	752	16	12	1
126	752	6	12	3
915	752	15	12	3
191	752	11	12	3
435	752	15	12	3
842	752	2	12	4
489	752	9	12	5
278	752	18	12	5
894	752	14	12	3
214	752	14	12	2
13	752	13	12	1
801	752	1	12	4
11	752	11	12	4
611	752	11	12	5
668	752	8	12	4
758	752	18	12	3
145	752	5	12	4
752	752	12	12	3
772	752	12	12	3
479	752	19	12	3
328	752	8	12	2
100	752	0	12	4
682	752	2	12	4
105	752	5	12	3
871	752	11	12	3
883	752	3	12	4
299	752	19	12	3
297	752	17	12	4
363	752	3	12	5
592	752	12	12	4
828	752	8	12	1
485	752	5	12	3
130	752	10	12	5
445	752	5	12	1
782	752	2	12	4
294	752	14	12	3
863	752	3	12	4
487	772	7	12	3
117	772	17	12	4
429	772	9	12	3
76	772	16	12	3
339	772	19	12	4
566	772	6	12	4
222	772	2	12	2
561	772	1	12	4
272	772	12	12	2
314	772	14	12	1
291	772	11	12	4
399	772	19	12	4
323	772	3	12	3
542	772	2	12	4
259	772	19	12	4
244	772	4	12	4
875	772	15	12	5
172	772	12	12	1
506	772	6	12	1
655	772	15	12	3
492	772	12	12	1
645	772	5	12	3
568	772	8	12	1
276	772	16	12	4
301	772	1	12	3
342	772	2	12	1
851	772	11	12	3
405	772	5	12	1
345	772	5	12	4
327	772	7	12	3
406	772	6	12	4
805	772	5	12	3
13	772	13	12	1
468	772	8	12	4
498	772	18	12	1
391	772	11	12	2
886	772	6	12	1
456	772	16	12	4
387	772	7	12	4
846	772	6	12	4
130	772	10	12	4
682	772	2	12	4
870	772	10	12	4
115	772	15	12	4
691	772	11	12	5
658	772	18	12	3
537	772	17	12	3
201	772	1	12	5
156	772	16	12	3
417	792	17	12	4
506	792	6	12	2
537	792	17	12	3
790	792	10	12	2
234	792	14	12	4
286	792	6	12	3
655	792	15	12	3
121	792	1	12	3
271	792	11	12	4
535	792	15	12	4
883	792	3	12	4
338	792	18	12	4
474	792	14	12	4
888	792	8	12	5
264	792	4	12	5
659	792	19	12	4
514	792	14	12	4
476	792	16	12	4
846	792	6	12	4
235	792	15	12	4
187	792	7	12	5
194	792	14	12	4
14	792	14	12	5
747	792	7	12	5
354	792	14	12	4
940	792	0	12	2
497	792	17	12	3
639	792	19	12	2
85	792	5	12	4
327	792	7	12	4
918	792	18	12	3
18	792	18	12	5
389	792	9	12	4
452	792	12	12	5
102	792	2	12	3
178	792	18	12	5
72	792	12	12	3
59	792	19	12	4
303	792	3	12	5
405	792	5	12	5
299	792	19	12	4
210	792	10	12	3
43	792	3	12	1
207	792	7	12	2
435	792	15	12	4
393	792	13	12	1
269	792	9	12	4
184	792	4	12	4
318	792	18	12	2
188	792	8	12	2
378	792	18	12	4
543	792	3	12	4
22	792	2	12	4
533	792	13	12	3
524	792	4	12	4
122	792	2	12	3
94	792	14	12	4
870	792	10	12	3
13	792	13	12	5
416	792	16	12	4
615	792	15	12	4
201	792	1	12	4
707	792	7	12	4
279	792	19	12	3
450	792	10	12	4
916	792	16	12	3
363	792	3	12	4
189	792	9	12	5
716	792	16	12	4
315	792	15	12	5
523	792	3	12	4
457	792	17	12	4
934	792	14	12	3
773	792	13	12	4
308	792	8	12	3
305	792	5	12	4
458	792	18	12	4
342	792	2	12	3
591	792	11	12	4
343	792	3	12	5
664	792	4	12	4
823	792	3	12	3
151	792	11	12	4
666	792	6	12	4
627	792	7	12	4
334	792	14	12	4
295	812	15	12	4
393	812	13	12	3
416	812	16	12	4
881	812	1	12	2
749	812	9	12	3
222	812	2	12	2
642	812	2	12	4
16	812	16	12	2
13	812	13	12	2
314	812	14	12	4
712	812	12	12	4
848	812	8	12	2
405	812	5	12	1
437	812	17	12	3
541	812	1	12	3
228	812	8	12	5
450	812	10	12	4
200	812	0	12	4
459	832	19	12	3
374	832	14	12	1
210	832	10	12	3
83	832	3	12	3
919	832	19	12	3
279	832	19	12	3
887	832	7	12	2
234	832	14	12	2
588	832	8	12	1
825	832	5	12	3
13	832	13	12	4
160	832	0	12	1
798	832	18	12	4
290	832	10	12	3
159	832	19	12	3
630	832	10	12	2
207	832	7	12	3
642	832	2	12	3
450	832	10	12	2
181	832	1	12	1
726	832	6	12	5
310	832	10	12	1
13	852	13	12	1
511	872	11	12	5
255	872	15	12	4
355	872	15	12	4
116	872	16	12	3
155	872	15	12	3
720	872	0	12	3
300	872	0	12	5
159	872	19	12	1
341	872	1	12	4
783	872	3	12	4
663	872	3	12	3
724	872	4	12	1
374	872	14	12	5
140	872	0	12	3
655	872	15	12	3
234	872	14	12	2
86	872	6	12	3
863	872	3	12	2
782	872	2	12	2
141	872	1	12	1
755	872	15	12	1
599	872	19	12	2
270	872	10	12	5
685	872	5	12	2
557	872	17	12	5
303	872	3	12	3
181	872	1	12	1
324	872	4	12	5
896	872	16	12	3
721	872	1	12	3
33	872	13	12	3
486	872	6	12	5
808	872	8	12	5
451	872	11	12	2
372	872	12	12	4
294	872	14	12	4
214	872	14	12	2
13	872	13	12	3
21	872	1	12	2
489	872	9	12	2
392	872	12	12	4
277	872	17	12	3
428	892	8	12	4
401	892	1	12	1
546	892	6	12	4
592	892	12	12	1
100	892	0	12	2
263	892	3	12	3
313	892	13	12	4
857	892	17	12	3
811	892	11	12	4
851	892	11	12	2
489	892	9	12	3
771	892	11	12	5
395	892	15	12	3
318	892	18	12	3
102	892	2	12	2
199	892	19	12	1
919	892	19	12	3
43	892	3	12	3
320	892	0	12	3
557	892	17	12	3
404	892	4	12	2
646	892	6	12	2
864	892	4	12	3
261	892	1	12	5
393	892	13	12	3
134	892	14	12	2
507	892	7	12	5
921	892	1	12	3
502	892	2	12	2
145	892	5	12	2
531	892	11	12	3
841	892	1	12	3
95	892	15	12	3
550	892	10	12	2
130	892	10	12	3
813	892	13	12	1
676	892	16	12	4
872	892	12	12	3
463	892	3	12	2
942	892	2	12	3
356	892	16	12	1
587	892	7	12	3
30	892	10	12	4
506	892	6	12	1
758	892	18	12	2
137	892	17	12	3
200	892	0	12	4
83	892	3	12	2
329	892	9	12	2
509	892	9	12	1
254	892	14	12	3
589	892	9	12	4
13	892	13	12	3
655	912	15	12	3
444	912	4	12	4
328	912	8	12	3
851	912	11	12	4
13	912	13	12	2
425	912	5	12	2
818	912	18	12	3
676	912	16	12	3
551	912	11	12	3
804	932	4	12	3
83	932	3	12	4
159	932	19	12	3
552	932	12	12	3
872	932	12	12	4
634	932	14	12	3
357	932	17	12	4
393	932	13	12	3
346	932	6	12	2
642	932	2	12	5
630	932	10	12	2
851	932	11	12	3
749	932	9	12	3
459	932	19	12	4
882	932	2	12	4
314	932	14	12	4
796	932	16	12	4
22	932	2	12	1
682	932	2	12	1
246	932	6	12	1
577	932	17	12	3
279	932	19	12	3
705	932	5	12	5
901	932	1	12	4
471	932	11	12	5
798	932	18	12	4
57	932	17	12	3
921	932	1	12	3
256	932	16	12	3
374	932	14	12	1
15	932	15	12	1
887	932	7	12	2
378	932	18	12	2
582	932	2	12	2
141	932	1	12	3
130	932	10	12	3
181	932	1	12	1
94	932	14	12	2
825	932	5	12	3
487	932	7	12	3
303	952	3	12	3
387	952	7	12	5
63	952	3	12	3
806	952	6	12	2
883	952	3	12	3
542	952	2	12	4
45	952	5	12	4
561	952	1	12	3
747	952	7	12	2
151	952	11	12	3
468	952	8	12	3
456	952	16	12	4
62	952	2	12	3
458	952	18	12	2
176	952	16	12	2
214	952	14	12	3
490	952	10	12	2
189	952	9	12	5
160	952	0	12	4
870	952	10	12	3
936	952	16	12	4
470	952	10	12	3
327	952	7	12	2
342	952	2	12	3
181	952	1	12	1
463	952	3	12	1
592	952	12	12	4
18	952	18	12	2
640	952	0	12	4
624	952	4	12	3
75	952	15	12	5
89	952	9	12	2
447	952	7	12	4
896	952	16	12	4
374	952	14	12	2
287	952	7	12	4
889	952	9	12	3
115	952	15	12	5
658	952	18	12	2
501	952	1	12	4
286	952	6	12	2
707	952	7	12	3
595	952	15	12	5
279	952	19	12	3
805	952	5	12	5
429	972	9	12	4
763	972	3	12	3
655	972	15	12	3
407	972	7	12	3
804	972	4	12	3
504	972	4	12	3
59	972	19	12	4
405	972	5	12	1
201	972	1	12	3
345	972	5	12	4
378	972	18	12	4
416	972	16	12	4
90	972	10	12	4
72	972	12	12	4
454	972	14	12	2
661	972	1	12	3
934	972	14	12	3
18	972	18	12	3
387	972	7	12	2
222	972	2	12	2
918	972	18	12	5
864	972	4	12	2
506	972	6	12	3
151	972	11	12	4
537	972	17	12	3
766	972	6	12	3
344	972	4	12	4
184	972	4	12	3
279	992	19	12	4
21	992	1	12	2
880	992	0	12	4
782	992	2	12	2
347	1012	7	12	4
392	1012	12	12	4
342	1012	2	12	4
758	1012	18	12	4
467	1012	7	12	3
323	1012	3	12	4
178	1012	18	12	4
249	1012	9	12	3
463	1012	3	12	2
432	1012	12	12	5
833	1012	13	12	4
730	1012	10	12	5
468	1012	8	12	4
761	1012	1	12	1
160	1012	0	12	5
336	1012	16	12	5
303	1012	3	12	4
573	1012	13	12	2
26	1012	6	12	4
144	1012	4	12	4
416	1012	16	12	4
457	1012	17	12	4
500	1012	0	12	4
883	1012	3	12	5
327	1012	7	12	2
109	1012	9	12	4
363	1012	3	12	4
593	1012	13	12	3
94	1012	14	12	4
742	1012	2	12	4
525	1012	5	12	3
429	1012	9	12	3
210	1012	10	12	4
221	1012	1	12	4
207	1012	7	12	3
445	1012	5	12	1
893	1012	13	12	3
314	1012	14	12	4
145	1012	5	12	4
653	1012	13	12	4
806	1012	6	12	4
159	1012	19	12	5
621	1012	1	12	5
244	1012	4	12	2
294	1012	14	12	4
407	1012	7	12	3
62	1012	2	12	3
213	1012	13	12	3
63	1012	3	12	3
279	1012	19	12	5
58	1012	18	12	4
624	1012	4	12	4
682	1012	2	12	4
910	1012	10	12	4
184	1012	4	12	3
796	1012	16	12	3
643	1012	3	12	4
521	1012	1	12	3
789	1012	9	12	4
300	1012	0	12	4
387	1012	7	12	4
318	1012	18	12	4
923	1012	3	12	5
32	1012	12	12	4
385	1012	5	12	3
301	1012	1	12	4
919	1012	19	12	4
703	1012	3	12	4
554	1012	14	12	3
831	1012	11	12	4
54	1012	14	12	2
277	1012	17	12	3
291	1012	11	12	4
680	1012	0	12	3
692	1012	12	12	1
117	1012	17	12	4
403	1012	3	12	1
345	1012	5	12	3
764	1012	4	12	4
162	1012	2	12	4
168	1012	8	12	5
697	1012	17	12	1
567	1012	7	12	3
609	1012	9	12	1
880	1012	0	12	4
770	1012	10	12	5
655	1012	15	12	3
938	1012	18	12	5
367	1012	7	12	4
887	1012	7	12	1
176	1012	16	12	4
490	1012	10	12	3
92	1012	12	12	4
782	1012	2	12	2
148	1012	8	12	4
847	1012	7	12	1
592	1012	12	12	5
735	1012	15	12	2
104	1012	4	12	4
251	1012	11	12	4
453	1032	13	12	1
38	1032	18	12	4
393	1032	13	12	3
618	1032	18	12	2
405	1032	5	12	1
379	1032	19	12	2
174	1032	14	12	3
921	1032	1	12	5
577	1032	17	12	3
642	1032	2	12	4
798	1032	18	12	3
796	1032	16	12	3
94	1032	14	12	2
318	1032	18	12	3
314	1032	14	12	4
279	1032	19	12	3
279	1052	19	12	4
119	1052	19	12	4
125	1052	5	12	2
497	1052	17	12	2
276	1052	16	12	2
92	1052	12	12	2
758	1052	18	12	5
795	1052	15	12	3
99	1052	19	12	1
880	1052	0	12	1
534	1052	14	12	4
852	1052	12	12	4
301	1052	1	12	1
303	1052	3	12	2
246	1052	6	12	1
363	1052	3	12	3
181	1052	1	12	2
43	1052	3	12	1
882	1052	2	12	2
102	1052	2	12	2
320	1052	0	12	2
223	1052	3	12	1
195	1052	15	12	1
389	1052	9	12	2
67	1052	7	12	3
279	1072	19	12	4
405	1072	5	12	1
871	1072	11	12	3
49	1072	9	12	1
648	1072	8	12	2
889	1072	9	12	3
87	1072	7	12	3
532	1092	12	12	2
878	1092	18	12	3
648	1092	8	12	1
56	1092	16	12	3
450	1092	10	12	3
159	1092	19	12	2
303	1092	3	12	1
497	1092	17	12	3
378	1092	18	12	3
749	1092	9	12	3
393	1092	13	12	3
416	1092	16	12	3
896	1112	16	12	3
655	1112	15	12	2
450	1112	10	12	3
280	1112	0	12	4
343	1112	3	12	3
194	1112	14	12	3
301	1112	1	12	4
429	1112	9	12	3
788	1112	8	12	3
864	1112	4	12	2
870	1112	10	12	2
59	1112	19	12	3
405	1112	5	12	2
913	1112	13	12	1
328	1112	8	12	4
101	1132	1	12	3
447	1132	7	12	3
790	1132	10	12	2
181	1132	1	12	1
279	1132	19	12	1
157	1132	17	12	3
859	1132	19	12	3
193	1132	13	12	3
299	1132	19	12	1
343	1132	3	12	4
666	1132	6	12	3
851	1132	11	12	3
244	1132	4	12	4
903	1132	3	12	3
665	1132	5	12	2
792	1132	12	12	3
62	1132	2	12	2
293	1132	13	12	3
682	1132	2	12	3
900	1132	0	12	1
869	1132	9	12	1
145	1132	5	12	3
99	1132	19	12	4
733	1132	13	12	4
463	1132	3	12	1
416	1132	16	12	2
334	1132	14	12	2
159	1132	19	12	5
653	1132	13	12	1
692	1132	12	12	4
633	1132	13	12	2
294	1132	14	12	4
714	1152	14	12	2
761	1152	1	12	2
741	1152	1	12	3
416	1152	16	12	4
361	1152	1	12	2
450	1152	10	12	5
889	1152	9	12	3
181	1152	1	12	2
434	1152	14	12	5
159	1152	19	12	4
483	1152	3	12	4
552	1152	12	12	3
314	1152	14	12	4
599	1152	19	12	4
274	1152	14	12	4
919	1152	19	12	4
597	1152	17	12	4
224	1152	4	12	3
938	1152	18	12	3
524	1152	4	12	3
75	1152	15	12	1
764	1152	4	12	3
931	1152	11	12	4
642	1152	2	12	5
904	1152	4	12	4
708	1152	8	12	5
711	1152	11	12	1
242	1152	2	12	5
691	1172	11	12	5
312	1172	12	12	5
659	1172	19	12	4
85	1172	5	12	4
847	1172	7	12	1
474	1172	14	12	4
776	1172	16	12	2
450	1172	10	12	5
344	1172	4	12	4
334	1172	14	12	3
918	1172	18	12	3
234	1172	14	12	3
608	1172	8	12	5
172	1172	12	12	3
276	1172	16	12	4
237	1192	17	12	5
239	1192	19	12	1
399	1192	19	12	3
201	1192	1	12	3
450	1192	10	12	5
312	1192	12	12	3
615	1192	15	12	4
91	1192	11	12	4
230	1192	10	12	4
405	1192	5	12	1
655	1192	15	12	4
128	1192	8	12	2
90	1192	10	12	5
92	1212	12	12	3
372	1212	12	12	4
450	1212	10	12	4
145	1212	5	12	2
224	1212	4	12	2
618	1212	18	12	2
566	1232	6	12	2
96	1232	16	12	5
682	1232	2	12	2
184	1232	4	12	3
805	1232	5	12	3
655	1232	15	12	3
399	1232	19	12	3
405	1232	5	12	1
693	1232	13	12	2
325	1232	5	12	1
246	1232	6	12	1
378	1232	18	12	3
311	1232	11	12	4
346	1232	6	12	1
276	1232	16	12	3
303	1232	3	12	3
417	1232	17	12	2
782	1252	2	12	3
385	1252	5	12	5
655	1252	15	12	3
113	1252	13	12	4
445	1252	5	12	1
308	1252	8	12	3
567	1252	7	12	3
773	1252	13	12	4
181	1252	1	12	1
125	1272	5	12	1
181	1272	1	12	1
486	1272	6	12	3
207	1272	7	12	3
761	1272	1	12	1
782	1292	2	12	3
145	1292	5	12	1
758	1292	18	12	1
174	1312	14	12	4
595	1312	15	12	3
334	1312	14	12	4
532	1312	12	12	4
279	1312	19	12	3
769	1312	9	12	2
181	1312	1	12	1
239	1332	19	12	3
181	1332	1	12	1
181	1352	1	12	1
449	1372	9	12	4
189	1372	9	12	4
181	1372	1	12	1
451	1392	11	12	1
721	1392	1	12	3
355	1392	15	12	4
409	1392	9	12	1
181	1392	1	12	1
864	1412	4	12	1
405	1412	5	12	1
882	1412	2	12	3
870	1412	10	12	2
541	1412	1	12	1
194	1412	14	12	2
405	1432	5	12	1
724	1432	4	12	1
206	1432	6	12	1
234	1452	14	12	4
257	1472	17	12	2
523	1472	3	12	5
279	1492	19	12	4
363	1512	3	12	1
585	1512	5	12	5
409	1512	9	12	5
305	1512	5	12	3
561	1512	1	12	5
932	1512	12	12	5
655	1532	15	12	2
381	1532	1	12	2
622	1552	2	12	2
435	1552	15	12	3
405	1552	5	12	1
405	1572	5	12	1
894	1592	14	12	4
405	1592	5	12	1
845	1592	5	12	3
883	1592	3	12	5
519	1592	19	12	5
617	1612	17	12	1
920	1612	0	12	4
519	1612	19	12	5
489	1612	9	12	5
655	1632	15	12	3
782	1652	2	12	1
756	1652	16	12	1
662	1652	2	12	3
896	1672	16	12	2
828	1672	8	12	2
