690	1	10	1	4
768	1	8	1	5
710	1	10	1	4
613	1	13	1	4
5	1	5	1	4
550	1	10	1	3
490	1	10	1	3
777	1	17	1	4
880	1	0	1	4
58	1	18	1	5
202	1	2	1	3
910	1	10	1	4
374	1	14	1	4
621	1	1	1	3
120	1	0	1	4
134	1	14	1	5
340	1	0	1	5
886	1	6	1	4
271	1	11	1	3
398	1	18	1	5
726	1	6	1	4
125	1	5	1	4
471	1	11	1	4
232	1	12	1	4
605	1	5	1	4
835	1	15	1	3
95	1	15	1	5
879	1	19	1	4
457	1	17	1	4
918	1	18	1	3
79	1	19	1	4
632	1	12	1	3
664	1	4	1	4
350	1	10	1	4
935	1	15	1	3
141	1	1	1	3
344	1	4	1	3
82	1	2	1	4
21	1	1	1	5
576	1	16	1	4
56	1	16	1	4
16	1	16	1	5
505	1	5	1	3
89	1	9	1	5
882	1	2	1	5
189	1	9	1	5
903	1	3	1	3
94	1	14	1	4
748	1	8	1	4
697	1	17	1	5
927	1	7	1	5
653	1	13	1	4
291	1	11	1	5
692	1	12	1	4
450	1	10	1	4
182	1	2	1	4
456	1	16	1	2
330	1	10	1	5
582	1	2	1	4
554	1	14	1	3
606	1	6	1	5
247	1	7	1	4
545	1	5	1	5
921	1	1	1	3
249	1	9	1	4
691	1	11	1	5
508	1	8	1	5
412	1	12	1	4
630	1	10	1	4
72	1	12	1	4
523	1	3	1	5
569	1	9	1	4
703	1	3	1	4
268	1	8	1	3
203	1	3	1	3
59	1	19	1	2
401	1	1	1	2
357	1	17	1	5
106	1	6	1	4
800	1	0	1	4
242	1	2	1	4
932	1	12	1	4
790	1	10	1	3
15	1	15	1	1
497	1	17	1	4
371	1	11	1	4
532	1	12	1	5
256	1	16	1	5
131	1	11	1	4
815	1	15	1	5
181	1	1	1	3
411	1	11	1	4
709	1	9	1	4
620	1	0	1	5
38	1	18	1	5
770	1	10	1	5
292	1	12	1	4
311	1	11	1	4
698	1	18	1	4
348	1	8	1	4
533	1	13	1	4
478	1	18	1	4
327	1	7	1	4
201	1	1	1	3
552	1	12	1	3
674	1	14	1	4
731	1	11	1	2
902	1	2	1	5
435	1	15	1	5
465	1	5	1	4
897	1	17	1	5
234	1	14	1	3
168	1	8	1	5
561	1	1	1	2
537	1	17	1	2
83	1	3	1	4
764	1	4	1	4
44	1	4	1	4
648	1	8	1	5
794	1	14	1	4
162	1	2	1	4
941	1	1	1	5
429	1	9	1	3
757	1	17	1	4
467	1	7	1	4
379	1	19	1	4
727	1	7	1	3
500	1	0	1	4
823	1	3	1	4
54	1	14	1	4
454	1	14	1	3
130	1	10	1	5
390	1	10	1	5
495	1	15	1	4
396	1	16	1	4
907	1	7	1	5
715	1	15	1	5
26	1	6	1	3
562	1	2	1	2
223	1	3	1	4
929	1	9	1	3
749	1	9	1	4
588	1	8	1	4
73	1	13	1	2
345	1	5	1	3
657	1	17	1	3
660	1	0	1	3
610	1	10	1	4
57	1	17	1	5
714	1	14	1	3
892	1	12	1	5
484	1	4	1	5
592	1	12	1	4
424	1	4	1	1
567	1	7	1	3
751	1	11	1	3
416	1	16	1	5
924	1	4	1	5
294	1	14	1	5
64	1	4	1	4
41	1	1	1	4
324	1	4	1	5
602	1	2	1	4
525	1	5	1	4
723	1	3	1	3
144	1	4	1	4
486	1	6	1	4
503	1	3	1	5
18	1	18	1	5
280	1	0	1	4
806	1	6	1	4
936	1	16	1	4
243	1	3	1	4
839	1	19	1	4
455	1	15	1	4
347	1	7	1	4
689	1	9	1	3
432	1	12	1	2
363	1	3	1	2
805	1	5	1	4
438	1	18	1	4
381	1	1	1	5
279	1	19	1	3
20	1	0	1	3
614	1	14	1	5
338	1	18	1	3
786	1	6	1	4
230	1	10	1	5
761	1	1	1	1
680	1	0	1	4
636	1	16	1	3
796	1	16	1	2
785	1	5	1	4
339	1	19	1	5
124	1	4	1	3
609	1	9	1	1
494	1	14	1	3
325	1	5	1	2
1	1	1	1	5
66	1	6	1	3
922	1	2	1	5
542	1	2	1	4
274	1	14	1	4
250	1	10	1	4
307	1	7	1	5
763	1	3	1	4
93	1	13	1	5
536	1	16	1	5
422	1	2	1	3
13	1	13	1	3
919	1	19	1	4
643	1	3	1	5
788	1	8	1	3
360	1	0	1	3
102	1	2	1	3
6	1	6	1	4
868	1	8	1	4
331	1	11	1	1
108	1	8	1	4
534	1	14	1	5
579	1	19	1	4
635	1	15	1	4
821	1	1	1	5
642	1	2	1	5
314	1	14	1	5
194	1	14	1	4
70	1	10	1	4
899	1	19	1	3
535	1	15	1	3
403	1	3	1	4
661	1	1	1	5
637	1	17	1	4
618	1	18	1	4
887	1	7	1	5
109	1	9	1	4
488	1	8	1	3
25	1	5	1	5
395	1	15	1	5
894	1	14	1	4
830	1	10	1	4
650	1	10	1	3
62	1	2	1	2
767	1	7	1	5
792	1	12	1	4
276	1	16	1	5
655	1	15	1	2
290	1	10	1	5
178	1	18	1	4
483	1	3	1	4
63	1	3	1	3
930	1	10	1	3
128	1	8	1	4
157	1	17	1	5
23	1	3	1	5
287	1	7	1	5
99	1	19	1	4
198	1	18	1	4
17	1	17	1	4
593	1	13	1	3
923	1	3	1	3
75	1	15	1	4
769	1	9	1	4
388	1	8	1	5
684	1	4	1	4
246	1	6	1	4
305	1	5	1	5
838	1	18	1	5
407	1	7	1	4
248	1	8	1	3
831	1	11	1	4
682	1	2	1	4
934	1	14	1	2
425	1	5	1	2
434	1	14	1	4
365	1	5	1	4
699	1	19	1	3
829	1	9	1	4
43	1	3	1	5
634	1	14	1	3
721	1	1	1	5
77	1	17	1	5
286	1	6	1	4
150	1	10	1	4
843	1	3	1	3
101	1	1	1	3
96	1	16	1	5
303	1	3	1	5
253	1	13	1	5
540	1	0	1	3
895	1	15	1	4
231	1	11	1	3
612	1	12	1	4
514	1	14	1	5
263	1	3	1	5
658	1	18	1	4
822	1	2	1	4
252	1	12	1	5
789	1	9	1	3
663	1	3	1	4
445	1	5	1	3
216	1	16	1	4
756	1	16	1	4
84	1	4	1	2
872	1	12	1	3
826	1	6	1	4
336	1	16	1	3
870	1	10	1	5
470	1	10	1	3
706	1	6	1	4
807	1	7	1	4
541	1	1	1	4
804	1	4	1	5
174	1	14	1	3
597	1	17	1	3
213	1	13	1	2
275	1	15	1	4
852	1	12	1	4
854	1	14	1	3
399	1	19	1	4
730	1	10	1	4
222	1	2	1	4
468	1	8	1	5
865	1	5	1	1
296	1	16	1	5
177	1	17	1	3
380	1	0	1	4
459	1	19	1	4
893	1	13	1	5
92	1	12	1	4
458	1	18	1	4
160	1	0	1	4
262	1	2	1	3
622	1	2	1	3
747	1	7	1	5
441	1	1	1	5
145	1	5	1	3
890	1	10	1	4
393	1	13	1	3
312	1	12	1	5
65	1	5	1	3
67	1	7	1	3
580	1	0	1	3
251	1	11	1	4
798	1	18	1	4
200	1	0	1	5
493	1	13	1	3
933	1	13	1	3
322	1	2	1	2
521	1	1	1	2
701	1	1	1	4
308	1	8	1	4
210	1	10	1	5
795	1	15	1	4
679	1	19	1	3
10	1	10	1	4
199	1	19	1	1
121	1	1	1	4
577	1	17	1	5
864	1	4	1	5
744	1	4	1	4
298	1	18	1	5
624	1	4	1	4
289	1	9	1	3
2	1	2	1	4
716	1	16	1	5
793	1	13	1	4
669	1	9	1	5
419	1	19	1	4
297	1	17	1	3
560	1	0	1	4
148	1	8	1	4
665	1	5	1	4
417	1	17	1	4
406	1	6	1	4
733	1	13	1	2
301	1	1	1	4
889	1	9	1	3
654	1	14	1	4
938	1	18	1	4
771	1	11	1	5
676	1	16	1	5
779	1	19	1	4
896	1	16	1	4
277	1	17	1	4
295	1	15	1	4
599	1	19	1	4
913	1	13	1	2
773	1	13	1	3
817	1	17	1	4
265	1	5	1	5
193	1	13	1	4
389	1	9	1	4
81	1	1	1	4
320	1	0	1	3
359	1	19	1	4
705	1	5	1	5
901	1	1	1	5
678	1	18	1	5
235	1	15	1	4
49	1	9	1	2
326	1	6	1	3
517	1	17	1	3
885	1	5	1	5
244	1	4	1	4
867	1	7	1	4
45	1	5	1	5
137	1	17	1	3
138	1	18	1	4
759	1	19	1	5
518	1	18	1	4
378	1	18	1	4
548	1	8	1	4
479	1	19	1	5
549	1	9	1	5
447	1	7	1	3
512	1	12	1	4
463	1	3	1	1
746	1	6	1	4
313	1	13	1	4
881	1	1	1	4
204	1	4	1	2
343	1	3	1	5
299	1	19	1	3
209	1	9	1	5
708	1	8	1	5
332	1	12	1	4
254	1	14	1	3
184	1	4	1	4
472	1	12	1	5
745	1	5	1	2
151	1	11	1	5
97	1	17	1	4
42	1	2	1	5
735	1	15	1	4
738	1	18	1	5
916	1	16	1	4
402	1	2	1	5
158	1	18	1	4
487	1	7	1	5
553	1	13	1	3
917	1	17	1	3
394	1	14	1	4
677	1	17	1	4
883	1	3	1	3
526	1	6	1	5
117	1	17	1	4
460	1	0	1	2
847	1	7	1	3
649	1	9	1	5
293	1	13	1	2
387	1	7	1	4
742	1	2	1	4
66	21	6	1	1
764	21	4	1	2
256	21	16	1	4
290	21	10	1	3
792	21	12	1	3
108	21	8	1	3
776	21	16	1	3
87	21	7	1	3
882	21	2	1	2
601	21	1	1	3
436	21	16	1	3
301	21	1	1	2
533	21	13	1	3
805	21	5	1	2
189	21	9	1	2
416	21	16	1	3
603	21	3	1	3
919	21	19	1	2
393	21	13	1	3
294	21	14	1	3
435	21	15	1	4
13	21	13	1	3
378	21	18	1	3
870	21	10	1	3
911	21	11	1	4
289	21	9	1	1
279	21	19	1	3
880	21	0	1	2
330	21	10	1	5
5	21	5	1	3
82	21	2	1	1
881	21	1	1	3
534	21	14	1	4
395	21	15	1	3
554	21	14	1	1
234	21	14	1	3
44	21	4	1	2
588	21	8	1	5
276	21	16	1	3
307	21	7	1	4
283	21	3	1	3
795	21	15	1	3
291	21	11	1	2
245	21	5	1	3
268	21	8	1	3
6	21	6	1	3
634	21	14	1	2
555	21	15	1	4
843	21	3	1	2
22	21	2	1	4
62	21	2	1	3
1	21	1	1	1
303	21	3	1	2
60	21	0	1	3
682	21	2	1	4
458	21	18	1	2
650	21	10	1	2
779	21	19	1	5
708	21	8	1	1
798	21	18	1	5
45	21	5	1	3
463	21	3	1	1
865	21	5	1	2
254	21	14	1	3
472	21	12	1	3
747	21	7	1	2
660	21	0	1	3
699	21	19	1	3
536	21	16	1	3
438	21	18	1	2
933	21	13	1	1
429	21	9	1	2
486	21	6	1	3
181	21	1	1	1
308	21	8	1	3
160	21	0	1	1
642	21	2	1	5
655	21	15	1	2
152	21	12	1	3
648	21	8	1	3
807	21	7	1	4
751	21	11	1	5
174	21	14	1	1
125	21	5	1	3
301	41	1	1	3
642	41	2	1	3
405	41	5	1	1
472	41	12	1	4
276	41	16	1	3
174	41	14	1	1
682	41	2	1	3
336	41	16	1	3
222	41	2	1	3
125	41	5	1	2
790	41	10	1	3
332	41	12	1	5
1	41	1	1	2
622	41	2	1	3
246	41	6	1	2
542	41	2	1	4
442	41	2	1	4
303	41	3	1	5
416	41	16	1	3
846	41	6	1	3
393	41	13	1	4
291	41	11	1	4
279	41	19	1	2
478	41	18	1	3
927	41	7	1	4
399	41	19	1	2
24	41	4	1	5
110	41	10	1	4
286	41	6	1	2
943	41	3	1	4
130	41	10	1	3
621	41	1	1	4
94	41	14	1	3
660	41	0	1	1
880	41	0	1	1
311	41	11	1	3
314	41	14	1	5
257	61	17	1	5
76	61	16	1	4
894	61	14	1	4
154	61	14	1	4
498	61	18	1	4
655	61	15	1	3
712	61	12	1	3
296	61	16	1	3
645	61	5	1	5
449	61	9	1	5
18	61	18	1	4
354	61	14	1	5
585	61	5	1	4
409	61	9	1	4
862	61	2	1	5
535	61	15	1	3
385	61	5	1	2
592	61	12	1	4
334	61	14	1	3
201	61	1	1	2
305	61	5	1	4
195	61	15	1	3
493	61	13	1	4
868	61	8	1	5
380	61	0	1	4
758	61	18	1	3
883	61	3	1	5
268	61	8	1	4
59	61	19	1	4
94	61	14	1	5
903	61	3	1	4
500	61	0	1	4
279	61	19	1	4
13	61	13	1	4
543	61	3	1	4
60	61	0	1	4
308	61	8	1	3
144	61	4	1	3
387	61	7	1	3
537	61	17	1	4
763	61	3	1	5
639	61	19	1	3
773	61	13	1	5
321	61	1	1	5
456	61	16	1	4
391	61	11	1	5
58	61	18	1	5
160	61	0	1	4
299	61	19	1	4
1	61	1	1	4
405	61	5	1	1
452	61	12	1	1
189	61	9	1	3
474	61	14	1	3
828	61	8	1	5
846	61	6	1	3
877	61	17	1	5
450	61	10	1	4
608	61	8	1	5
653	81	13	1	1
514	81	14	1	4
216	81	16	1	4
521	81	1	1	1
334	81	14	1	4
903	81	3	1	5
892	81	12	1	3
385	81	5	1	3
553	81	13	1	3
6	81	6	1	4
303	81	3	1	4
64	81	4	1	4
331	81	11	1	5
343	81	3	1	5
232	81	12	1	5
738	81	18	1	4
537	81	17	1	3
387	81	7	1	3
429	81	9	1	3
14	81	14	1	5
716	81	16	1	4
758	81	18	1	5
640	81	0	1	5
151	81	11	1	5
889	81	9	1	4
339	81	19	1	5
806	81	6	1	5
795	81	15	1	4
301	81	1	1	3
478	81	18	1	4
7	81	7	1	5
383	81	3	1	4
592	81	12	1	4
269	81	9	1	3
435	81	15	1	3
666	81	6	1	4
916	81	16	1	5
307	81	7	1	5
44	81	4	1	4
524	81	4	1	1
393	81	13	1	2
823	81	3	1	4
279	81	19	1	4
881	81	1	1	3
629	81	9	1	3
840	81	0	1	4
286	81	6	1	3
253	81	13	1	4
682	81	2	1	3
862	81	2	1	5
389	81	9	1	3
234	81	14	1	3
880	81	0	1	4
632	81	12	1	5
606	81	6	1	3
707	81	7	1	2
354	81	14	1	3
271	81	11	1	3
201	81	1	1	1
715	81	15	1	4
72	81	12	1	3
239	81	19	1	3
299	81	19	1	4
655	81	15	1	3
886	81	6	1	4
276	81	16	1	4
1	81	1	1	5
363	81	3	1	4
373	81	13	1	2
664	81	4	1	5
246	81	6	1	5
293	81	13	1	4
506	81	6	1	1
868	81	8	1	4
329	81	9	1	2
109	81	9	1	2
436	81	16	1	3
308	81	8	1	5
561	81	1	1	2
645	81	5	1	4
487	81	7	1	3
798	81	18	1	3
416	81	16	1	5
721	81	1	1	2
73	81	13	1	5
305	81	5	1	3
654	81	14	1	2
94	81	14	1	4
194	81	14	1	2
62	81	2	1	4
864	81	4	1	3
417	81	17	1	5
380	81	0	1	3
412	81	12	1	2
92	81	12	1	3
345	81	5	1	4
311	81	11	1	3
454	81	14	1	1
450	81	10	1	4
198	81	18	1	5
804	81	4	1	4
18	81	18	1	3
222	81	2	1	1
267	81	7	1	4
250	81	10	1	4
405	81	5	1	3
327	81	7	1	4
883	81	3	1	5
82	81	2	1	3
59	81	19	1	4
537	101	17	1	2
279	101	19	1	3
497	101	17	1	4
727	101	7	1	2
307	101	7	1	3
339	101	19	1	3
882	101	2	1	3
268	101	8	1	2
508	101	8	1	5
94	101	14	1	2
472	101	12	1	5
70	101	10	1	3
890	101	10	1	2
429	101	9	1	4
653	101	13	1	3
437	101	17	1	3
932	101	12	1	3
622	101	2	1	5
916	101	16	1	3
456	101	16	1	3
1	101	1	1	2
275	101	15	1	4
5	101	5	1	5
495	101	15	1	5
109	101	9	1	1
868	101	8	1	4
435	101	15	1	3
749	101	9	1	4
886	101	6	1	4
417	101	17	1	3
92	101	12	1	2
311	101	11	1	4
299	101	19	1	2
276	101	16	1	4
757	101	17	1	4
822	101	2	1	2
244	101	4	1	5
807	101	7	1	4
660	101	0	1	3
896	101	16	1	3
198	101	18	1	5
405	101	5	1	1
677	101	17	1	5
450	101	10	1	5
774	101	14	1	2
865	101	5	1	1
479	101	19	1	4
846	101	6	1	4
64	101	4	1	2
291	101	11	1	4
394	101	14	1	4
843	101	3	1	3
387	101	7	1	4
805	101	5	1	2
246	101	6	1	2
286	101	6	1	5
620	101	0	1	2
406	101	6	1	3
363	101	3	1	1
430	101	10	1	2
59	101	19	1	5
545	101	5	1	4
7	101	7	1	5
823	101	3	1	3
826	101	6	1	5
102	101	2	1	4
49	101	9	1	3
715	101	15	1	3
222	101	2	1	4
751	101	11	1	4
407	101	7	1	3
483	101	3	1	2
95	101	15	1	1
881	121	1	1	5
669	121	9	1	3
121	121	1	1	2
429	121	9	1	3
363	121	3	1	2
537	121	17	1	1
294	121	14	1	5
620	121	0	1	5
84	121	4	1	4
910	121	10	1	1
450	121	10	1	3
793	121	13	1	3
933	121	13	1	3
289	121	9	1	3
698	121	18	1	2
323	121	3	1	3
254	121	14	1	3
349	121	9	1	2
334	121	14	1	3
115	121	15	1	3
525	121	5	1	4
64	121	4	1	2
758	121	18	1	2
778	121	18	1	3
715	121	15	1	4
56	121	16	1	5
680	121	0	1	3
403	121	3	1	5
773	121	13	1	2
577	121	17	1	5
660	121	0	1	2
718	121	18	1	4
445	121	5	1	1
95	121	15	1	4
186	121	6	1	2
504	121	4	1	4
798	121	18	1	5
564	121	4	1	4
890	121	10	1	2
738	121	18	1	4
269	121	9	1	1
580	121	0	1	4
541	121	1	1	3
343	121	3	1	2
560	121	0	1	3
655	121	15	1	3
893	121	13	1	4
246	121	6	1	4
733	121	13	1	3
76	121	16	1	2
104	121	4	1	2
693	121	13	1	2
286	121	6	1	3
255	121	15	1	2
545	121	5	1	5
825	121	5	1	5
555	121	15	1	3
463	121	3	1	3
795	121	15	1	3
483	121	3	1	2
44	121	4	1	4
407	121	7	1	4
838	121	18	1	2
540	121	0	1	2
505	121	5	1	4
295	121	15	1	4
75	121	15	1	4
425	121	5	1	4
624	121	4	1	3
497	121	17	1	4
430	121	10	1	2
381	121	1	1	2
62	121	2	1	4
849	121	9	1	5
55	121	15	1	3
865	121	5	1	1
535	121	15	1	4
653	121	13	1	4
503	121	3	1	3
378	121	18	1	4
644	121	4	1	5
638	121	18	1	4
459	121	19	1	5
532	121	12	1	4
605	121	5	1	1
549	121	9	1	4
15	121	15	1	3
249	121	9	1	3
633	121	13	1	3
868	121	8	1	2
552	121	12	1	4
796	121	16	1	5
500	121	0	1	3
593	121	13	1	4
550	121	10	1	5
374	121	14	1	4
746	121	6	1	3
82	121	2	1	4
457	121	17	1	4
361	121	1	1	2
664	121	4	1	3
484	121	4	1	4
401	121	1	1	3
394	121	14	1	4
607	121	7	1	2
501	121	1	1	4
815	121	15	1	2
916	121	16	1	3
684	121	4	1	3
627	121	7	1	3
938	121	18	1	5
43	121	3	1	4
330	121	10	1	4
939	121	19	1	5
572	121	12	1	2
434	121	14	1	4
833	121	13	1	1
315	121	15	1	2
346	121	6	1	4
551	121	11	1	5
59	121	19	1	4
848	121	8	1	4
387	121	7	1	2
454	121	14	1	4
189	121	9	1	2
623	121	3	1	4
882	121	2	1	4
647	121	7	1	4
533	121	13	1	4
311	121	11	1	4
74	121	14	1	4
561	121	1	1	3
439	121	19	1	2
68	121	8	1	1
495	121	15	1	5
800	121	0	1	4
643	121	3	1	4
102	121	2	1	3
513	121	13	1	5
108	121	8	1	3
493	121	13	1	5
625	121	5	1	3
806	121	6	1	4
128	121	8	1	4
637	121	17	1	4
479	121	19	1	4
437	121	17	1	3
290	121	10	1	4
618	121	18	1	4
303	121	3	1	3
862	121	2	1	5
507	121	7	1	5
805	121	5	1	3
936	121	16	1	4
386	121	6	1	3
256	121	16	1	5
663	121	3	1	4
601	121	1	1	2
764	121	4	1	5
22	121	2	1	3
347	121	7	1	3
474	121	14	1	4
380	121	0	1	3
270	121	10	1	4
769	121	9	1	4
99	121	19	1	3
301	121	1	1	4
666	121	6	1	3
840	121	0	1	2
756	121	16	1	3
168	121	8	1	4
788	121	8	1	4
671	121	11	1	4
703	121	3	1	5
786	121	6	1	2
935	121	15	1	4
452	121	12	1	5
621	121	1	1	3
393	121	13	1	4
790	121	10	1	3
494	121	14	1	4
320	121	0	1	5
899	121	19	1	5
276	121	16	1	4
188	121	8	1	4
318	121	18	1	1
327	121	7	1	2
119	121	19	1	4
804	121	4	1	4
716	121	16	1	5
595	121	15	1	2
432	121	12	1	4
109	121	9	1	5
727	121	7	1	4
395	121	15	1	3
248	121	8	1	2
221	121	1	1	2
162	121	2	1	4
52	121	12	1	4
58	121	18	1	2
592	121	12	1	4
417	121	17	1	3
359	121	19	1	4
534	121	14	1	4
879	121	19	1	4
268	121	8	1	2
182	121	2	1	3
14	121	14	1	3
768	121	8	1	4
554	121	14	1	4
214	121	14	1	4
538	121	18	1	3
89	121	9	1	5
722	121	2	1	5
5	121	5	1	4
749	121	9	1	3
630	121	10	1	4
72	121	12	1	3
66	121	6	1	3
406	121	6	1	5
839	121	19	1	3
159	121	19	1	3
844	121	4	1	3
357	121	17	1	5
697	121	17	1	4
682	121	2	1	4
63	121	3	1	1
230	121	10	1	4
889	121	9	1	4
614	121	14	1	4
222	121	2	1	3
850	121	10	1	5
337	121	17	1	5
930	121	10	1	4
307	121	7	1	1
298	121	18	1	4
314	121	14	1	4
25	121	5	1	4
634	121	14	1	5
54	121	14	1	4
288	121	8	1	2
287	121	7	1	4
138	121	18	1	4
654	121	14	1	4
661	121	1	1	2
711	121	11	1	1
708	121	8	1	3
487	121	7	1	4
210	121	10	1	4
900	121	0	1	2
779	121	19	1	3
344	121	4	1	3
92	121	12	1	5
843	121	3	1	3
45	121	5	1	4
472	121	12	1	5
518	121	18	1	5
864	121	4	1	4
244	121	4	1	1
277	121	17	1	2
674	121	14	1	4
296	121	16	1	5
313	121	13	1	4
190	121	10	1	3
759	121	19	1	5
308	121	8	1	3
345	121	5	1	3
257	121	17	1	3
569	121	9	1	3
194	121	14	1	2
694	121	14	1	5
267	121	7	1	3
293	121	13	1	3
65	121	5	1	4
150	121	10	1	2
201	121	1	1	2
690	121	10	1	3
49	121	9	1	1
200	121	0	1	5
636	121	16	1	5
247	121	7	1	4
714	121	14	1	4
291	121	11	1	2
399	121	19	1	3
217	121	17	1	1
158	121	18	1	4
441	121	1	1	4
336	121	16	1	4
466	121	6	1	3
717	121	17	1	2
164	121	4	1	5
180	121	0	1	5
734	121	14	1	4
906	121	6	1	4
83	121	3	1	4
26	121	6	1	3
896	121	16	1	3
227	121	7	1	2
207	121	7	1	3
396	121	16	1	5
328	121	8	1	4
807	121	7	1	4
339	121	19	1	3
774	121	14	1	1
719	121	19	1	1
259	121	19	1	3
642	121	2	1	5
932	121	12	1	3
275	121	15	1	3
271	121	11	1	2
648	121	8	1	5
924	121	4	1	4
253	121	13	1	5
699	121	19	1	3
917	121	17	1	1
435	121	15	1	3
238	121	18	1	4
120	121	0	1	4
741	121	1	1	2
233	121	13	1	4
486	121	6	1	3
177	121	17	1	2
305	121	5	1	3
751	121	11	1	4
903	121	3	1	3
130	121	10	1	5
94	121	14	1	2
498	121	18	1	2
11	121	11	1	3
262	121	2	1	3
622	121	2	1	1
536	121	16	1	4
438	121	18	1	5
923	121	3	1	4
178	121	18	1	5
213	121	13	1	5
606	121	6	1	4
332	121	12	1	5
665	121	5	1	2
348	121	8	1	5
847	121	7	1	3
137	121	17	1	5
117	121	17	1	4
943	121	3	1	3
649	121	9	1	2
184	121	4	1	2
602	121	2	1	4
193	121	13	1	3
152	121	12	1	5
223	121	3	1	3
388	121	8	1	4
60	121	0	1	4
854	121	14	1	1
582	121	2	1	3
85	121	5	1	2
679	121	19	1	2
251	121	11	1	4
279	121	19	1	4
42	121	2	1	4
730	121	10	1	4
650	121	10	1	3
416	121	16	1	5
821	121	1	1	3
521	121	1	1	2
93	121	13	1	3
77	121	17	1	2
892	121	12	1	4
192	121	12	1	2
880	121	0	1	2
57	121	17	1	4
53	121	13	1	4
586	121	6	1	5
619	121	19	1	5
468	121	8	1	4
542	121	2	1	2
20	121	0	1	3
461	121	1	1	2
231	121	11	1	4
37	121	17	1	2
894	121	14	1	3
447	121	7	1	5
757	121	17	1	2
887	121	7	1	5
181	121	1	1	4
659	121	19	1	4
1	121	1	1	4
709	121	9	1	4
21	121	1	1	1
103	121	3	1	3
87	121	7	1	5
931	121	11	1	2
934	121	14	1	3
817	121	17	1	3
198	121	18	1	3
183	121	3	1	3
145	121	5	1	2
67	121	7	1	4
851	121	11	1	4
907	121	7	1	4
921	121	1	1	5
508	121	8	1	2
526	121	6	1	2
151	121	11	1	5
7	121	7	1	5
455	121	15	1	4
872	121	12	1	4
141	121	1	1	4
456	121	16	1	2
588	121	8	1	5
891	121	11	1	4
897	121	17	1	5
852	121	12	1	4
689	121	9	1	5
13	121	13	1	5
70	121	10	1	3
27	121	7	1	4
546	121	6	1	5
312	121	12	1	3
927	121	7	1	5
81	121	1	1	4
566	121	6	1	3
548	121	8	1	5
901	121	1	1	4
442	121	2	1	2
705	121	5	1	5
792	121	12	1	4
458	121	18	1	1
871	121	11	1	4
101	121	1	1	4
712	141	12	1	3
484	141	4	1	4
429	141	9	1	3
767	141	7	1	4
64	141	4	1	4
738	141	18	1	3
394	141	14	1	3
805	141	5	1	2
417	141	17	1	3
230	141	10	1	4
271	141	11	1	4
601	141	1	1	4
758	141	18	1	4
881	141	1	1	3
346	141	6	1	4
896	141	16	1	3
59	141	19	1	4
788	141	8	1	3
537	141	17	1	3
497	141	17	1	3
200	141	0	1	4
897	141	17	1	4
847	141	7	1	3
254	141	14	1	3
313	141	13	1	4
932	141	12	1	4
1	141	1	1	3
90	141	10	1	5
823	141	3	1	4
13	141	13	1	2
650	141	10	1	4
749	141	9	1	4
815	141	15	1	4
848	141	8	1	4
42	141	2	1	3
303	141	3	1	3
290	141	10	1	4
25	141	5	1	4
234	141	14	1	3
7	141	7	1	5
393	141	13	1	2
716	141	16	1	4
561	141	1	1	2
276	141	16	1	4
267	141	7	1	4
379	141	19	1	4
435	141	15	1	2
562	141	2	1	4
405	141	5	1	2
308	141	8	1	3
378	141	18	1	3
263	141	3	1	5
85	141	5	1	3
496	141	16	1	3
694	141	14	1	5
268	141	8	1	3
472	141	12	1	4
807	141	7	1	3
804	141	4	1	3
326	141	6	1	3
846	141	6	1	4
504	141	4	1	3
536	141	16	1	4
450	141	10	1	3
642	141	2	1	4
474	141	14	1	4
311	141	11	1	4
843	141	3	1	4
756	141	16	1	3
60	141	0	1	3
862	141	2	1	4
95	141	15	1	4
339	161	19	1	3
804	161	4	1	4
653	161	13	1	4
500	161	0	1	2
474	161	14	1	4
363	161	3	1	4
221	161	1	1	3
715	161	15	1	5
469	161	9	1	3
709	161	9	1	5
756	161	16	1	3
37	161	17	1	5
497	161	17	1	5
38	161	18	1	5
70	161	10	1	3
896	161	16	1	3
128	161	8	1	5
44	161	4	1	4
478	161	18	1	3
401	161	1	1	2
378	161	18	1	4
49	161	9	1	1
796	161	16	1	5
524	161	4	1	4
826	161	6	1	3
328	161	8	1	4
766	161	6	1	3
786	161	6	1	4
843	161	3	1	2
109	161	9	1	3
442	161	2	1	3
671	161	11	1	5
632	161	12	1	3
472	161	12	1	5
102	161	2	1	2
425	161	5	1	3
757	161	17	1	3
693	161	13	1	3
435	161	15	1	3
92	161	12	1	2
621	161	1	1	3
16	161	16	1	5
566	161	6	1	4
399	161	19	1	3
901	161	1	1	5
293	161	13	1	2
311	161	11	1	4
738	161	18	1	4
806	161	6	1	3
778	161	18	1	3
389	161	9	1	2
851	161	11	1	3
479	161	19	1	3
487	161	7	1	5
295	161	15	1	4
694	161	14	1	4
533	161	13	1	4
846	161	6	1	4
87	161	7	1	5
276	161	16	1	3
267	161	7	1	4
643	161	3	1	3
393	161	13	1	4
416	161	16	1	4
95	161	15	1	3
640	161	0	1	4
798	161	18	1	3
286	161	6	1	2
893	161	13	1	5
885	161	5	1	4
64	161	4	1	3
198	161	18	1	3
269	161	9	1	1
346	161	6	1	3
7	161	7	1	3
660	161	0	1	1
290	161	10	1	4
307	161	7	1	3
899	161	19	1	4
455	161	15	1	4
584	161	4	1	4
437	161	17	1	2
450	161	10	1	5
271	161	11	1	2
880	161	0	1	2
188	161	8	1	3
94	161	14	1	3
13	161	13	1	5
12	161	12	1	5
334	161	14	1	3
373	161	13	1	4
648	161	8	1	3
244	161	4	1	4
586	161	6	1	5
56	161	16	1	4
280	161	0	1	4
606	161	6	1	4
521	161	1	1	2
943	161	3	1	4
91	161	11	1	3
650	161	10	1	3
661	161	1	1	4
622	161	2	1	3
830	161	10	1	4
790	161	10	1	4
314	161	14	1	5
670	161	10	1	2
727	161	7	1	4
308	161	8	1	3
246	161	6	1	3
659	161	19	1	3
454	161	14	1	4
178	161	18	1	5
222	161	2	1	4
303	161	3	1	5
897	161	17	1	5
577	161	17	1	5
177	161	17	1	3
844	161	4	1	3
152	161	12	1	5
774	161	14	1	2
711	161	11	1	4
749	161	9	1	3
807	161	7	1	4
30	161	10	1	4
184	161	4	1	2
551	161	11	1	5
83	161	3	1	4
466	161	6	1	2
932	161	12	1	3
320	161	0	1	4
318	161	18	1	3
627	161	7	1	2
871	161	11	1	5
751	161	11	1	2
23	161	3	1	2
655	161	15	1	2
207	161	7	1	4
940	161	0	1	3
230	161	10	1	5
268	161	8	1	3
934	161	14	1	4
721	161	1	1	5
193	161	13	1	3
922	161	2	1	3
85	161	5	1	4
847	161	7	1	2
160	161	0	1	3
618	161	18	1	4
22	161	2	1	4
387	161	7	1	1
197	161	17	1	4
158	161	18	1	2
110	161	10	1	5
313	161	13	1	4
345	161	5	1	3
330	161	10	1	4
504	161	4	1	4
1	161	1	1	4
543	161	3	1	4
684	161	4	1	3
468	161	8	1	3
545	161	5	1	4
495	161	15	1	4
72	161	12	1	5
600	161	0	1	4
194	161	14	1	4
436	161	16	1	4
506	161	6	1	4
405	161	5	1	1
394	161	14	1	4
562	161	2	1	3
682	161	2	1	3
833	161	13	1	1
106	161	6	1	3
42	161	2	1	4
823	161	3	1	3
417	161	17	1	3
889	161	9	1	4
918	161	18	1	1
301	161	1	1	3
407	161	7	1	2
705	161	5	1	5
532	161	12	1	5
593	161	13	1	5
457	161	17	1	4
484	161	4	1	4
327	161	7	1	3
374	161	14	1	5
326	161	6	1	3
200	161	0	1	4
43	161	3	1	4
746	161	6	1	3
505	161	5	1	3
821	161	1	1	4
411	161	11	1	2
886	161	6	1	5
379	161	19	1	2
864	161	4	1	4
249	161	9	1	3
881	161	1	1	3
234	161	14	1	3
59	161	19	1	3
429	161	9	1	3
868	161	8	1	2
933	161	13	1	2
452	161	12	1	5
210	161	10	1	5
619	161	19	1	4
60	161	0	1	4
130	161	10	1	4
256	161	16	1	5
716	161	16	1	3
380	161	0	1	2
805	161	5	1	1
916	161	16	1	3
456	161	16	1	3
10	161	10	1	4
638	161	18	1	4
588	161	8	1	4
23	181	3	1	4
328	181	8	1	4
368	181	8	1	4
596	181	16	1	4
14	181	14	1	5
178	181	18	1	5
771	181	11	1	4
904	181	4	1	3
411	181	11	1	5
679	181	19	1	5
376	181	16	1	4
807	181	7	1	5
398	181	18	1	4
271	181	11	1	5
429	181	9	1	5
180	181	0	1	2
466	181	6	1	4
117	181	17	1	5
217	181	17	1	1
263	181	3	1	4
714	181	14	1	5
164	181	4	1	5
247	181	7	1	4
239	181	19	1	3
150	181	10	1	5
781	181	1	1	5
416	181	16	1	5
632	181	12	1	5
293	181	13	1	3
582	181	2	1	4
648	181	8	1	5
274	181	14	1	5
83	181	3	1	4
694	181	14	1	5
339	181	19	1	4
901	181	1	1	4
864	181	4	1	5
95	181	15	1	4
566	181	6	1	2
257	181	17	1	5
308	181	8	1	4
516	181	16	1	4
60	181	0	1	4
51	181	11	1	5
786	181	6	1	4
867	181	7	1	5
791	181	11	1	5
886	181	6	1	5
299	181	19	1	3
910	181	10	1	1
277	181	17	1	3
313	181	13	1	4
153	181	13	1	1
296	181	16	1	5
674	181	14	1	4
682	181	2	1	5
676	181	16	1	5
654	181	14	1	3
521	181	1	1	4
689	181	9	1	5
399	181	19	1	3
697	181	17	1	4
392	181	12	1	5
759	181	19	1	5
45	181	5	1	4
709	181	9	1	4
708	181	8	1	5
30	181	10	1	4
378	181	18	1	4
779	181	19	1	5
297	181	17	1	4
46	181	6	1	4
705	181	5	1	5
345	181	5	1	4
650	181	10	1	4
826	181	6	1	5
25	181	5	1	5
77	181	17	1	3
525	181	5	1	4
267	181	7	1	5
747	181	7	1	5
49	181	9	1	1
71	181	11	1	3
538	181	18	1	3
661	181	1	1	5
1	181	1	1	5
562	181	2	1	3
630	181	10	1	3
532	181	12	1	5
666	181	6	1	2
56	181	16	1	5
92	181	12	1	4
843	181	3	1	3
287	181	7	1	3
265	181	5	1	2
711	181	11	1	4
222	181	2	1	4
63	181	3	1	3
210	181	10	1	5
445	181	5	1	2
268	181	8	1	4
871	181	11	1	3
184	181	4	1	4
896	181	16	1	5
844	181	4	1	5
280	181	0	1	3
507	181	7	1	5
245	181	5	1	4
201	181	1	1	2
403	181	3	1	4
307	181	7	1	5
276	181	16	1	5
194	181	14	1	3
337	181	17	1	2
87	181	7	1	5
600	181	0	1	4
748	181	8	1	4
69	181	9	1	5
594	181	14	1	3
373	181	13	1	5
298	181	18	1	4
499	181	19	1	3
291	181	11	1	5
251	181	11	1	4
890	181	10	1	4
757	181	17	1	3
839	181	19	1	3
821	181	1	1	4
89	181	9	1	4
432	181	12	1	5
115	181	15	1	4
221	181	1	1	4
823	181	3	1	4
554	181	14	1	4
773	181	13	1	5
397	181	17	1	4
850	181	10	1	5
806	181	6	1	2
393	181	13	1	4
72	181	12	1	1
230	181	10	1	4
66	181	6	1	5
182	181	2	1	5
758	181	18	1	4
57	181	17	1	5
840	181	0	1	3
385	181	5	1	1
727	181	7	1	3
671	181	11	1	5
660	181	0	1	4
887	181	7	1	5
879	181	19	1	4
509	181	9	1	4
782	181	2	1	3
514	181	14	1	4
53	181	13	1	4
303	181	3	1	5
5	181	5	1	5
730	181	10	1	2
899	181	19	1	3
162	181	2	1	4
749	181	9	1	5
645	181	5	1	4
248	181	8	1	4
712	181	12	1	5
32	181	12	1	4
250	181	10	1	4
395	181	15	1	5
592	181	12	1	3
359	181	19	1	5
468	181	8	1	3
621	181	1	1	5
214	181	14	1	3
743	181	3	1	3
188	181	8	1	3
91	181	11	1	5
892	181	12	1	4
142	181	2	1	5
327	181	7	1	4
422	181	2	1	4
804	181	4	1	5
119	181	19	1	4
42	181	2	1	5
417	181	17	1	3
20	181	0	1	4
716	181	16	1	4
231	181	11	1	4
311	181	11	1	4
698	181	18	1	3
494	181	14	1	4
369	181	9	1	5
935	181	15	1	4
936	181	16	1	4
203	181	3	1	5
831	181	11	1	5
736	181	16	1	2
340	181	0	1	4
279	181	19	1	3
407	181	7	1	3
109	181	9	1	5
215	181	15	1	4
413	181	13	1	5
270	181	10	1	4
58	181	18	1	3
703	181	3	1	5
756	181	16	1	4
168	181	8	1	4
496	181	16	1	5
542	181	2	1	4
406	181	6	1	5
360	181	0	1	4
474	181	14	1	5
537	181	17	1	2
301	181	1	1	5
148	181	8	1	5
244	181	4	1	4
897	181	17	1	3
453	181	13	1	5
347	181	7	1	5
895	181	15	1	5
595	181	15	1	5
379	181	19	1	4
495	181	15	1	5
185	181	5	1	4
625	181	5	1	4
669	181	9	1	5
686	181	6	1	4
467	181	7	1	3
663	181	3	1	4
386	181	6	1	3
290	181	10	1	5
506	181	6	1	5
169	181	9	1	5
490	181	10	1	4
504	181	4	1	3
875	181	15	1	4
715	181	15	1	4
256	181	16	1	4
588	181	8	1	5
22	181	2	1	5
601	181	1	1	5
619	181	19	1	4
128	181	8	1	4
94	181	14	1	4
637	181	17	1	4
165	181	5	1	5
934	181	14	1	4
102	181	2	1	2
198	181	18	1	4
363	181	3	1	5
555	181	15	1	5
99	181	19	1	5
805	181	5	1	3
931	181	11	1	4
189	181	9	1	3
862	181	2	1	5
832	181	12	1	3
526	181	6	1	4
919	181	19	1	4
581	181	1	1	3
380	181	0	1	3
493	181	13	1	5
513	181	13	1	5
108	181	8	1	3
183	181	3	1	2
776	181	16	1	4
294	181	14	1	5
882	181	2	1	5
346	181	6	1	5
232	181	12	1	4
800	181	0	1	4
533	181	13	1	5
68	181	8	1	5
793	181	13	1	4
48	181	8	1	5
161	181	1	1	2
329	181	9	1	4
710	181	10	1	3
643	181	3	1	3
144	181	4	1	4
437	181	17	1	4
488	181	8	1	4
479	181	19	1	5
310	181	10	1	4
941	181	1	1	5
789	181	9	1	4
323	181	3	1	5
236	181	16	1	4
846	181	6	1	5
234	181	14	1	3
571	181	11	1	4
211	181	11	1	1
706	181	6	1	4
452	181	12	1	4
464	181	4	1	3
623	181	3	1	5
409	181	9	1	4
454	181	14	1	3
921	181	1	1	5
603	181	3	1	5
902	181	2	1	3
848	181	8	1	5
889	181	9	1	4
770	181	10	1	3
216	181	16	1	3
552	181	12	1	3
553	181	13	1	4
870	181	10	1	4
8	181	8	1	4
563	181	3	1	4
326	181	6	1	4
330	181	10	1	5
54	181	14	1	5
209	181	9	1	4
575	181	15	1	2
465	181	5	1	3
435	181	15	1	5
82	181	2	1	4
70	181	10	1	4
684	181	4	1	4
815	181	15	1	5
940	181	0	1	3
394	181	14	1	4
462	181	2	1	4
246	181	6	1	5
655	181	15	1	3
916	181	16	1	4
833	181	13	1	2
405	181	5	1	5
457	181	17	1	4
938	181	18	1	5
484	181	4	1	5
18	181	18	1	3
922	181	2	1	5
43	181	3	1	4
618	181	18	1	5
885	181	5	1	3
746	181	6	1	5
350	181	10	1	4
387	181	7	1	4
593	181	13	1	4
659	181	19	1	3
176	181	16	1	3
62	181	2	1	4
249	181	9	1	3
447	181	7	1	5
103	181	3	1	4
44	181	4	1	4
546	181	6	1	5
501	181	1	1	4
459	181	19	1	4
638	181	18	1	5
472	181	12	1	5
523	181	3	1	5
15	181	15	1	5
742	181	2	1	3
370	181	10	1	4
550	181	10	1	5
760	181	0	1	3
3	181	3	1	4
567	181	7	1	1
371	181	11	1	3
500	181	0	1	3
59	181	19	1	5
825	181	5	1	4
561	181	1	1	3
508	181	8	1	3
497	181	17	1	5
442	181	2	1	4
101	181	1	1	4
653	181	13	1	4
390	181	10	1	4
195	181	15	1	5
530	181	10	1	3
796	181	16	1	5
145	181	5	1	5
880	181	0	1	5
374	181	14	1	3
878	181	18	1	3
907	181	7	1	4
503	181	3	1	5
55	181	15	1	4
354	181	14	1	4
458	181	18	1	2
597	181	17	1	4
868	181	8	1	5
644	181	4	1	4
312	181	12	1	4
858	181	18	1	2
586	181	6	1	4
795	181	15	1	4
540	181	0	1	4
470	181	10	1	4
869	181	9	1	3
116	181	16	1	4
838	181	18	1	5
430	181	10	1	4
551	181	11	1	2
908	181	8	1	3
766	181	6	1	4
275	181	15	1	4
483	181	3	1	4
693	181	13	1	3
41	181	1	1	4
527	181	7	1	4
141	181	1	1	4
505	181	5	1	3
96	181	16	1	5
401	181	1	1	3
541	181	1	1	5
797	181	17	1	5
560	181	0	1	4
456	181	16	1	3
891	181	11	1	3
577	181	17	1	5
121	181	1	1	5
7	181	7	1	3
269	181	9	1	2
254	181	14	1	5
151	181	11	1	5
658	181	18	1	3
913	181	13	1	3
852	181	12	1	4
292	181	12	1	4
104	181	4	1	5
528	181	8	1	5
881	181	1	1	4
125	181	5	1	5
64	181	4	1	4
517	181	17	1	4
620	181	0	1	4
624	181	4	1	4
235	181	15	1	3
524	181	4	1	3
481	181	1	1	5
580	181	0	1	5
389	181	9	1	4
450	181	10	1	4
425	181	5	1	4
548	181	8	1	4
700	181	0	1	5
798	181	18	1	5
584	181	4	1	4
725	181	5	1	4
735	181	15	1	4
678	181	18	1	3
286	181	6	1	3
545	181	5	1	5
13	181	13	1	5
295	181	15	1	4
402	181	2	1	4
933	181	13	1	2
738	181	18	1	4
334	181	14	1	4
761	181	1	1	5
549	181	9	1	4
344	181	4	1	3
305	181	5	1	4
137	181	17	1	5
923	181	3	1	5
943	181	3	1	4
486	181	6	1	4
455	181	15	1	4
606	181	6	1	5
130	181	10	1	5
498	181	18	1	2
751	181	11	1	5
213	181	13	1	4
332	181	12	1	5
834	181	14	1	5
741	181	1	1	4
536	181	16	1	5
745	181	5	1	2
262	181	2	1	3
794	181	14	1	4
438	181	18	1	4
622	181	2	1	5
238	181	18	1	3
177	181	17	1	4
699	181	19	1	3
672	181	12	1	3
158	181	18	1	3
903	181	3	1	4
535	181	15	1	4
837	181	17	1	3
419	181	19	1	4
649	181	9	1	4
642	181	2	1	5
924	181	4	1	3
665	181	5	1	4
259	181	19	1	4
774	181	14	1	3
847	181	7	1	4
26	181	6	1	4
564	181	4	1	4
487	181	7	1	4
790	181	10	1	4
602	181	2	1	5
197	181	17	1	5
753	181	13	1	3
325	181	5	1	4
721	181	1	1	5
576	181	16	1	4
352	181	12	1	4
830	181	10	1	5
85	181	5	1	4
207	181	7	1	3
246	201	6	1	5
537	201	17	1	3
833	201	13	1	4
363	201	3	1	2
527	201	7	1	3
56	201	16	1	4
19	201	19	1	3
604	201	4	1	3
425	201	5	1	3
560	201	0	1	3
658	201	18	1	3
59	201	19	1	4
795	201	15	1	4
44	201	4	1	2
617	201	17	1	1
409	201	9	1	1
216	201	16	1	3
28	201	8	1	3
99	201	19	1	3
919	201	19	1	4
862	201	2	1	3
493	201	13	1	5
366	201	6	1	5
802	201	2	1	4
417	201	17	1	4
405	201	5	1	1
385	201	5	1	4
429	201	9	1	3
276	201	16	1	5
303	201	3	1	5
268	201	8	1	3
118	201	18	1	5
297	201	17	1	4
682	201	2	1	4
864	201	4	1	5
92	201	12	1	3
308	201	8	1	5
9	201	9	1	5
180	201	0	1	2
160	201	0	1	5
774	201	14	1	2
435	201	15	1	4
814	201	14	1	2
943	201	3	1	5
368	201	8	1	5
305	201	5	1	3
77	201	17	1	4
1	201	1	1	3
880	201	0	1	4
279	201	19	1	5
21	201	1	1	5
272	201	12	1	3
198	201	18	1	3
422	201	2	1	4
13	201	13	1	1
7	201	7	1	2
476	201	16	1	4
87	201	7	1	2
447	201	7	1	2
125	201	5	1	3
264	201	4	1	5
761	201	1	1	2
606	201	6	1	4
94	201	14	1	4
632	201	12	1	4
22	201	2	1	4
372	201	12	1	2
201	201	1	1	4
287	201	7	1	5
592	201	12	1	5
727	201	7	1	4
671	201	11	1	3
897	201	17	1	5
886	201	6	1	3
301	201	1	1	4
601	201	1	1	5
452	201	12	1	1
327	201	7	1	5
495	201	15	1	2
102	201	2	1	2
479	201	19	1	4
367	201	7	1	5
387	201	7	1	5
561	201	1	1	3
868	201	8	1	2
407	201	7	1	4
896	201	16	1	3
660	201	0	1	3
640	201	0	1	4
894	221	14	1	4
17	221	17	1	2
503	221	3	1	5
224	221	4	1	2
234	221	14	1	2
567	221	7	1	5
131	221	11	1	3
201	221	1	1	3
227	221	7	1	4
257	221	17	1	3
277	221	17	1	4
906	221	6	1	4
199	221	19	1	4
296	221	16	1	5
239	221	19	1	5
634	221	14	1	1
85	221	5	1	2
535	221	15	1	3
655	221	15	1	3
177	221	17	1	3
592	221	12	1	5
594	221	14	1	4
89	221	9	1	1
385	221	5	1	5
840	221	0	1	4
158	221	18	1	2
445	221	5	1	1
501	221	1	1	3
794	221	14	1	4
492	221	12	1	3
10	221	10	1	4
397	221	17	1	4
524	221	4	1	4
699	221	19	1	4
773	221	13	1	2
243	221	3	1	5
184	221	4	1	5
537	221	17	1	3
214	221	14	1	5
470	221	10	1	4
758	221	18	1	3
334	221	14	1	5
733	221	13	1	4
271	221	11	1	3
90	221	10	1	4
590	221	10	1	4
144	221	4	1	3
474	221	14	1	4
936	221	16	1	4
919	221	19	1	4
6	221	6	1	4
707	221	7	1	4
486	221	6	1	4
354	221	14	1	4
463	221	3	1	5
437	221	17	1	5
150	221	10	1	4
581	221	1	1	2
303	221	3	1	5
358	221	18	1	5
1	221	1	1	5
533	221	13	1	3
345	221	5	1	5
174	221	14	1	4
321	221	1	1	5
430	221	10	1	5
216	221	16	1	4
460	221	0	1	4
916	221	16	1	4
331	221	11	1	4
450	221	10	1	4
181	221	1	1	1
18	221	18	1	5
116	221	16	1	4
416	241	16	1	5
679	241	19	1	3
158	241	18	1	4
295	241	15	1	5
184	241	4	1	3
387	241	7	1	1
790	241	10	1	5
716	241	16	1	3
621	241	1	1	4
8	241	8	1	4
705	241	5	1	4
95	241	15	1	3
268	241	8	1	3
896	241	16	1	5
244	241	4	1	4
479	241	19	1	3
299	241	19	1	3
11	241	11	1	4
671	241	11	1	5
94	241	14	1	4
82	241	2	1	3
788	241	8	1	5
450	241	10	1	4
276	241	16	1	4
320	241	0	1	4
5	241	5	1	1
343	241	3	1	3
312	241	12	1	3
187	241	7	1	3
393	241	13	1	4
43	241	3	1	4
62	241	2	1	1
346	241	6	1	4
521	241	1	1	4
826	241	6	1	4
629	241	9	1	5
506	241	6	1	2
618	241	18	1	4
399	241	19	1	4
537	241	17	1	3
178	241	18	1	5
757	241	17	1	3
198	241	18	1	3
254	241	14	1	4
183	241	3	1	4
301	241	1	1	3
606	241	6	1	3
771	241	11	1	1
13	241	13	1	3
345	241	5	1	4
167	241	7	1	5
425	241	5	1	2
846	241	6	1	4
354	241	14	1	3
848	241	8	1	5
374	241	14	1	5
270	241	10	1	5
303	241	3	1	4
152	241	12	1	4
59	241	19	1	4
405	241	5	1	1
627	241	7	1	4
102	241	2	1	3
249	241	9	1	5
326	241	6	1	3
638	241	18	1	3
561	241	1	1	2
92	241	12	1	3
586	241	6	1	4
455	241	15	1	4
222	241	2	1	3
457	241	17	1	3
308	241	8	1	4
694	241	14	1	3
200	241	0	1	4
805	241	5	1	2
197	241	17	1	3
234	241	14	1	2
883	241	3	1	4
429	241	9	1	3
593	241	13	1	5
85	241	5	1	3
601	241	1	1	4
201	241	1	1	2
194	241	14	1	2
271	241	11	1	3
933	241	13	1	2
711	241	11	1	4
830	241	10	1	4
758	241	18	1	3
524	241	4	1	5
551	241	11	1	4
380	241	0	1	2
207	241	7	1	3
774	241	14	1	4
577	241	17	1	5
328	241	8	1	5
466	241	6	1	5
877	241	17	1	4
503	241	3	1	5
90	241	10	1	5
151	241	11	1	3
269	241	9	1	1
682	241	2	1	4
64	241	4	1	3
844	241	4	1	4
619	241	19	1	5
532	241	12	1	5
18	241	18	1	3
600	241	0	1	5
776	241	16	1	1
339	241	19	1	4
373	241	13	1	5
484	241	4	1	3
347	241	7	1	3
72	241	12	1	4
7	241	7	1	4
871	241	11	1	3
1	241	1	1	4
22	241	2	1	3
741	241	1	1	4
280	241	0	1	2
916	241	16	1	4
659	241	19	1	3
378	241	18	1	4
189	241	9	1	3
311	241	11	1	3
886	241	6	1	4
36	261	16	1	5
909	261	9	1	5
141	261	1	1	1
853	261	13	1	3
510	261	10	1	2
462	261	2	1	2
13	261	13	1	1
21	261	1	1	1
812	261	12	1	1
489	261	9	1	2
502	261	2	1	2
644	261	4	1	4
35	261	15	1	3
587	261	7	1	3
451	261	11	1	2
942	261	2	1	4
1	261	1	1	1
88	261	8	1	5
6	261	6	1	3
919	261	19	1	3
181	261	1	1	1
602	261	2	1	3
424	261	4	1	3
802	261	2	1	3
479	261	19	1	1
592	261	12	1	1
506	261	6	1	3
761	261	1	1	1
137	261	17	1	5
847	261	7	1	1
782	261	2	1	2
130	261	10	1	4
300	261	0	1	3
397	261	17	1	1
803	261	3	1	1
319	261	19	1	3
851	261	11	1	3
233	261	13	1	5
222	261	2	1	1
364	261	4	1	2
559	261	19	1	3
721	261	1	1	3
298	261	18	1	4
82	281	2	1	3
294	281	14	1	3
344	281	4	1	3
276	281	16	1	3
207	281	7	1	3
244	281	4	1	3
301	281	1	1	4
217	281	17	1	2
251	281	11	1	4
796	281	16	1	4
825	281	5	1	3
296	281	16	1	2
328	281	8	1	4
627	281	7	1	3
817	281	17	1	4
108	281	8	1	4
455	281	15	1	3
94	281	14	1	3
821	281	1	1	3
83	281	3	1	5
746	281	6	1	3
255	281	15	1	1
548	281	8	1	4
897	281	17	1	4
504	281	4	1	4
880	281	0	1	4
354	281	14	1	1
786	281	6	1	4
552	281	12	1	3
719	281	19	1	3
465	281	5	1	2
190	281	10	1	3
189	281	9	1	2
503	281	3	1	3
145	281	5	1	4
393	281	13	1	4
213	281	13	1	4
378	281	18	1	3
907	281	7	1	5
923	281	3	1	4
53	281	13	1	4
445	281	5	1	1
437	281	17	1	1
450	281	10	1	4
21	281	1	1	2
540	281	0	1	3
386	281	6	1	3
620	281	0	1	5
7	281	7	1	3
764	281	4	1	3
903	281	3	1	4
891	281	11	1	5
693	281	13	1	3
109	281	9	1	2
429	281	9	1	3
438	281	18	1	4
759	281	19	1	4
506	281	6	1	3
164	281	4	1	4
537	281	17	1	1
560	281	0	1	3
27	281	7	1	3
373	281	13	1	3
663	281	3	1	3
936	281	16	1	4
564	281	4	1	3
634	281	14	1	4
303	281	3	1	3
181	281	1	1	2
406	281	6	1	3
396	281	16	1	3
619	281	19	1	4
92	281	12	1	3
85	281	5	1	3
188	281	8	1	3
580	281	0	1	2
881	281	1	1	3
66	281	6	1	4
943	281	3	1	4
733	281	13	1	2
374	281	14	1	3
798	281	18	1	4
935	281	15	1	5
327	281	7	1	3
788	281	8	1	4
690	281	10	1	3
660	281	0	1	3
614	281	14	1	3
577	281	17	1	3
479	281	19	1	3
606	281	6	1	4
829	281	9	1	3
270	281	10	1	5
894	281	14	1	3
298	281	18	1	3
57	281	17	1	4
672	281	12	1	3
930	281	10	1	4
42	281	2	1	3
130	281	10	1	4
425	281	5	1	2
592	281	12	1	4
442	281	2	1	3
486	281	6	1	3
178	281	18	1	3
711	281	11	1	3
525	281	5	1	3
524	281	4	1	2
896	281	16	1	2
168	281	8	1	2
854	281	14	1	3
144	281	4	1	3
2	281	2	1	3
650	281	10	1	2
500	281	0	1	3
569	281	9	1	3
222	281	2	1	3
194	281	14	1	2
416	281	16	1	5
708	281	8	1	4
13	281	13	1	3
447	281	7	1	3
87	281	7	1	4
778	281	18	1	2
717	281	17	1	4
714	281	14	1	3
101	281	1	1	2
186	281	6	1	4
533	281	13	1	4
682	281	2	1	3
62	281	2	1	3
269	281	9	1	1
655	281	15	1	2
141	281	1	1	4
835	281	15	1	4
201	281	1	1	2
839	281	19	1	3
931	281	11	1	3
741	281	1	1	2
381	281	1	1	2
916	281	16	1	3
56	281	16	1	2
551	281	11	1	5
648	281	8	1	3
938	281	18	1	2
586	281	6	1	3
276	301	16	1	4
15	301	15	1	4
861	301	1	1	4
509	301	9	1	2
629	301	9	1	3
342	301	2	1	5
459	301	19	1	2
523	301	3	1	4
338	301	18	1	4
552	301	12	1	4
831	301	11	1	2
224	301	4	1	3
234	301	14	1	3
589	301	9	1	2
593	301	13	1	4
351	301	11	1	3
730	301	10	1	1
111	301	11	1	4
75	301	15	1	4
587	301	7	1	3
184	301	4	1	3
4	301	4	1	5
752	301	12	1	4
399	301	19	1	4
907	301	7	1	4
588	301	8	1	5
563	301	3	1	4
209	301	9	1	3
146	301	6	1	2
570	301	10	1	3
191	301	11	1	4
324	301	4	1	5
460	301	0	1	3
8	301	8	1	4
811	301	11	1	5
318	301	18	1	4
796	301	16	1	1
74	301	14	1	3
673	301	13	1	3
414	301	14	1	3
391	301	11	1	4
192	301	12	1	4
90	301	10	1	4
489	301	9	1	3
750	301	10	1	4
79	301	19	1	3
902	301	2	1	2
650	301	10	1	2
451	301	11	1	4
851	301	11	1	3
572	301	12	1	4
437	301	17	1	3
605	301	5	1	3
279	301	19	1	4
547	301	7	1	3
102	301	2	1	3
724	301	4	1	4
420	301	0	1	3
448	301	8	1	1
315	301	15	1	2
635	301	15	1	3
400	301	0	1	4
770	301	10	1	4
428	301	8	1	4
791	301	11	1	3
30	301	10	1	4
532	301	12	1	4
526	301	6	1	2
88	301	8	1	4
624	301	4	1	3
450	301	10	1	4
482	301	2	1	4
667	301	7	1	1
464	301	4	1	4
828	301	8	1	2
147	301	7	1	5
919	301	19	1	3
425	301	5	1	4
608	301	8	1	1
535	301	15	1	4
744	301	4	1	3
820	301	0	1	2
389	301	9	1	4
801	301	1	1	5
85	301	5	1	4
378	301	18	1	3
181	301	1	1	2
937	301	17	1	1
810	301	10	1	5
173	301	13	1	5
193	301	13	1	4
388	301	8	1	4
940	301	0	1	3
913	301	13	1	1
110	301	10	1	2
169	301	9	1	4
880	301	0	1	4
13	301	13	1	1
151	301	11	1	4
463	301	3	1	5
611	301	11	1	4
560	301	0	1	3
485	301	5	1	2
149	301	9	1	3
847	301	7	1	5
376	301	16	1	3
895	301	15	1	4
163	301	3	1	3
637	301	17	1	1
755	301	15	1	3
683	301	3	1	2
915	301	15	1	2
695	301	15	1	3
455	301	15	1	2
657	301	17	1	3
631	301	11	1	4
413	301	13	1	3
302	301	2	1	4
327	301	7	1	3
651	301	11	1	3
281	301	1	1	3
152	301	12	1	3
905	301	5	1	4
860	301	0	1	2
721	301	1	1	4
640	301	0	1	2
592	301	12	1	1
666	301	6	1	4
621	301	1	1	4
47	301	7	1	4
257	301	17	1	3
261	301	1	1	4
439	301	19	1	3
936	301	16	1	3
628	301	8	1	4
735	301	15	1	3
743	301	3	1	4
782	301	2	1	3
2	301	2	1	4
404	301	4	1	3
416	301	16	1	5
458	301	18	1	1
788	301	8	1	2
747	301	7	1	1
119	301	19	1	4
514	301	14	1	4
524	301	4	1	4
286	301	6	1	5
739	301	19	1	5
645	301	5	1	2
11	301	11	1	4
665	301	5	1	4
544	301	4	1	2
783	301	3	1	4
438	301	18	1	4
569	301	9	1	4
334	301	14	1	2
827	301	7	1	4
78	301	18	1	5
920	301	0	1	2
539	301	19	1	5
768	301	8	1	5
660	301	0	1	3
363	301	3	1	3
568	301	8	1	1
39	301	19	1	3
278	301	18	1	2
112	301	12	1	3
61	301	1	1	1
89	301	9	1	5
104	301	4	1	2
853	301	13	1	1
751	301	11	1	5
319	301	19	1	4
140	301	0	1	3
418	301	18	1	2
238	301	18	1	3
499	301	19	1	4
6	301	6	1	2
641	301	1	1	4
49	301	9	1	3
711	301	11	1	4
244	301	4	1	2
429	301	9	1	3
871	301	11	1	4
159	301	19	1	2
294	301	14	1	4
134	301	14	1	2
697	301	17	1	5
486	301	6	1	4
287	301	7	1	3
179	301	19	1	4
353	301	13	1	3
537	301	17	1	2
672	301	12	1	4
365	301	5	1	5
145	301	5	1	4
529	301	9	1	4
345	301	5	1	4
758	301	18	1	3
204	301	4	1	4
655	301	15	1	2
446	301	6	1	3
296	301	16	1	5
487	301	7	1	4
656	301	16	1	3
785	301	5	1	4
83	301	3	1	2
240	301	0	1	5
210	301	10	1	4
297	301	17	1	4
220	301	0	1	4
717	301	17	1	4
63	301	3	1	5
863	301	3	1	4
328	301	8	1	2
652	301	12	1	1
344	301	4	1	4
616	301	16	1	3
43	301	3	1	5
103	301	3	1	4
710	301	10	1	3
500	301	0	1	2
284	301	4	1	5
21	301	1	1	4
555	301	15	1	4
725	301	5	1	4
550	301	10	1	2
502	301	2	1	1
116	301	16	1	3
458	321	18	1	3
742	321	2	1	3
732	321	12	1	3
803	321	3	1	4
721	321	1	1	3
185	321	5	1	5
89	321	9	1	4
153	321	13	1	3
130	321	10	1	5
692	321	12	1	3
327	321	7	1	3
825	321	5	1	3
725	321	5	1	2
88	321	8	1	1
446	321	6	1	4
874	321	14	1	3
181	321	1	1	2
59	321	19	1	4
98	321	18	1	3
400	321	0	1	4
383	321	3	1	5
308	321	8	1	3
113	321	13	1	3
919	321	19	1	2
461	321	1	1	3
824	321	4	1	2
448	321	8	1	4
177	321	17	1	2
362	321	2	1	2
140	321	0	1	4
805	321	5	1	3
574	321	14	1	1
926	321	6	1	3
69	321	9	1	4
107	321	7	1	2
624	321	4	1	4
940	321	0	1	4
203	321	3	1	3
306	321	6	1	3
752	321	12	1	3
556	321	16	1	4
466	321	6	1	2
6	321	6	1	3
863	321	3	1	4
30	321	10	1	4
460	321	0	1	3
468	321	8	1	3
401	321	1	1	2
547	321	7	1	4
570	321	10	1	1
720	321	0	1	4
537	321	17	1	3
839	321	19	1	1
464	321	4	1	4
429	321	9	1	3
811	321	11	1	3
861	321	1	1	1
155	321	15	1	4
378	321	18	1	3
43	321	3	1	3
40	321	0	1	4
673	321	13	1	3
878	321	18	1	2
683	321	3	1	5
486	321	6	1	3
360	321	0	1	3
860	321	0	1	3
915	321	15	1	3
451	321	11	1	3
197	321	17	1	3
784	321	4	1	3
123	321	3	1	4
149	321	9	1	2
529	321	9	1	4
87	321	7	1	2
26	321	6	1	3
194	321	14	1	3
810	321	10	1	5
176	321	16	1	4
13	321	13	1	2
413	321	13	1	3
608	321	8	1	2
819	321	19	1	4
63	321	3	1	3
223	321	3	1	1
111	321	11	1	3
524	321	4	1	3
387	321	7	1	3
179	321	19	1	1
261	321	1	1	3
204	321	4	1	1
542	321	2	1	4
672	321	12	1	4
489	321	9	1	3
100	321	0	1	1
47	321	7	1	4
209	321	9	1	4
906	321	6	1	4
857	321	17	1	4
365	321	5	1	5
798	321	18	1	3
376	321	16	1	3
184	321	4	1	5
764	321	4	1	1
354	321	14	1	2
587	321	7	1	2
743	321	3	1	2
57	321	17	1	4
16	321	16	1	3
485	321	5	1	3
169	321	9	1	3
227	321	7	1	3
782	321	2	1	2
663	321	3	1	5
503	321	3	1	2
866	321	6	1	3
438	321	18	1	5
563	321	3	1	5
854	321	14	1	3
699	321	19	1	3
364	321	4	1	2
799	321	19	1	4
201	321	1	1	3
250	321	10	1	5
31	321	11	1	4
675	321	15	1	2
482	321	2	1	3
569	321	9	1	4
473	321	13	1	2
151	321	11	1	4
936	321	16	1	3
435	321	15	1	3
560	321	0	1	3
392	321	12	1	5
234	321	14	1	2
393	321	13	1	3
905	321	5	1	4
3	321	3	1	5
112	321	12	1	3
488	321	8	1	3
582	321	2	1	3
901	321	1	1	1
224	321	4	1	2
311	321	11	1	3
324	321	4	1	3
10	321	10	1	4
35	321	15	1	3
796	321	16	1	2
875	321	15	1	3
273	321	13	1	4
303	321	3	1	3
370	321	10	1	2
892	321	12	1	5
318	321	18	1	4
664	321	4	1	3
21	321	1	1	3
772	321	12	1	5
173	321	13	1	4
462	321	2	1	5
687	321	7	1	4
873	321	13	1	1
655	321	15	1	3
455	321	15	1	2
575	321	15	1	3
735	321	15	1	3
279	321	19	1	5
266	321	6	1	3
135	321	15	1	4
409	321	9	1	2
688	341	8	1	5
7	341	7	1	3
8	341	8	1	2
427	341	7	1	5
286	341	6	1	5
13	341	13	1	2
351	341	11	1	4
3	341	3	1	1
634	341	14	1	2
485	341	5	1	4
405	341	5	1	1
782	361	2	1	3
724	361	4	1	1
405	361	5	1	2
206	361	6	1	1
863	361	3	1	5
628	361	8	1	5
787	361	7	1	3
440	361	0	1	5
4	361	4	1	5
242	361	2	1	5
639	381	19	1	2
299	381	19	1	3
198	381	18	1	3
151	381	11	1	5
911	381	11	1	5
436	381	16	1	4
914	381	14	1	3
861	381	1	1	4
894	381	14	1	3
342	381	2	1	5
429	381	9	1	3
23	381	3	1	4
771	381	11	1	3
478	381	18	1	5
167	381	7	1	5
579	381	19	1	3
184	381	4	1	4
264	381	4	1	4
174	381	14	1	5
751	381	11	1	1
233	381	13	1	4
880	381	0	1	4
807	381	7	1	2
576	381	16	1	3
877	381	17	1	4
498	381	18	1	3
435	381	15	1	4
271	381	11	1	3
884	381	4	1	5
257	381	17	1	5
475	381	15	1	4
711	381	11	1	5
860	381	0	1	3
345	381	5	1	4
654	381	14	1	3
449	381	9	1	4
886	381	6	1	2
666	381	6	1	3
819	381	19	1	4
280	381	0	1	3
538	381	18	1	3
201	381	1	1	3
89	381	9	1	4
268	381	8	1	3
629	381	9	1	4
859	381	19	1	4
327	381	7	1	4
786	381	6	1	3
406	381	6	1	3
208	381	8	1	3
94	381	14	1	4
5	381	5	1	1
12	381	12	1	4
716	381	16	1	4
58	381	18	1	4
474	381	14	1	4
318	381	18	1	1
707	381	7	1	3
379	381	19	1	5
128	381	8	1	3
378	381	18	1	4
535	381	15	1	3
256	381	16	1	5
591	381	11	1	4
409	381	9	1	2
437	381	17	1	5
846	381	6	1	4
828	381	8	1	3
189	381	9	1	3
704	381	4	1	3
234	381	14	1	3
405	381	5	1	1
684	381	4	1	2
916	381	16	1	3
18	381	18	1	4
655	381	15	1	3
387	381	7	1	4
196	381	16	1	4
918	381	18	1	5
796	381	16	1	3
500	381	0	1	4
543	381	3	1	4
303	381	3	1	4
497	381	17	1	3
59	381	19	1	5
295	381	15	1	5
503	381	3	1	5
653	381	13	1	2
870	381	10	1	3
286	381	6	1	5
354	381	14	1	5
244	381	4	1	4
95	381	15	1	4
795	381	15	1	2
889	381	9	1	4
450	381	10	1	2
565	381	5	1	2
537	381	17	1	3
64	381	4	1	4
833	381	13	1	4
450	401	10	1	3
870	401	10	1	3
881	401	1	1	1
442	401	2	1	2
62	401	2	1	3
200	401	0	1	2
269	401	9	1	3
264	401	4	1	5
804	401	4	1	2
125	401	5	1	4
727	401	7	1	2
774	401	14	1	2
823	401	3	1	4
712	401	12	1	3
711	401	11	1	3
276	401	16	1	3
222	401	2	1	2
457	401	17	1	3
542	401	2	1	3
892	401	12	1	3
435	401	15	1	3
87	401	7	1	2
293	401	13	1	1
405	401	5	1	1
790	401	10	1	4
682	401	2	1	1
301	401	1	1	4
563	401	3	1	4
244	401	4	1	3
5	401	5	1	5
373	401	13	1	4
741	401	1	1	3
684	401	4	1	3
174	401	14	1	1
796	401	16	1	3
13	401	13	1	1
184	401	4	1	3
378	401	18	1	4
336	401	16	1	1
38	401	18	1	3
295	401	15	1	3
476	401	16	1	3
437	401	17	1	5
11	401	11	1	3
318	401	18	1	3
152	401	12	1	3
927	401	7	1	2
279	401	19	1	5
49	401	9	1	2
399	401	19	1	3
314	401	14	1	3
291	401	11	1	4
303	401	3	1	3
234	401	14	1	2
846	401	6	1	5
7	401	7	1	4
110	401	10	1	3
642	401	2	1	4
379	401	19	1	3
749	401	9	1	1
805	401	5	1	4
92	401	12	1	3
472	401	12	1	4
833	401	13	1	2
416	401	16	1	2
504	401	4	1	2
864	401	4	1	4
621	401	1	1	1
943	401	3	1	1
307	401	7	1	1
246	401	6	1	1
453	401	13	1	3
286	401	6	1	1
389	401	9	1	3
880	401	0	1	3
94	401	14	1	4
495	421	15	1	1
373	421	13	1	4
875	421	15	1	4
608	421	8	1	5
903	421	3	1	3
943	421	3	1	2
474	421	14	1	3
239	421	19	1	5
23	421	3	1	5
535	421	15	1	4
295	421	15	1	4
848	421	8	1	5
859	421	19	1	5
276	421	16	1	4
537	421	17	1	2
588	421	8	1	5
500	421	0	1	4
514	421	14	1	4
354	421	14	1	2
916	421	16	1	5
195	421	15	1	4
417	421	17	1	4
758	421	18	1	4
5	421	5	1	1
59	421	19	1	5
727	421	7	1	5
76	421	16	1	3
320	421	0	1	4
327	421	7	1	2
118	421	18	1	4
177	421	17	1	3
7	421	7	1	3
665	421	5	1	4
116	421	16	1	3
406	421	6	1	4
849	421	9	1	5
887	421	7	1	5
835	421	15	1	4
846	421	6	1	4
416	421	16	1	5
883	421	3	1	5
13	421	13	1	2
117	421	17	1	5
180	421	0	1	5
347	421	7	1	2
201	421	1	1	2
303	421	3	1	4
496	421	16	1	3
94	421	14	1	4
521	421	1	1	4
456	421	16	1	3
450	421	10	1	4
904	421	4	1	5
286	421	6	1	1
391	421	11	1	2
291	421	11	1	4
711	421	11	1	4
532	421	12	1	5
479	421	19	1	4
234	421	14	1	1
922	421	2	1	4
551	421	11	1	4
279	421	19	1	3
807	421	7	1	3
270	421	10	1	5
334	421	14	1	4
216	421	16	1	5
712	421	12	1	4
924	421	4	1	4
601	421	1	1	1
774	421	14	1	1
762	421	2	1	4
472	421	12	1	5
870	421	10	1	2
92	421	12	1	4
24	421	4	1	5
437	421	17	1	4
606	421	6	1	4
748	421	8	1	4
844	421	4	1	4
405	421	5	1	1
268	421	8	1	3
249	421	9	1	5
927	421	7	1	4
293	421	13	1	3
90	421	10	1	4
342	421	2	1	3
880	421	0	1	2
56	421	16	1	4
62	421	2	1	5
698	421	18	1	2
344	421	4	1	2
385	421	5	1	2
361	421	1	1	3
756	421	16	1	4
215	421	15	1	4
806	421	6	1	4
618	421	18	1	3
592	421	12	1	5
99	421	19	1	3
110	421	10	1	4
854	421	14	1	3
393	421	13	1	2
43	421	3	1	3
453	421	13	1	4
262	421	2	1	4
21	441	1	1	3
495	441	15	1	3
709	441	9	1	4
653	441	13	1	3
814	441	14	1	2
201	441	1	1	1
429	441	9	1	3
436	441	16	1	3
28	441	8	1	2
372	441	12	1	4
606	441	6	1	4
13	441	13	1	1
932	441	12	1	2
313	441	13	1	3
933	441	13	1	2
776	441	16	1	2
833	441	13	1	1
846	441	6	1	4
892	441	12	1	3
7	441	7	1	2
367	441	7	1	3
246	441	6	1	3
271	441	11	1	3
378	441	18	1	3
435	441	15	1	3
758	441	18	1	3
326	441	6	1	2
442	441	2	1	3
269	441	9	1	1
642	441	2	1	1
648	441	8	1	3
843	441	3	1	2
368	441	8	1	3
778	441	18	1	3
56	441	16	1	4
5	441	5	1	1
497	441	17	1	2
617	441	17	1	3
417	441	17	1	3
222	441	2	1	2
727	441	7	1	2
881	441	1	1	2
405	441	5	1	1
109	441	9	1	2
254	441	14	1	3
536	441	16	1	2
504	441	4	1	4
604	441	4	1	2
802	441	2	1	3
270	441	10	1	5
255	441	15	1	2
387	441	7	1	1
422	441	2	1	4
279	461	19	1	3
934	461	14	1	4
160	461	0	1	5
339	461	19	1	5
308	461	8	1	4
10	461	10	1	3
293	461	13	1	2
144	461	4	1	4
456	461	16	1	4
405	461	5	1	3
537	461	17	1	3
207	461	7	1	3
916	461	16	1	4
747	461	7	1	5
468	461	8	1	4
201	461	1	1	4
315	461	15	1	4
18	461	18	1	4
232	461	12	1	5
303	461	3	1	4
474	461	14	1	5
313	461	13	1	3
363	461	3	1	3
561	461	1	1	3
385	461	5	1	4
535	461	15	1	3
214	461	14	1	4
221	461	1	1	4
655	461	15	1	2
913	461	13	1	4
870	461	10	1	4
763	461	3	1	4
875	461	15	1	4
627	461	7	1	3
608	461	8	1	4
295	461	15	1	5
299	461	19	1	3
286	461	6	1	2
854	461	14	1	3
271	461	11	1	5
243	461	3	1	3
151	461	11	1	4
667	461	7	1	4
880	461	0	1	4
883	461	3	1	5
342	461	2	1	3
406	461	6	1	3
6	461	6	1	4
379	461	19	1	4
592	461	12	1	4
566	461	6	1	4
287	461	7	1	5
345	461	5	1	3
387	461	7	1	5
343	461	3	1	2
704	461	4	1	3
551	461	11	1	3
806	461	6	1	4
506	461	6	1	2
417	461	17	1	3
276	461	16	1	4
889	461	9	1	3
543	461	3	1	3
409	461	9	1	3
903	461	3	1	3
640	461	0	1	4
524	461	4	1	3
458	461	18	1	4
896	461	16	1	3
334	461	14	1	3
7	461	7	1	4
327	461	7	1	3
72	461	12	1	3
452	461	12	1	4
747	481	7	1	5
82	481	2	1	5
758	481	18	1	5
452	481	12	1	5
892	481	12	1	5
429	481	9	1	3
539	481	19	1	4
85	481	5	1	4
465	481	5	1	4
151	481	11	1	3
751	481	11	1	4
932	481	12	1	4
345	481	5	1	3
301	481	1	1	4
299	481	19	1	3
13	481	13	1	3
659	481	19	1	5
409	481	9	1	3
744	481	4	1	3
450	481	10	1	5
7	481	7	1	5
524	481	4	1	4
406	481	6	1	3
908	481	8	1	3
664	481	4	1	5
474	481	14	1	4
875	481	15	1	5
312	481	12	1	5
382	481	2	1	5
655	481	15	1	2
731	481	11	1	3
6	481	6	1	5
698	481	18	1	3
313	481	13	1	4
308	481	8	1	4
90	481	10	1	5
567	481	7	1	5
553	481	13	1	3
694	481	14	1	4
271	481	11	1	3
878	481	18	1	5
194	481	14	1	3
767	481	7	1	5
934	481	14	1	4
328	481	8	1	3
870	481	10	1	4
389	481	9	1	5
643	481	3	1	4
318	481	18	1	4
401	481	1	1	3
234	481	14	1	5
556	481	16	1	5
398	481	18	1	3
913	481	13	1	3
848	481	8	1	3
202	481	2	1	1
704	481	4	1	5
426	481	6	1	5
334	481	14	1	5
766	481	6	1	4
716	481	16	1	4
326	481	6	1	1
896	481	16	1	4
911	501	11	1	3
399	501	19	1	2
848	501	8	1	3
85	501	5	1	3
299	501	19	1	3
416	501	16	1	5
562	501	2	1	5
561	501	1	1	3
49	501	9	1	3
200	501	0	1	4
308	501	8	1	4
537	501	17	1	3
275	501	15	1	3
291	501	11	1	4
830	501	10	1	3
210	501	10	1	4
25	501	5	1	3
747	501	7	1	5
313	501	13	1	5
661	501	1	1	4
843	501	3	1	2
524	501	4	1	2
13	501	13	1	5
786	501	6	1	4
927	501	7	1	4
7	501	7	1	5
774	501	14	1	1
234	501	14	1	4
716	501	16	1	5
198	501	18	1	4
890	501	10	1	4
389	501	9	1	5
194	501	14	1	3
56	501	16	1	3
230	501	10	1	3
620	501	0	1	4
378	501	18	1	4
807	501	7	1	3
401	501	1	1	2
233	501	13	1	3
92	501	12	1	2
532	501	12	1	5
254	501	14	1	3
737	501	17	1	1
450	501	10	1	4
6	501	6	1	5
541	501	1	1	4
393	501	13	1	3
471	501	11	1	3
314	501	14	1	4
885	501	5	1	3
58	501	18	1	2
710	501	10	1	3
934	501	14	1	4
406	501	6	1	5
865	501	5	1	1
536	501	16	1	3
826	501	6	1	3
749	501	9	1	4
130	501	10	1	5
94	501	14	1	4
320	501	0	1	3
868	501	8	1	3
417	501	17	1	3
497	501	17	1	2
381	501	1	1	4
279	501	19	1	3
250	501	10	1	5
70	501	10	1	4
42	501	2	1	5
642	501	2	1	2
892	501	12	1	3
276	501	16	1	4
222	501	2	1	2
487	501	7	1	4
840	501	0	1	4
293	501	13	1	4
621	501	1	1	3
622	501	2	1	3
756	501	16	1	3
303	501	3	1	4
301	501	1	1	3
148	501	8	1	4
505	501	5	1	2
618	501	18	1	4
887	501	7	1	4
472	501	12	1	3
452	501	12	1	3
847	501	7	1	3
912	501	12	1	4
606	501	6	1	4
128	501	8	1	3
387	501	7	1	4
435	501	15	1	3
102	501	2	1	2
311	501	11	1	5
38	501	18	1	5
864	501	4	1	3
592	501	12	1	4
875	501	15	1	4
437	501	17	1	4
712	501	12	1	3
593	501	13	1	2
330	501	10	1	5
43	501	3	1	4
650	501	10	1	3
805	501	5	1	5
542	501	2	1	4
326	501	6	1	3
347	501	7	1	4
882	501	2	1	5
318	501	18	1	4
59	501	19	1	1
897	501	17	1	5
90	501	10	1	5
405	501	5	1	3
60	501	0	1	3
398	501	18	1	3
815	501	15	1	3
189	501	9	1	4
91	501	11	1	2
643	501	3	1	4
495	501	15	1	3
862	521	2	1	5
592	521	12	1	5
870	521	10	1	3
437	521	17	1	4
567	521	7	1	3
271	521	11	1	5
326	521	6	1	2
881	521	1	1	4
10	521	10	1	4
774	521	14	1	2
846	521	6	1	3
450	521	10	1	4
659	521	19	1	5
328	521	8	1	4
897	521	17	1	5
749	521	9	1	4
90	521	10	1	4
296	521	16	1	4
670	521	10	1	4
7	521	7	1	5
815	521	15	1	4
343	521	3	1	5
380	521	0	1	2
167	521	7	1	5
72	521	12	1	4
293	521	13	1	3
272	521	12	1	5
11	521	11	1	2
716	521	16	1	3
535	521	15	1	5
233	521	13	1	5
6	521	6	1	4
308	521	8	1	3
488	521	8	1	3
244	521	4	1	4
940	521	0	1	4
406	521	6	1	3
537	521	17	1	2
833	521	13	1	4
194	521	14	1	4
874	521	14	1	5
213	521	13	1	4
407	521	7	1	3
806	521	6	1	3
901	521	1	1	2
492	521	12	1	5
132	521	12	1	4
312	521	12	1	5
566	521	6	1	4
932	521	12	1	5
458	521	18	1	4
234	521	14	1	3
85	521	5	1	3
747	521	7	1	5
385	521	5	1	3
42	521	2	1	2
890	521	10	1	5
334	521	14	1	4
301	521	1	1	3
777	521	17	1	5
59	521	19	1	5
207	521	7	1	4
9	521	9	1	4
605	521	5	1	5
627	521	7	1	2
236	521	16	1	3
543	521	3	1	4
788	521	8	1	4
263	521	3	1	3
693	521	13	1	5
184	521	4	1	4
269	521	9	1	4
840	521	0	1	5
694	521	14	1	3
325	521	5	1	4
87	521	7	1	3
311	521	11	1	4
669	521	9	1	4
622	521	2	1	5
615	521	15	1	4
389	521	9	1	3
360	521	0	1	5
92	521	12	1	4
929	521	9	1	5
148	521	8	1	1
506	521	6	1	5
398	521	18	1	5
653	521	13	1	4
843	521	3	1	2
766	521	6	1	4
474	521	14	1	5
316	521	16	1	5
322	521	2	1	5
387	521	7	1	3
495	521	15	1	5
313	521	13	1	4
201	521	1	1	2
731	521	11	1	1
522	521	2	1	5
903	521	3	1	5
339	521	19	1	4
559	521	19	1	2
643	521	3	1	4
663	521	3	1	3
321	521	1	1	2
645	521	5	1	4
144	521	4	1	4
62	521	2	1	5
452	521	12	1	3
655	521	15	1	3
405	521	5	1	4
650	521	10	1	3
892	521	12	1	5
533	521	13	1	3
618	521	18	1	2
222	521	2	1	5
374	521	14	1	4
524	521	4	1	4
686	521	6	1	5
499	521	19	1	4
13	541	13	1	1
682	541	2	1	3
246	541	6	1	3
586	541	6	1	3
864	541	4	1	2
916	541	16	1	2
193	541	13	1	1
524	541	4	1	1
222	541	2	1	2
545	541	5	1	4
487	541	7	1	3
346	541	6	1	3
600	541	0	1	1
584	541	4	1	3
472	541	12	1	5
62	541	2	1	3
621	541	1	1	4
130	541	10	1	3
279	541	19	1	3
393	541	13	1	3
528	541	8	1	3
94	541	14	1	3
217	541	17	1	3
727	541	7	1	4
709	541	9	1	3
642	541	2	1	5
417	541	17	1	2
622	541	2	1	2
773	541	13	1	1
749	541	9	1	3
927	541	7	1	5
399	541	19	1	3
627	541	7	1	4
303	541	3	1	3
7	541	7	1	2
932	541	12	1	1
758	541	18	1	4
807	541	7	1	4
435	541	15	1	4
943	541	3	1	4
23	541	3	1	4
405	541	5	1	1
880	541	0	1	2
276	541	16	1	3
268	541	8	1	3
102	541	2	1	2
805	541	5	1	3
497	541	17	1	4
394	541	14	1	3
450	561	10	1	4
276	561	16	1	2
21	561	1	1	1
394	561	14	1	4
709	561	9	1	3
503	561	3	1	5
11	561	11	1	2
94	561	14	1	3
883	561	3	1	3
372	561	12	1	5
405	561	5	1	1
13	561	13	1	1
621	561	1	1	4
363	561	3	1	2
334	561	14	1	2
406	561	6	1	3
536	561	16	1	3
422	561	2	1	3
551	561	11	1	5
650	561	10	1	3
343	561	3	1	3
387	561	7	1	3
846	561	6	1	3
435	561	15	1	2
504	561	4	1	4
368	561	8	1	2
380	561	0	1	2
925	561	5	1	3
916	561	16	1	3
496	561	16	1	5
864	561	4	1	4
378	561	18	1	3
92	561	12	1	3
774	561	14	1	1
577	561	17	1	4
843	561	3	1	4
399	561	19	1	2
790	561	10	1	3
366	561	6	1	5
295	561	15	1	5
328	561	8	1	3
367	561	7	1	4
346	561	6	1	3
7	561	7	1	4
757	561	17	1	2
49	561	9	1	2
246	561	6	1	1
933	561	13	1	3
407	561	7	1	4
417	561	17	1	3
648	561	8	1	2
881	561	1	1	4
788	561	8	1	3
151	561	11	1	3
254	561	14	1	3
393	561	13	1	3
268	561	8	1	3
588	561	8	1	3
472	561	12	1	5
693	581	13	1	3
653	581	13	1	1
868	581	8	1	2
374	581	14	1	4
548	581	8	1	4
276	581	16	1	4
472	581	12	1	4
201	581	1	1	3
437	581	17	1	1
456	581	16	1	3
551	581	11	1	5
59	581	19	1	5
372	581	12	1	5
94	581	14	1	4
682	581	2	1	2
495	581	15	1	5
650	581	10	1	2
7	581	7	1	5
244	581	4	1	4
833	581	13	1	1
642	581	2	1	2
843	581	3	1	3
135	581	15	1	4
943	581	3	1	4
342	581	2	1	3
916	581	16	1	4
343	581	3	1	4
92	581	12	1	4
311	581	11	1	3
586	581	6	1	2
655	581	15	1	2
506	581	6	1	2
504	581	4	1	4
49	581	9	1	3
671	581	11	1	2
224	581	4	1	1
805	581	5	1	2
436	581	16	1	4
455	581	15	1	3
721	581	1	1	2
429	581	9	1	2
795	581	15	1	4
934	581	14	1	2
690	581	10	1	2
43	581	3	1	3
405	581	5	1	3
846	581	6	1	4
198	581	18	1	3
886	581	6	1	4
627	581	7	1	3
308	581	8	1	4
633	581	13	1	3
262	581	2	1	3
387	581	7	1	4
270	581	10	1	5
291	581	11	1	5
622	581	2	1	4
72	581	12	1	4
537	581	17	1	3
788	601	8	1	4
426	601	6	1	3
846	601	6	1	5
716	601	16	1	4
328	601	8	1	4
406	601	6	1	3
91	601	11	1	4
605	601	5	1	5
881	601	1	1	5
234	601	14	1	3
312	601	12	1	5
7	601	7	1	5
13	601	13	1	4
450	601	10	1	3
474	601	14	1	5
892	601	12	1	5
60	601	0	1	4
532	601	12	1	3
659	601	19	1	3
650	601	10	1	3
749	621	9	1	3
230	621	10	1	2
752	621	12	1	1
13	621	13	1	4
254	621	14	1	3
405	621	5	1	1
7	621	7	1	5
311	621	11	1	4
868	621	8	1	2
788	621	8	1	3
379	621	19	1	4
118	641	18	1	5
707	641	7	1	1
387	641	7	1	5
506	641	6	1	5
474	641	14	1	4
299	641	19	1	4
397	641	17	1	5
85	641	5	1	4
156	641	16	1	5
154	641	14	1	5
645	641	5	1	5
312	641	12	1	5
308	641	8	1	4
892	641	12	1	5
452	641	12	1	3
567	641	7	1	5
383	641	3	1	4
870	641	10	1	4
568	641	8	1	5
167	641	7	1	4
426	641	6	1	4
7	641	7	1	5
537	641	17	1	4
60	641	0	1	5
234	641	14	1	4
405	641	5	1	1
77	641	17	1	5
406	641	6	1	5
553	641	13	1	4
469	641	9	1	4
833	641	13	1	4
415	641	15	1	3
694	641	14	1	4
539	661	19	1	5
883	661	3	1	4
271	661	11	1	4
694	661	14	1	5
739	661	19	1	2
263	661	3	1	5
830	661	10	1	4
900	661	0	1	4
313	661	13	1	4
749	661	9	1	5
559	661	19	1	3
398	661	18	1	3
194	661	14	1	5
426	661	6	1	4
85	661	5	1	4
843	661	3	1	3
747	661	7	1	5
385	661	5	1	4
666	661	6	1	4
840	661	0	1	5
328	661	8	1	5
311	661	11	1	3
339	661	19	1	5
499	661	19	1	3
7	661	7	1	5
405	661	5	1	3
312	661	12	1	5
716	661	16	1	3
650	661	10	1	3
122	661	2	1	4
788	661	8	1	5
932	661	12	1	5
360	661	0	1	5
406	661	6	1	5
608	661	8	1	3
16	661	16	1	4
506	661	6	1	5
409	661	9	1	5
912	661	12	1	2
175	661	15	1	4
474	661	14	1	4
97	661	17	1	5
776	661	16	1	5
60	661	0	1	4
48	661	8	1	5
236	661	16	1	3
401	661	1	1	3
454	661	14	1	4
704	661	4	1	4
452	661	12	1	4
553	661	13	1	5
189	661	9	1	4
848	661	8	1	3
846	661	6	1	4
573	661	13	1	4
480	661	0	1	4
82	661	2	1	4
892	661	12	1	5
593	661	13	1	2
805	661	5	1	4
13	661	13	1	5
942	661	2	1	4
156	661	16	1	4
561	661	1	1	4
370	661	10	1	5
116	661	16	1	4
934	661	14	1	4
496	661	16	1	3
354	661	14	1	4
527	661	7	1	5
391	661	11	1	5
896	661	16	1	4
269	661	9	1	4
90	661	10	1	5
639	661	19	1	4
234	661	14	1	5
450	661	10	1	3
151	661	11	1	4
389	661	9	1	4
659	661	19	1	5
524	661	4	1	3
568	661	8	1	4
292	661	12	1	5
537	661	17	1	4
65	661	5	1	4
785	661	5	1	3
29	661	9	1	5
308	661	8	1	4
626	681	6	1	1
721	681	1	1	3
782	681	2	1	3
502	681	2	1	1
801	681	1	1	1
451	681	11	1	1
181	681	1	1	1
355	681	15	1	4
126	681	6	1	5
919	681	19	1	2
130	681	10	1	3
852	681	12	1	4
587	681	7	1	2
304	681	4	1	2
7	681	7	1	1
424	681	4	1	3
787	681	7	1	3
592	681	12	1	1
393	681	13	1	3
537	681	17	1	1
851	681	11	1	1
510	681	10	1	1
489	681	9	1	3
832	681	12	1	2
427	681	7	1	5
802	681	2	1	4
38	681	18	1	5
561	701	1	1	3
379	701	19	1	4
924	701	4	1	4
908	701	8	1	4
235	701	15	1	4
239	701	19	1	5
326	701	6	1	4
406	701	6	1	5
185	701	5	1	3
10	701	10	1	4
244	721	4	1	5
286	721	6	1	3
456	721	16	1	4
437	721	17	1	2
943	721	3	1	5
216	721	16	1	4
880	721	0	1	1
405	721	5	1	1
94	721	14	1	2
221	721	1	1	5
435	721	15	1	4
496	721	16	1	5
497	721	17	1	3
643	721	3	1	2
542	721	2	1	2
393	721	13	1	2
453	721	13	1	4
301	721	1	1	3
500	721	0	1	1
886	721	6	1	5
347	721	7	1	5
790	721	10	1	3
49	721	9	1	2
535	721	15	1	3
268	721	8	1	3
846	721	6	1	4
889	721	9	1	3
314	721	14	1	5
551	721	11	1	5
214	721	14	1	3
436	721	16	1	3
588	721	8	1	5
264	721	4	1	5
823	721	3	1	4
679	721	19	1	3
896	721	16	1	4
537	721	17	1	2
279	721	19	1	5
416	721	16	1	3
276	721	16	1	3
532	721	12	1	4
622	721	2	1	4
916	721	16	1	4
174	721	14	1	2
303	721	3	1	4
90	721	10	1	3
246	721	6	1	4
665	721	5	1	3
130	721	10	1	3
621	721	1	1	4
682	721	2	1	4
521	721	1	1	4
11	721	11	1	3
903	721	3	1	4
269	741	9	1	5
270	741	10	1	5
181	741	1	1	1
11	741	11	1	5
99	741	19	1	3
735	741	15	1	2
889	741	9	1	4
655	741	15	1	3
624	741	4	1	4
291	741	11	1	5
52	741	12	1	4
227	741	7	1	3
923	741	3	1	5
306	741	6	1	1
497	741	17	1	4
58	741	18	1	2
63	741	3	1	3
789	741	9	1	5
49	741	9	1	4
825	741	5	1	4
308	741	8	1	4
637	741	17	1	1
256	741	16	1	4
463	741	3	1	1
919	741	19	1	3
490	741	10	1	4
21	741	1	1	3
374	741	14	1	3
486	741	6	1	3
831	741	11	1	2
151	741	11	1	2
286	741	6	1	4
501	741	1	1	5
315	741	15	1	5
279	741	19	1	5
913	741	13	1	4
365	741	5	1	2
711	741	11	1	4
363	741	3	1	3
176	741	16	1	3
303	741	3	1	4
774	741	14	1	1
663	741	3	1	4
634	741	14	1	3
115	741	15	1	3
936	741	16	1	4
119	741	19	1	4
537	741	17	1	2
916	741	16	1	3
94	741	14	1	4
59	741	19	1	4
540	741	0	1	3
323	741	3	1	3
66	741	6	1	4
246	741	6	1	5
450	741	10	1	3
54	741	14	1	5
249	741	9	1	4
13	761	13	1	4
655	761	15	1	2
586	761	6	1	3
145	761	5	1	4
551	761	11	1	1
640	761	0	1	5
293	761	13	1	2
217	761	17	1	4
256	761	16	1	4
543	761	3	1	2
374	761	14	1	3
363	761	3	1	3
92	761	12	1	2
314	761	14	1	4
311	761	11	1	3
593	761	13	1	2
268	761	8	1	1
715	761	15	1	3
16	761	16	1	2
291	761	11	1	3
927	761	7	1	3
416	761	16	1	4
151	761	11	1	3
532	761	12	1	4
450	761	10	1	4
286	761	6	1	4
56	761	16	1	3
600	761	0	1	4
796	761	16	1	3
833	761	13	1	2
682	761	2	1	4
506	761	6	1	2
130	761	10	1	3
375	761	15	1	3
805	761	5	1	3
886	761	6	1	4
436	761	16	1	4
517	761	17	1	5
393	761	13	1	4
334	761	14	1	2
429	761	9	1	2
880	761	0	1	4
405	761	5	1	1
269	761	9	1	2
234	781	14	1	2
796	781	16	1	4
270	781	10	1	5
886	781	6	1	4
83	781	3	1	4
914	781	14	1	5
709	781	9	1	3
280	781	0	1	4
497	781	17	1	3
268	781	8	1	3
622	781	2	1	3
405	781	5	1	5
893	781	13	1	3
618	781	18	1	3
262	781	2	1	3
59	781	19	1	4
870	781	10	1	3
416	781	16	1	4
361	781	1	1	2
450	781	10	1	4
871	781	11	1	4
682	781	2	1	2
563	781	3	1	4
798	781	18	1	2
452	781	12	1	3
500	781	0	1	3
524	781	4	1	1
741	781	1	1	4
311	781	11	1	2
655	781	15	1	1
588	781	8	1	2
13	781	13	1	3
92	781	12	1	3
541	781	1	1	5
399	781	19	1	2
279	781	19	1	3
892	781	12	1	4
532	781	12	1	5
393	781	13	1	4
593	781	13	1	3
797	781	17	1	5
178	781	18	1	4
259	781	19	1	3
42	781	2	1	4
314	781	14	1	3
345	781	5	1	3
916	781	16	1	3
788	781	8	1	3
435	781	15	1	3
476	781	16	1	4
712	781	12	1	4
256	781	16	1	5
437	781	17	1	4
87	781	7	1	5
864	781	4	1	3
860	781	0	1	2
286	781	6	1	4
18	781	18	1	3
125	781	5	1	3
904	781	4	1	4
336	781	16	1	3
151	781	11	1	3
95	781	15	1	2
648	781	8	1	4
487	781	7	1	3
684	781	4	1	3
222	781	2	1	3
208	781	8	1	3
883	781	3	1	3
880	781	0	1	3
293	781	13	1	2
907	781	7	1	5
690	781	10	1	2
56	781	16	1	4
878	781	18	1	1
417	781	17	1	3
453	781	13	1	3
43	781	3	1	3
193	781	13	1	3
152	781	12	1	5
174	781	14	1	4
790	781	10	1	4
477	781	17	1	4
749	781	9	1	4
291	801	11	1	3
896	801	16	1	2
880	801	0	1	3
314	801	14	1	3
727	801	7	1	2
450	801	10	1	4
13	801	13	1	3
125	801	5	1	3
276	801	16	1	3
886	801	6	1	3
864	801	4	1	3
682	801	2	1	3
303	801	3	1	1
642	801	2	1	3
87	801	7	1	3
798	801	18	1	3
796	821	16	1	4
885	821	5	1	3
145	821	5	1	3
500	821	0	1	2
436	821	16	1	4
90	821	10	1	3
269	821	9	1	1
13	821	13	1	3
588	821	8	1	4
262	821	2	1	3
907	821	7	1	5
393	821	13	1	3
286	821	6	1	4
416	821	16	1	4
450	821	10	1	2
749	821	9	1	3
798	821	18	1	5
49	821	9	1	1
654	821	14	1	3
435	821	15	1	2
210	821	10	1	3
734	821	14	1	2
487	841	7	1	2
582	841	2	1	2
213	841	13	1	4
606	841	6	1	3
671	841	11	1	2
393	841	13	1	3
851	841	11	1	3
507	841	7	1	5
709	841	9	1	4
207	841	7	1	3
938	841	18	1	3
882	841	2	1	1
513	841	13	1	4
435	841	15	1	2
457	841	17	1	4
200	841	0	1	3
880	841	0	1	3
749	841	9	1	3
586	841	6	1	3
804	841	4	1	4
255	841	15	1	1
26	841	6	1	2
939	841	19	1	4
195	841	15	1	2
92	841	12	1	3
101	841	1	1	2
825	841	5	1	4
758	841	18	1	3
396	841	16	1	4
63	841	3	1	1
347	841	7	1	3
246	841	6	1	1
13	841	13	1	1
357	841	17	1	3
718	841	18	1	4
852	841	12	1	4
256	841	16	1	2
279	841	19	1	4
727	841	7	1	3
181	841	1	1	1
614	841	14	1	2
332	841	12	1	4
102	841	2	1	2
425	841	5	1	1
760	841	0	1	3
932	841	12	1	2
37	841	17	1	3
870	841	10	1	2
833	861	13	1	3
13	861	13	1	3
405	861	5	1	1
86	881	6	1	2
126	881	6	1	5
260	881	0	1	4
276	881	16	1	3
130	881	10	1	4
176	881	16	1	3
294	881	14	1	3
445	881	5	1	1
629	881	9	1	3
721	881	1	1	3
812	881	12	1	4
851	881	11	1	3
880	881	0	1	4
35	881	15	1	2
489	881	9	1	2
341	881	1	1	5
300	881	0	1	5
624	881	4	1	3
178	881	18	1	2
592	881	12	1	1
621	881	1	1	2
782	881	2	1	3
170	881	10	1	3
482	881	2	1	3
682	881	2	1	3
173	881	13	1	3
286	881	6	1	5
810	881	10	1	4
88	881	8	1	5
783	881	3	1	4
159	881	19	1	1
181	881	1	1	1
13	881	13	1	2
725	881	5	1	5
493	881	13	1	1
755	881	15	1	1
889	881	9	1	3
451	881	11	1	4
750	881	10	1	2
510	881	10	1	2
697	881	17	1	2
801	881	1	1	3
427	881	7	1	5
100	881	0	1	1
587	881	7	1	2
145	901	5	1	1
404	901	4	1	2
729	901	9	1	1
13	901	13	1	1
537	901	17	1	1
609	901	9	1	1
130	901	10	1	1
127	901	7	1	5
811	901	11	1	4
863	901	3	1	1
813	901	13	1	1
279	901	19	1	4
591	921	11	1	4
232	921	12	1	4
537	921	17	1	3
844	921	4	1	5
18	921	18	1	5
884	921	4	1	5
378	921	18	1	4
429	921	9	1	2
707	921	7	1	4
767	921	7	1	5
450	921	10	1	4
62	921	2	1	2
311	921	11	1	4
655	921	15	1	3
711	921	11	1	5
642	921	2	1	5
496	921	16	1	5
299	921	19	1	3
877	921	17	1	4
878	921	18	1	4
875	921	15	1	5
918	921	18	1	4
533	921	13	1	2
474	921	14	1	3
312	921	12	1	5
195	921	15	1	3
234	921	14	1	4
94	921	14	1	5
239	921	19	1	5
263	921	3	1	3
405	921	5	1	1
440	921	0	1	5
257	921	17	1	5
561	921	1	1	3
406	921	6	1	4
14	921	14	1	5
308	921	8	1	4
327	921	7	1	4
828	921	8	1	4
487	921	7	1	5
305	921	5	1	5
633	921	13	1	3
85	921	5	1	3
343	921	3	1	4
535	921	15	1	4
601	921	1	1	5
712	941	12	1	5
373	941	13	1	4
453	941	13	1	2
577	941	17	1	4
345	941	5	1	3
798	941	18	1	3
314	941	14	1	3
293	941	13	1	2
405	941	5	1	1
429	941	9	1	3
749	941	9	1	5
244	941	4	1	4
551	941	11	1	4
715	941	15	1	2
399	941	19	1	3
311	941	11	1	4
711	941	11	1	3
16	941	16	1	1
287	941	7	1	3
193	941	13	1	4
886	941	6	1	2
487	941	7	1	3
943	941	3	1	1
846	941	6	1	2
291	941	11	1	4
268	941	8	1	2
222	941	2	1	3
416	941	16	1	3
627	941	7	1	3
790	941	10	1	3
246	941	6	1	1
42	941	2	1	4
653	941	13	1	1
194	941	14	1	2
640	941	0	1	5
393	941	13	1	4
276	941	16	1	3
541	941	1	1	4
727	941	7	1	2
763	941	3	1	3
588	941	8	1	5
295	941	15	1	4
305	941	5	1	2
436	941	16	1	4
318	941	18	1	4
682	941	2	1	4
94	961	14	1	4
934	961	14	1	4
239	961	19	1	5
763	961	3	1	5
385	961	5	1	4
798	961	18	1	1
305	961	5	1	3
381	961	1	1	3
378	961	18	1	3
295	961	15	1	5
655	961	15	1	3
334	961	14	1	4
343	961	3	1	4
504	961	4	1	4
18	961	18	1	3
454	961	14	1	1
711	961	11	1	5
144	961	4	1	3
339	961	19	1	3
894	961	14	1	4
269	961	9	1	5
625	961	5	1	4
437	961	17	1	5
296	961	16	1	5
496	961	16	1	2
429	961	9	1	3
180	961	0	1	5
92	961	12	1	4
828	961	8	1	2
325	961	5	1	4
608	961	8	1	4
435	961	15	1	1
23	961	3	1	5
916	961	16	1	3
447	981	7	1	2
708	981	8	1	3
21	981	1	1	2
804	981	4	1	3
181	981	1	1	1
851	981	11	1	1
268	981	8	1	1
246	981	6	1	1
181	1001	1	1	1
880	1001	0	1	2
374	1001	14	1	1
75	1001	15	1	1
279	1001	19	1	4
174	1001	14	1	1
57	1001	17	1	1
533	1001	13	1	1
145	1001	5	1	4
796	1001	16	1	2
45	1001	5	1	3
923	1001	3	1	1
22	1001	2	1	1
393	1001	13	1	4
82	1001	2	1	1
758	1001	18	1	5
397	1001	17	1	1
707	1021	7	1	3
870	1021	10	1	2
31	1021	11	1	3
773	1021	13	1	5
561	1021	1	1	4
60	1021	0	1	5
409	1021	9	1	4
666	1021	6	1	5
299	1021	19	1	3
235	1021	15	1	5
698	1021	18	1	1
385	1021	5	1	5
405	1021	5	1	1
189	1021	9	1	5
492	1021	12	1	3
567	1021	7	1	4
234	1021	14	1	4
883	1021	3	1	5
766	1021	6	1	2
747	1021	7	1	5
659	1021	19	1	5
85	1021	5	1	3
560	1021	0	1	4
49	1021	9	1	5
615	1021	15	1	5
855	1021	15	1	3
312	1021	12	1	3
303	1021	3	1	4
585	1021	5	1	3
308	1021	8	1	4
848	1021	8	1	5
406	1021	6	1	5
553	1021	13	1	2
358	1021	18	1	5
617	1021	17	1	4
59	1021	19	1	4
932	1021	12	1	4
328	1021	8	1	3
541	1041	1	1	3
860	1041	0	1	2
690	1041	10	1	3
450	1041	10	1	4
655	1041	15	1	3
174	1041	14	1	5
222	1041	2	1	3
145	1041	5	1	5
65	1041	5	1	3
244	1041	4	1	4
256	1041	16	1	4
92	1041	12	1	3
804	1041	4	1	3
398	1041	18	1	3
151	1041	11	1	3
747	1041	7	1	4
328	1041	8	1	3
42	1041	2	1	4
336	1041	16	1	2
795	1041	15	1	3
320	1041	0	1	3
741	1041	1	1	4
533	1041	13	1	2
870	1041	10	1	2
648	1041	8	1	3
478	1041	18	1	3
504	1041	4	1	3
524	1041	4	1	2
880	1041	0	1	4
477	1041	17	1	5
87	1041	7	1	4
83	1041	3	1	4
416	1041	16	1	3
280	1041	0	1	5
361	1041	1	1	2
314	1041	14	1	4
311	1041	11	1	3
293	1041	13	1	2
591	1041	11	1	2
496	1041	16	1	1
912	1041	12	1	4
334	1041	14	1	3
407	1041	7	1	3
749	1041	9	1	4
417	1041	17	1	3
194	1041	14	1	2
303	1041	3	1	2
554	1041	14	1	3
588	1041	8	1	2
268	1041	8	1	1
796	1041	16	1	5
904	1041	4	1	2
389	1041	9	1	3
188	1041	8	1	3
901	1041	1	1	5
523	1041	3	1	4
152	1041	12	1	5
846	1041	6	1	4
497	1041	17	1	3
878	1041	18	1	1
405	1041	5	1	5
883	1041	3	1	3
378	1061	18	1	2
885	1061	5	1	2
595	1061	15	1	3
184	1061	4	1	3
665	1061	5	1	4
655	1061	15	1	2
435	1061	15	1	3
859	1061	19	1	4
699	1061	19	1	3
854	1061	14	1	1
192	1061	12	1	4
542	1061	2	1	2
45	1061	5	1	2
707	1061	7	1	3
768	1061	8	1	1
708	1061	8	1	3
672	1061	12	1	4
181	1061	1	1	2
588	1061	8	1	5
872	1061	12	1	4
436	1061	16	1	3
348	1061	8	1	5
256	1061	16	1	4
938	1061	18	1	4
450	1061	10	1	4
869	1061	9	1	1
590	1061	10	1	2
630	1061	10	1	2
860	1061	0	1	3
445	1081	5	1	1
501	1081	1	1	3
181	1081	1	1	1
276	1081	16	1	3
294	1081	14	1	3
456	1081	16	1	4
49	1081	9	1	3
320	1081	0	1	4
82	1101	2	1	4
380	1101	0	1	4
919	1101	19	1	5
608	1101	8	1	4
151	1101	11	1	4
272	1101	12	1	5
653	1101	13	1	2
664	1101	4	1	3
374	1101	14	1	4
805	1101	5	1	5
559	1101	19	1	4
345	1101	5	1	4
535	1101	15	1	4
751	1101	11	1	1
94	1101	14	1	3
458	1101	18	1	4
918	1101	18	1	4
83	1101	3	1	2
848	1101	8	1	5
184	1101	4	1	4
305	1101	5	1	4
391	1101	11	1	4
478	1101	18	1	4
178	1101	18	1	4
899	1101	19	1	5
527	1101	7	1	4
406	1101	6	1	4
655	1101	15	1	2
216	1101	16	1	4
796	1101	16	1	5
331	1101	11	1	4
321	1101	1	1	3
716	1101	16	1	5
271	1101	11	1	4
234	1101	14	1	3
561	1101	1	1	3
402	1101	2	1	4
378	1101	18	1	3
90	1101	10	1	4
864	1101	4	1	4
499	1101	19	1	5
916	1101	16	1	4
763	1101	3	1	3
429	1101	9	1	5
95	1101	15	1	2
643	1101	3	1	3
405	1101	5	1	3
354	1101	14	1	3
675	1101	15	1	4
710	1101	10	1	4
795	1101	15	1	4
58	1101	18	1	5
667	1101	7	1	3
524	1101	4	1	4
707	1101	7	1	4
514	1101	14	1	4
363	1101	3	1	3
144	1101	4	1	4
85	1101	5	1	4
804	1101	4	1	3
658	1101	18	1	4
639	1101	19	1	3
537	1101	17	1	3
456	1101	16	1	3
119	1101	19	1	5
896	1101	16	1	2
246	1101	6	1	5
903	1101	3	1	4
269	1101	9	1	4
59	1101	19	1	5
327	1101	7	1	4
846	1101	6	1	3
286	1101	6	1	5
293	1101	13	1	3
234	1121	14	1	5
184	1121	4	1	4
639	1121	19	1	2
883	1121	3	1	3
437	1121	17	1	5
60	1121	0	1	3
932	1121	12	1	5
308	1121	8	1	3
655	1121	15	1	3
909	1121	9	1	5
85	1121	5	1	3
585	1121	5	1	4
829	1121	9	1	4
389	1121	9	1	4
492	1121	12	1	2
767	1121	7	1	5
279	1121	19	1	4
480	1121	0	1	4
385	1121	5	1	4
523	1121	3	1	5
878	1121	18	1	2
64	1141	4	1	5
276	1141	16	1	3
559	1141	19	1	2
327	1141	7	1	3
655	1141	15	1	3
128	1141	8	1	4
299	1141	19	1	4
707	1141	7	1	3
331	1141	11	1	3
655	1161	15	1	3
109	1161	9	1	3
250	1161	10	1	4
293	1161	13	1	2
498	1161	18	1	3
181	1161	1	1	1
789	1161	9	1	3
533	1161	13	1	3
216	1161	16	1	4
663	1161	3	1	3
437	1161	17	1	4
79	1161	19	1	2
294	1161	14	1	3
280	1181	0	1	2
642	1181	2	1	2
378	1181	18	1	2
87	1181	7	1	3
660	1181	0	1	1
393	1181	13	1	3
622	1181	2	1	4
880	1181	0	1	3
279	1181	19	1	4
833	1181	13	1	1
90	1201	10	1	5
721	1221	1	1	3
870	1221	10	1	3
712	1221	12	1	4
280	1221	0	1	5
711	1221	11	1	4
405	1221	5	1	1
450	1221	10	1	5
128	1221	8	1	3
94	1221	14	1	3
95	1221	15	1	4
593	1221	13	1	3
159	1221	19	1	5
378	1221	18	1	3
682	1221	2	1	3
643	1221	3	1	3
478	1221	18	1	2
764	1221	4	1	4
608	1221	8	1	2
224	1221	4	1	3
618	1221	18	1	2
896	1221	16	1	2
276	1221	16	1	3
311	1221	11	1	4
457	1221	17	1	4
416	1221	16	1	5
174	1221	14	1	5
694	1221	14	1	3
393	1221	13	1	3
942	1221	2	1	4
234	1221	14	1	4
655	1221	15	1	3
474	1221	14	1	4
846	1221	6	1	3
885	1221	5	1	3
907	1221	7	1	5
295	1221	15	1	5
532	1221	12	1	5
345	1221	5	1	3
314	1221	14	1	3
936	1241	16	1	4
196	1241	16	1	3
334	1241	14	1	2
782	1241	2	1	2
354	1241	14	1	4
104	1241	4	1	1
405	1261	5	1	1
458	1261	18	1	4
119	1261	19	1	4
450	1261	10	1	4
243	1281	3	1	5
608	1281	8	1	4
131	1281	11	1	4
894	1281	14	1	3
204	1281	4	1	2
707	1281	7	1	4
854	1281	14	1	2
491	1281	11	1	3
592	1281	12	1	3
345	1281	5	1	4
655	1281	15	1	3
181	1281	1	1	1
859	1281	19	1	3
429	1301	9	1	4
339	1301	19	1	3
276	1301	16	1	4
684	1301	4	1	3
152	1301	12	1	5
181	1321	1	1	1
279	1321	19	1	4
181	1341	1	1	1
181	1361	1	1	1
269	1361	9	1	4
279	1361	19	1	3
839	1381	19	1	3
707	1381	7	1	3
224	1381	4	1	3
662	1381	2	1	5
894	1381	14	1	3
181	1381	1	1	2
382	1381	2	1	3
903	1381	3	1	4
328	1401	8	1	2
280	1401	0	1	5
224	1401	4	1	1
559	1401	19	1	3
435	1401	15	1	4
381	1401	1	1	4
940	1401	0	1	1
267	1401	7	1	4
399	1401	19	1	3
201	1401	1	1	2
450	1401	10	1	4
496	1401	16	1	3
189	1401	9	1	4
214	1401	14	1	4
236	1401	16	1	3
295	1401	15	1	5
916	1401	16	1	3
707	1401	7	1	3
474	1421	14	1	4
293	1421	13	1	2
201	1421	1	1	3
504	1421	4	1	4
308	1421	8	1	4
524	1421	4	1	5
405	1421	5	1	1
456	1421	16	1	3
655	1421	15	1	3
450	1421	10	1	4
886	1421	6	1	2
500	1441	0	1	2
393	1441	13	1	3
416	1441	16	1	3
543	1441	3	1	3
450	1441	10	1	3
405	1441	5	1	1
224	1441	4	1	3
234	1461	14	1	2
279	1481	19	1	4
276	1481	16	1	2
279	1501	19	1	1
894	1501	14	1	4
655	1501	15	1	3
585	1501	5	1	4
758	1501	18	1	3
450	1521	10	1	3
318	1521	18	1	3
478	1521	18	1	3
416	1521	16	1	3
409	1541	9	1	4
399	1541	19	1	3
405	1561	5	1	1
405	1581	5	1	1
445	1601	5	1	1
551	1621	11	1	1
655	1641	15	1	3
751	1661	11	1	1
896	1681	16	1	3
