538	4	18	4	3
622	4	2	4	4
343	4	3	4	5
533	4	13	4	3
102	4	2	4	2
487	4	7	4	4
786	4	6	4	4
919	4	19	4	1
562	4	2	4	1
738	4	18	4	4
59	4	19	4	4
43	4	3	4	4
591	4	11	4	4
345	4	5	4	4
405	4	5	4	4
94	4	14	4	4
771	4	11	4	1
346	4	6	4	4
207	4	7	4	4
608	4	8	4	3
233	4	13	4	3
13	4	13	4	5
559	4	19	4	4
320	4	0	4	3
629	4	9	4	3
301	4	1	4	4
593	4	13	4	4
940	4	0	4	2
293	4	13	4	4
875	4	15	4	3
795	4	15	4	4
886	4	6	4	3
764	4	4	4	3
472	4	12	4	3
654	4	14	4	4
880	4	0	4	4
312	4	12	4	3
271	4	11	4	5
543	4	3	4	4
234	4	14	4	4
411	4	11	4	4
645	4	5	4	4
896	4	16	4	3
352	4	12	4	3
374	4	14	4	2
297	4	17	4	1
62	4	2	4	4
497	4	17	4	3
327	4	7	4	4
535	4	15	4	3
19	4	19	4	4
640	4	0	4	4
303	4	3	4	4
77	4	17	4	3
407	4	7	4	4
455	4	15	4	3
379	4	19	4	5
757	4	17	4	5
221	4	1	4	3
280	4	0	4	3
561	4	1	4	3
216	4	16	4	5
916	4	16	4	4
933	4	13	4	3
655	4	15	4	2
627	4	7	4	2
476	4	16	4	4
524	4	4	4	4
474	4	14	4	5
18	4	18	4	3
336	4	16	4	4
363	4	3	4	5
151	4	11	4	5
222	4	2	4	3
592	4	12	4	4
291	4	11	4	4
189	4	9	4	5
712	4	12	4	4
256	4	16	4	5
87	4	7	4	5
387	4	7	4	3
328	4	8	4	3
264	4	4	4	4
197	4	17	4	3
99	4	19	4	5
194	4	14	4	4
625	4	5	4	4
425	4	5	4	4
804	4	4	4	4
406	4	6	4	2
378	4	18	4	3
435	4	15	4	4
618	4	18	4	2
453	4	13	4	4
846	4	6	4	5
551	4	11	4	2
315	4	15	4	4
748	4	8	4	4
287	4	7	4	4
279	4	19	4	4
417	4	17	4	3
653	4	13	4	3
780	4	0	4	3
709	4	9	4	3
339	4	19	4	4
889	4	9	4	3
514	4	14	4	4
833	4	13	4	3
232	4	12	4	4
871	4	11	4	3
385	4	5	4	2
342	4	2	4	4
268	4	8	4	4
664	4	4	4	4
638	4	18	4	4
84	4	4	4	3
805	4	5	4	2
554	4	14	4	2
643	4	3	4	4
344	4	4	4	4
10	4	10	4	4
450	4	10	4	3
130	4	10	4	2
276	4	16	4	4
389	4	9	4	4
1	4	1	4	3
796	4	16	4	5
286	4	6	4	5
219	4	19	4	4
198	4	18	4	3
823	4	3	4	5
690	4	10	4	3
12	4	12	4	5
398	4	18	4	2
429	4	9	4	4
456	4	16	4	3
666	4	6	4	5
851	4	11	4	5
790	4	10	4	3
715	4	15	4	4
642	4	2	4	3
394	4	14	4	4
412	4	12	4	3
864	4	4	4	4
49	4	9	4	2
532	4	12	4	5
326	4	6	4	1
347	4	7	4	4
373	4	13	4	4
495	4	15	4	3
747	4	7	4	4
466	4	6	4	3
600	4	0	4	4
92	4	12	4	4
468	4	8	4	5
308	4	8	4	5
416	4	16	4	4
934	4	14	4	5
218	4	18	4	3
158	4	18	4	4
749	4	9	4	4
64	4	4	4	3
160	4	0	4	4
650	4	10	4	3
870	4	10	4	2
457	4	17	4	4
115	4	15	4	4
253	4	13	4	4
7	4	7	4	5
903	4	3	4	4
527	4	7	4	2
826	4	6	4	4
648	4	8	4	1
484	4	4	4	4
788	4	8	4	3
621	4	1	4	4
295	4	15	4	4
109	4	9	4	2
144	4	4	4	4
334	4	14	4	3
577	4	17	4	4
210	4	10	4	4
537	4	17	4	2
758	4	18	4	4
671	4	11	4	5
860	4	0	4	4
881	4	1	4	3
913	4	13	4	4
421	4	1	4	3
883	4	3	4	4
249	4	9	4	4
854	4	14	4	2
716	4	16	4	2
201	4	1	4	4
579	4	19	4	2
318	4	18	4	2
299	4	19	4	3
659	4	19	4	3
16	4	16	4	5
393	4	13	4	4
481	4	1	4	3
707	4	7	4	3
83	4	3	4	2
763	4	3	4	5
22	4	2	4	5
882	4	2	4	4
774	4	14	4	2
682	4	2	4	3
504	4	4	4	4
277	24	17	4	4
804	24	4	4	5
943	24	3	4	4
916	24	16	4	2
226	24	6	4	4
292	24	12	4	4
291	24	11	4	5
792	24	12	4	3
297	24	17	4	4
682	24	2	4	4
200	24	0	4	2
357	24	17	4	4
665	24	5	4	3
417	24	17	4	3
660	24	0	4	3
101	24	1	4	4
158	24	18	4	4
432	24	12	4	1
416	24	16	4	5
865	24	5	4	4
385	24	5	4	3
806	24	6	4	3
92	24	12	4	3
887	24	7	4	5
757	24	17	4	4
930	24	10	4	1
159	24	19	4	5
429	24	9	4	3
699	24	19	4	3
759	24	19	4	3
103	24	3	4	4
551	24	11	4	5
425	24	5	4	2
66	24	6	4	3
406	24	6	4	3
588	24	8	4	2
320	24	0	4	3
13	24	13	4	1
622	24	2	4	4
307	24	7	4	4
838	24	18	4	4
868	24	8	4	2
246	24	6	4	4
76	24	16	4	2
467	24	7	4	4
359	24	19	4	3
749	24	9	4	2
484	24	4	4	1
289	24	9	4	4
53	24	13	4	3
301	24	1	4	4
880	24	0	4	3
11	24	11	4	3
373	24	13	4	4
854	24	14	4	4
727	24	7	4	3
537	24	17	4	1
706	24	6	4	3
936	24	16	4	4
680	24	0	4	4
862	24	2	4	4
374	24	14	4	3
203	24	3	4	4
363	24	3	4	3
59	24	19	4	4
606	24	6	4	5
198	24	18	4	2
889	24	9	4	4
833	24	13	4	4
618	24	18	4	2
181	24	1	4	1
386	24	6	4	4
654	24	14	4	4
70	24	10	4	4
514	24	14	4	3
742	24	2	4	3
67	24	7	4	4
857	24	17	4	1
54	24	14	4	1
637	24	17	4	2
399	24	19	4	4
190	24	10	4	3
193	24	13	4	2
62	24	2	4	4
715	24	15	4	3
472	24	12	4	5
927	24	7	4	3
412	24	12	4	3
130	24	10	4	5
279	24	19	4	5
276	24	16	4	4
597	24	17	4	3
817	24	17	4	4
466	24	6	4	4
308	24	8	4	4
501	24	1	4	3
37	24	17	4	4
294	24	14	4	4
178	24	18	4	3
621	24	1	4	4
453	24	13	4	4
314	24	14	4	1
649	24	9	4	4
318	24	18	4	4
543	24	3	4	3
95	24	15	4	3
883	24	3	4	4
119	24	19	4	4
249	24	9	4	4
5	24	5	4	4
213	24	13	4	5
479	24	19	4	3
886	24	6	4	4
828	24	8	4	4
487	24	7	4	4
844	24	4	4	5
893	24	13	4	4
267	24	7	4	5
371	24	11	4	4
648	24	8	4	3
214	24	14	4	3
643	24	3	4	4
864	24	4	4	5
45	24	5	4	3
394	24	14	4	5
592	24	12	4	4
1	24	1	4	3
222	24	2	4	3
310	24	10	4	4
57	24	17	4	3
144	24	4	4	4
560	24	0	4	2
463	24	3	4	3
758	24	18	4	4
493	24	13	4	4
189	24	9	4	4
717	24	17	4	2
303	24	3	4	3
435	24	15	4	4
658	24	18	4	3
805	24	5	4	4
532	24	12	4	5
561	24	1	4	3
268	24	8	4	2
468	24	8	4	3
44	24	4	4	3
22	24	2	4	5
327	24	7	4	2
624	24	4	4	3
347	24	7	4	3
497	24	17	4	4
746	24	6	4	4
455	24	15	4	3
773	24	13	4	3
251	24	11	4	3
26	24	6	4	3
283	24	3	4	4
549	24	9	4	3
490	24	10	4	4
910	24	10	4	3
921	24	1	4	3
94	24	14	4	4
221	24	1	4	5
387	24	7	4	5
447	24	7	4	3
299	24	19	4	3
393	24	13	4	3
794	24	14	4	5
534	24	14	4	5
524	24	4	4	3
296	24	16	4	2
896	24	16	4	4
655	24	15	4	3
160	24	0	4	5
194	44	14	4	4
442	44	2	4	2
184	44	4	4	4
145	44	5	4	5
535	44	15	4	4
250	44	10	4	4
524	44	4	4	4
303	44	3	4	4
334	44	14	4	4
846	44	6	4	1
416	44	16	4	4
232	44	12	4	4
405	44	5	4	1
271	44	11	4	4
618	44	18	4	4
506	44	6	4	4
308	44	8	4	4
7	44	7	4	5
343	44	3	4	3
313	44	13	4	3
537	44	17	4	3
269	44	9	4	3
642	44	2	4	3
457	44	17	4	4
130	44	10	4	4
151	44	11	4	4
372	44	12	4	4
234	44	14	4	3
59	44	19	4	4
586	44	6	4	3
468	44	8	4	4
503	44	3	4	5
435	44	15	4	2
864	44	4	4	4
504	44	4	4	4
401	44	1	4	4
608	44	8	4	4
316	44	16	4	4
543	44	3	4	3
189	44	9	4	4
328	44	8	4	3
92	44	12	4	3
378	44	18	4	3
788	44	8	4	4
417	44	17	4	2
532	44	12	4	5
276	44	16	4	3
186	44	6	4	5
327	44	7	4	3
222	44	2	4	3
256	44	16	4	4
747	44	7	4	2
330	44	10	4	5
311	44	11	4	3
56	44	16	4	4
450	44	10	4	3
551	44	11	4	4
210	44	10	4	3
279	44	19	4	1
774	44	14	4	1
655	44	15	4	2
455	44	15	4	3
577	44	17	4	3
62	44	2	4	3
42	44	2	4	3
533	44	13	4	4
326	44	6	4	1
345	44	5	4	3
262	44	2	4	2
332	44	12	4	3
429	44	9	4	3
500	44	0	4	1
495	44	15	4	3
363	44	3	4	3
880	44	0	4	4
375	44	15	4	3
474	44	14	4	3
1	44	1	4	5
286	44	6	4	3
153	64	13	4	5
72	64	12	4	5
530	64	10	4	5
533	64	13	4	5
452	64	12	4	4
690	64	10	4	5
632	64	12	4	5
311	64	11	4	5
236	64	16	4	5
943	64	3	4	5
43	64	3	4	5
886	64	6	4	5
669	64	9	4	4
442	64	2	4	5
883	64	3	4	4
566	64	6	4	5
308	64	8	4	4
269	64	9	4	4
95	64	15	4	5
64	64	4	4	4
239	64	19	4	1
406	64	6	4	4
318	64	18	4	4
6	64	6	4	4
705	64	5	4	5
398	64	18	4	4
316	64	16	4	4
123	64	3	4	3
932	64	12	4	2
731	64	11	4	5
292	64	12	4	5
622	64	2	4	5
305	64	5	4	5
854	64	14	4	5
641	64	1	4	4
465	64	5	4	5
425	64	5	4	4
314	64	14	4	5
313	64	13	4	4
163	64	3	4	4
175	64	15	4	5
640	64	0	4	5
395	64	15	4	5
788	64	8	4	5
151	64	11	4	5
716	64	16	4	5
707	64	7	4	3
851	64	11	4	5
450	64	10	4	4
601	64	1	4	4
655	64	15	4	4
84	64	4	4	5
429	64	9	4	4
881	64	1	4	5
715	64	15	4	5
478	64	18	4	5
291	64	11	4	5
232	64	12	4	4
7	64	7	4	5
177	64	17	4	4
833	64	13	4	3
430	64	10	4	4
758	64	18	4	5
693	64	13	4	3
96	64	16	4	5
924	64	4	4	4
774	64	14	4	3
67	64	7	4	5
379	64	19	4	5
455	64	15	4	4
591	64	11	4	5
666	64	6	4	4
577	64	17	4	5
288	64	8	4	5
301	64	1	4	5
307	64	7	4	4
339	64	19	4	5
753	64	13	4	4
711	64	11	4	4
44	64	4	4	5
571	64	11	4	4
87	64	7	4	5
880	64	0	4	5
211	64	11	4	3
664	64	4	4	4
92	64	12	4	4
276	64	16	4	5
373	64	13	4	4
551	64	11	4	5
125	64	5	4	5
285	64	5	4	3
642	64	2	4	5
178	64	18	4	5
374	64	14	4	5
709	64	9	4	5
773	64	13	4	4
629	64	9	4	5
59	64	19	4	5
321	64	1	4	3
251	64	11	4	5
498	64	18	4	4
10	64	10	4	4
234	64	14	4	4
73	64	13	4	5
878	64	18	4	5
458	64	18	4	4
846	64	6	4	4
821	64	1	4	5
60	64	0	4	4
244	64	4	4	5
627	64	7	4	5
24	64	4	4	5
328	64	8	4	4
83	64	3	4	5
524	64	4	4	2
912	64	12	4	4
719	64	19	4	5
556	64	16	4	5
237	64	17	4	5
738	64	18	4	4
747	64	7	4	5
290	64	10	4	4
80	64	0	4	5
405	64	5	4	5
796	64	16	4	4
864	64	4	4	5
144	64	4	4	5
757	64	17	4	5
684	64	4	4	4
676	64	16	4	5
903	64	3	4	5
16	64	16	4	5
868	64	8	4	5
279	64	19	4	1
686	64	6	4	5
230	64	10	4	5
91	64	11	4	4
326	64	6	4	4
345	64	5	4	5
51	64	11	4	4
605	64	5	4	5
823	64	3	4	5
332	64	12	4	5
660	64	0	4	3
457	64	17	4	5
201	64	1	4	3
322	64	2	4	5
198	64	18	4	4
253	64	13	4	5
913	64	13	4	5
263	64	3	4	5
401	64	1	4	3
527	64	7	4	3
13	64	13	4	5
630	64	10	4	5
659	64	19	4	4
109	64	9	4	2
130	64	10	4	5
781	64	1	4	4
346	64	6	4	4
249	64	9	4	5
454	64	14	4	4
187	64	7	4	5
378	64	18	4	4
831	64	11	4	5
653	64	13	4	4
606	64	6	4	5
445	64	5	4	2
435	64	15	4	5
85	64	5	4	5
250	64	10	4	5
18	64	18	4	5
749	64	9	4	4
248	64	8	4	5
343	64	3	4	5
399	64	19	4	3
90	64	10	4	4
645	64	5	4	3
76	64	16	4	5
370	64	10	4	4
896	64	16	4	4
487	64	7	4	5
207	64	7	4	5
930	64	10	4	4
262	64	2	4	5
215	64	15	4	4
119	64	19	4	4
156	64	16	4	3
389	64	9	4	4
608	64	8	4	4
542	64	2	4	4
745	64	5	4	5
71	64	11	4	4
271	64	11	4	5
492	64	12	4	4
613	64	13	4	5
145	64	5	4	4
468	64	8	4	5
919	64	19	4	5
927	64	7	4	5
303	64	3	4	5
543	64	3	4	4
56	64	16	4	5
764	64	4	4	5
188	64	8	4	5
42	64	2	4	5
469	64	9	4	5
58	64	18	4	5
840	64	0	4	4
233	64	13	4	5
537	64	17	4	3
393	64	13	4	4
254	64	14	4	4
391	64	11	4	5
862	64	2	4	5
592	64	12	4	5
53	64	13	4	5
221	64	1	4	5
62	64	2	4	4
875	64	15	4	5
748	64	8	4	4
721	64	1	4	4
128	64	8	4	5
360	64	0	4	5
495	64	15	4	5
247	64	7	4	5
496	64	16	4	3
344	64	4	4	5
918	64	18	4	4
57	64	17	4	5
293	64	13	4	5
618	64	18	4	4
380	64	0	4	3
892	64	12	4	4
94	64	14	4	5
222	64	2	4	5
480	64	0	4	3
106	64	6	4	4
65	64	5	4	5
267	64	7	4	5
225	64	5	4	4
933	64	13	4	5
371	64	11	4	4
213	64	13	4	5
474	64	14	4	5
710	64	10	4	4
889	64	9	4	5
916	64	16	4	5
472	64	12	4	5
488	64	8	4	5
682	64	2	4	5
417	64	17	4	5
899	64	19	4	4
99	64	19	4	5
804	64	4	4	5
194	64	14	4	5
746	64	6	4	4
184	64	4	4	4
867	64	7	4	5
82	64	2	4	5
679	64	19	4	4
323	64	3	4	5
494	64	14	4	5
535	64	15	4	5
387	64	7	4	3
416	64	16	4	5
287	64	7	4	5
331	64	11	4	4
561	64	1	4	3
110	64	10	4	4
661	64	1	4	4
216	64	16	4	5
330	64	10	4	5
214	64	14	4	5
691	64	11	4	5
663	64	3	4	5
1	64	1	4	5
737	64	17	4	4
870	64	10	4	5
412	64	12	4	4
256	64	16	4	5
514	64	14	4	4
327	64	7	4	2
291	84	11	4	3
721	84	1	4	3
393	84	13	4	3
536	84	16	4	4
1	84	1	4	4
399	84	19	4	2
394	84	14	4	4
660	84	0	4	2
435	84	15	4	2
276	84	16	4	2
551	84	11	4	1
804	84	4	4	3
295	84	15	4	2
887	84	7	4	4
38	84	18	4	5
504	84	4	4	3
130	84	10	4	4
495	84	15	4	3
648	104	8	4	1
847	104	7	4	3
181	104	1	4	1
276	104	16	4	1
1	104	1	4	1
339	124	19	4	4
696	124	16	4	5
524	124	4	4	5
81	124	1	4	3
883	124	3	4	5
458	124	18	4	4
728	124	8	4	3
747	124	7	4	5
592	124	12	4	5
668	124	8	4	3
735	124	15	4	5
336	124	16	4	1
150	124	10	4	2
880	124	0	4	5
239	124	19	4	5
334	124	14	4	5
308	124	8	4	4
537	124	17	4	4
906	124	6	4	4
174	124	14	4	5
425	124	5	4	2
624	124	4	4	4
354	124	14	4	5
178	124	18	4	4
900	124	0	4	4
13	124	13	4	5
637	124	17	4	3
296	124	16	4	5
478	124	18	4	4
293	124	13	4	4
707	124	7	4	4
667	124	7	4	5
43	124	3	4	4
571	124	11	4	4
576	124	16	4	4
672	124	12	4	3
572	124	12	4	5
942	124	2	4	4
374	124	14	4	3
268	124	8	4	4
321	124	1	4	3
379	124	19	4	5
160	124	0	4	4
69	124	9	4	4
14	124	14	4	5
823	124	3	4	4
567	124	7	4	4
158	124	18	4	4
429	124	9	4	4
381	124	1	4	5
498	124	18	4	3
825	124	5	4	3
184	124	4	4	5
908	124	8	4	3
518	124	18	4	3
527	124	7	4	4
6	124	6	4	5
421	124	1	4	4
454	124	14	4	4
113	124	13	4	3
491	124	11	4	5
937	124	17	4	4
276	124	16	4	5
468	124	8	4	5
745	124	5	4	5
817	124	17	4	4
501	124	1	4	4
119	124	19	4	4
437	124	17	4	5
558	124	18	4	4
467	124	7	4	5
792	124	12	4	4
455	124	15	4	4
919	124	19	4	3
492	124	12	4	4
398	124	18	4	5
10	124	10	4	5
121	124	1	4	5
896	124	16	4	4
413	124	13	4	5
58	124	18	4	5
618	124	18	4	1
870	124	10	4	4
474	124	14	4	5
279	124	19	4	3
104	124	4	4	2
525	124	5	4	3
360	124	0	4	5
605	124	5	4	3
663	124	3	4	3
331	124	11	4	4
344	124	4	4	5
789	124	9	4	4
590	124	10	4	5
473	124	13	4	4
561	124	1	4	3
493	124	13	4	3
452	124	12	4	5
181	124	1	4	1
829	124	9	4	4
406	124	6	4	4
936	124	16	4	4
108	124	8	4	4
189	124	9	4	5
99	124	19	4	2
742	124	2	4	4
303	124	3	4	4
142	124	2	4	4
722	124	2	4	4
72	124	12	4	4
420	124	0	4	5
1	124	1	4	5
79	124	19	4	5
50	124	10	4	1
234	124	14	4	4
641	124	1	4	4
490	124	10	4	4
666	124	6	4	3
291	124	11	4	5
460	124	0	4	4
23	124	3	4	5
569	124	9	4	5
682	124	2	4	2
267	124	7	4	5
539	124	19	4	4
701	124	1	4	5
365	124	5	4	4
172	124	12	4	4
634	124	14	4	3
655	124	15	4	3
470	124	10	4	3
227	124	7	4	4
297	124	17	4	4
85	124	5	4	5
654	124	14	4	4
606	124	6	4	3
383	124	3	4	4
249	124	9	4	5
894	124	14	4	5
156	124	16	4	3
389	124	9	4	4
277	124	17	4	3
874	124	14	4	4
864	124	4	4	5
503	124	3	4	5
136	124	16	4	5
889	124	9	4	4
582	124	2	4	4
343	124	3	4	4
342	124	2	4	4
271	124	11	4	4
345	124	5	4	5
144	124	4	4	4
390	124	10	4	4
905	124	5	4	4
92	124	12	4	4
131	124	11	4	5
486	124	6	4	5
416	124	16	4	4
31	124	11	4	4
116	124	16	4	3
194	124	14	4	4
838	124	18	4	4
941	124	1	4	5
252	124	12	4	5
402	124	2	4	4
733	124	13	4	5
312	124	12	4	3
430	124	10	4	5
758	124	18	4	5
74	124	14	4	3
422	124	2	4	3
697	124	17	4	5
854	124	14	4	5
910	124	10	4	3
943	124	3	4	3
177	124	17	4	3
463	124	3	4	5
269	124	9	4	5
292	124	12	4	4
699	124	19	4	4
132	124	12	4	4
151	124	11	4	5
329	124	9	4	5
266	124	6	4	4
115	124	15	4	5
201	124	1	4	3
458	144	18	4	4
251	144	11	4	5
314	144	14	4	3
913	144	13	4	5
468	144	8	4	5
670	144	10	4	4
561	144	1	4	3
276	144	16	4	5
295	144	15	4	4
305	144	5	4	2
291	144	11	4	5
347	144	7	4	5
406	144	6	4	1
593	144	13	4	4
543	144	3	4	4
425	144	5	4	4
709	144	9	4	3
796	144	16	4	5
924	144	4	4	3
643	144	3	4	4
445	144	5	4	3
608	144	8	4	4
60	144	0	4	4
312	144	12	4	1
514	144	14	4	3
326	144	6	4	5
508	144	8	4	3
298	144	18	4	4
807	144	7	4	4
693	144	13	4	4
360	144	0	4	2
815	144	15	4	4
234	144	14	4	3
296	144	16	4	4
343	144	3	4	4
833	144	13	4	4
889	144	9	4	4
457	144	17	4	5
55	144	15	4	5
586	144	6	4	4
38	144	18	4	5
854	144	14	4	3
545	144	5	4	3
435	144	15	4	4
292	144	12	4	5
790	144	10	4	4
734	144	14	4	2
880	144	0	4	5
893	144	13	4	4
374	144	14	4	5
373	144	13	4	3
907	144	7	4	5
638	144	18	4	5
217	144	17	4	4
551	144	11	4	5
716	144	16	4	2
619	144	19	4	5
660	144	0	4	3
627	144	7	4	2
417	144	17	4	3
498	144	18	4	1
653	144	13	4	3
117	144	17	4	4
290	144	10	4	3
44	144	4	4	4
843	144	3	4	3
43	144	3	4	4
244	144	4	4	1
676	144	16	4	4
125	144	5	4	5
823	144	3	4	5
932	144	12	4	3
5	144	5	4	3
178	144	18	4	4
342	144	2	4	5
934	144	14	4	4
758	144	18	4	4
144	144	4	4	4
650	144	10	4	3
301	144	1	4	4
124	144	4	4	4
618	144	18	4	4
268	144	8	4	4
313	144	13	4	4
505	144	5	4	3
293	144	13	4	4
87	144	7	4	4
103	144	3	4	4
571	144	11	4	2
727	144	7	4	4
715	144	15	4	5
379	144	19	4	5
407	144	7	4	3
746	144	6	4	5
648	144	8	4	4
483	144	3	4	2
748	144	8	4	4
398	144	18	4	5
280	144	0	4	2
495	144	15	4	4
119	144	19	4	4
328	144	8	4	4
215	144	15	4	4
831	144	11	4	5
655	144	15	4	3
297	144	17	4	3
194	144	14	4	4
864	144	4	4	5
840	144	0	4	3
130	144	10	4	5
352	144	12	4	5
188	144	8	4	3
20	144	0	4	2
327	144	7	4	4
521	144	1	4	3
137	144	17	4	5
7	144	7	4	5
378	144	18	4	4
899	144	19	4	3
393	144	13	4	3
221	144	1	4	4
698	144	18	4	2
8	144	8	4	5
447	144	7	4	5
749	144	9	4	5
213	144	13	4	5
682	144	2	4	3
559	144	19	4	5
57	144	17	4	3
299	144	19	4	4
919	144	19	4	4
385	144	5	4	3
303	144	3	4	5
13	144	13	4	4
805	144	5	4	3
453	144	13	4	4
387	144	7	4	3
207	144	7	4	3
177	144	17	4	5
588	144	8	4	3
933	144	13	4	4
804	144	4	4	4
77	144	17	4	3
58	144	18	4	4
479	144	19	4	4
666	144	6	4	3
484	144	4	4	4
109	144	9	4	4
23	144	3	4	3
162	144	2	4	3
562	144	2	4	5
249	144	9	4	4
654	144	14	4	5
94	144	14	4	3
536	144	16	4	4
538	144	18	4	4
892	144	12	4	5
867	144	7	4	3
56	144	16	4	5
763	144	3	4	3
222	144	2	4	5
92	144	12	4	4
886	144	6	4	4
346	144	6	4	4
883	144	3	4	4
323	144	3	4	4
606	144	6	4	4
437	144	17	4	2
671	144	11	4	4
363	144	3	4	4
22	144	2	4	5
102	144	2	4	3
705	144	5	4	3
308	144	8	4	3
436	144	16	4	5
275	144	15	4	4
659	144	19	4	4
497	144	17	4	4
788	144	8	4	4
416	144	16	4	5
487	144	7	4	5
738	144	18	4	5
62	144	2	4	3
455	144	15	4	3
700	144	0	4	4
851	144	11	4	5
795	144	15	4	4
250	144	10	4	4
183	144	3	4	3
442	144	2	4	4
481	144	1	4	4
450	144	10	4	5
771	144	11	4	1
216	144	16	4	4
399	144	19	4	3
95	144	15	4	5
896	144	16	4	4
10	144	10	4	4
929	144	9	4	3
661	144	1	4	5
454	144	14	4	4
263	144	3	4	4
629	144	9	4	5
230	144	10	4	3
478	144	18	4	5
201	144	1	4	4
286	144	6	4	3
694	144	14	4	4
267	144	7	4	5
916	144	16	4	3
625	144	5	4	4
332	144	12	4	5
466	144	6	4	5
535	144	15	4	3
421	144	1	4	5
806	144	6	4	5
778	144	18	4	4
429	144	9	4	4
592	144	12	4	5
279	144	19	4	4
573	144	13	4	4
16	144	16	4	5
401	144	1	4	5
847	144	7	4	4
902	144	2	4	5
901	144	1	4	5
566	144	6	4	3
158	144	18	4	4
844	144	4	4	3
908	144	8	4	4
757	144	17	4	4
339	144	19	4	3
751	144	11	4	4
488	144	8	4	3
96	144	16	4	4
51	144	11	4	5
632	144	12	4	4
622	144	2	4	5
1	144	1	4	4
394	144	14	4	5
527	144	7	4	4
711	144	11	4	2
64	144	4	4	3
780	164	0	4	4
92	164	12	4	4
833	164	13	4	2
488	164	8	4	3
1	164	1	4	3
655	164	15	4	2
916	164	16	4	4
604	164	4	4	4
184	164	4	4	3
545	164	5	4	4
804	164	4	4	4
334	164	14	4	3
459	164	19	4	4
267	164	7	4	3
94	164	14	4	3
561	164	1	4	2
295	164	15	4	5
62	164	2	4	5
148	164	8	4	4
270	164	10	4	5
453	164	13	4	3
548	164	8	4	5
244	164	4	4	3
368	164	8	4	3
593	164	13	4	4
213	164	13	4	5
933	164	13	4	2
315	164	15	4	4
417	164	17	4	3
274	164	14	4	5
455	164	15	4	4
864	164	4	4	4
372	164	12	4	4
56	164	16	4	4
21	164	1	4	5
215	164	15	4	3
435	164	15	4	2
188	164	8	4	4
276	164	16	4	4
940	164	0	4	2
741	164	1	4	3
218	164	18	4	3
771	164	11	4	2
723	164	3	4	4
366	164	6	4	5
399	164	19	4	2
847	164	7	4	3
450	164	10	4	4
378	164	18	4	4
682	164	2	4	3
749	164	9	4	3
536	164	16	4	4
343	164	3	4	3
320	164	0	4	4
538	164	18	4	3
913	164	13	4	2
118	164	18	4	5
13	164	13	4	3
648	164	8	4	4
727	164	7	4	5
738	164	18	4	5
346	164	6	4	3
763	164	3	4	4
198	164	18	4	3
896	164	16	4	4
109	164	9	4	5
454	164	14	4	3
421	164	1	4	4
503	164	3	4	3
328	164	8	4	3
268	164	8	4	2
823	164	3	4	3
532	164	12	4	5
246	164	6	4	3
661	164	1	4	4
798	164	18	4	4
394	164	14	4	4
586	164	6	4	2
868	164	8	4	2
660	164	0	4	2
757	164	17	4	3
10	164	10	4	4
416	164	16	4	5
796	164	16	4	3
653	164	13	4	3
457	164	17	4	4
734	164	14	4	3
551	164	11	4	4
500	164	0	4	4
848	164	8	4	5
16	164	16	4	5
498	164	18	4	3
430	164	10	4	3
505	164	5	4	4
379	164	19	4	4
44	164	4	4	4
843	164	3	4	3
546	164	6	4	4
325	164	5	4	1
301	164	1	4	3
374	164	14	4	4
429	164	9	4	4
805	164	5	4	3
709	164	9	4	3
776	164	16	4	3
117	164	17	4	5
650	164	10	4	4
178	164	18	4	3
886	164	6	4	4
234	164	14	4	3
7	164	7	4	5
877	164	17	4	5
293	164	13	4	4
795	164	15	4	3
151	164	11	4	5
286	164	6	4	3
308	164	8	4	4
275	164	15	4	4
442	164	2	4	2
632	164	12	4	4
620	164	0	4	5
363	164	3	4	2
313	164	13	4	3
145	164	5	4	4
201	164	1	4	3
497	164	17	4	4
479	164	19	4	4
290	164	10	4	4
617	164	17	4	1
377	164	17	4	4
327	164	7	4	3
406	164	6	4	5
254	164	14	4	4
887	164	7	4	4
28	164	8	4	4
452	164	12	4	4
30	164	10	4	4
601	164	1	4	4
347	164	7	4	3
889	164	9	4	4
102	164	2	4	3
618	164	18	4	3
303	164	3	4	4
788	164	8	4	3
496	164	16	4	3
307	164	7	4	4
367	164	7	4	4
659	164	19	4	4
222	164	2	4	4
291	164	11	4	4
588	164	8	4	5
795	184	15	4	4
56	184	16	4	4
671	184	11	4	3
442	184	2	4	2
601	184	1	4	3
606	184	6	4	5
406	184	6	4	2
561	184	1	4	3
600	184	0	4	3
286	184	6	4	3
846	184	6	4	5
435	184	15	4	5
844	184	4	4	3
497	184	17	4	3
746	184	6	4	4
305	184	5	4	3
346	184	6	4	1
892	184	12	4	4
94	184	14	4	2
246	184	6	4	4
429	184	9	4	4
130	184	10	4	4
604	184	4	4	3
790	184	10	4	3
118	184	18	4	5
22	184	2	4	5
201	184	1	4	3
393	184	13	4	4
640	184	0	4	5
425	184	5	4	4
826	184	6	4	3
622	184	2	4	5
221	184	1	4	4
416	184	16	4	4
250	184	10	4	1
862	184	2	4	2
405	184	5	4	1
521	184	1	4	4
308	184	8	4	4
897	184	17	4	4
679	184	19	4	4
660	184	0	4	3
327	184	7	4	3
621	184	1	4	3
28	184	8	4	4
804	184	4	4	5
682	184	2	4	4
320	184	0	4	5
417	184	17	4	4
933	184	13	4	1
387	184	7	4	3
773	184	13	4	2
279	184	19	4	5
537	184	17	4	3
110	184	10	4	1
366	184	6	4	4
814	184	14	4	3
1	184	1	4	4
13	184	13	4	1
896	184	16	4	3
291	184	11	4	4
802	184	2	4	4
216	184	16	4	4
363	184	3	4	3
453	184	13	4	4
117	184	17	4	3
197	184	17	4	1
198	184	18	4	3
422	184	2	4	4
102	184	2	4	2
303	184	3	4	5
592	184	12	4	5
617	184	17	4	1
586	184	6	4	2
749	184	9	4	2
268	184	8	4	4
627	184	7	4	4
880	184	0	4	4
367	184	7	4	5
59	184	19	4	4
776	184	16	4	4
21	184	1	4	4
373	184	13	4	4
727	184	7	4	3
264	184	4	4	5
368	184	8	4	5
588	184	8	4	4
276	184	16	4	4
178	184	18	4	5
796	184	16	4	1
886	184	6	4	4
374	184	14	4	2
495	184	15	4	5
92	184	12	4	3
648	184	8	4	5
388	184	8	4	4
833	184	13	4	3
645	184	5	4	3
301	184	1	4	4
64	184	4	4	4
868	184	8	4	3
823	184	3	4	3
466	184	6	4	4
407	184	7	4	4
524	184	4	4	1
394	184	14	4	3
632	184	12	4	5
158	184	18	4	3
758	184	18	4	5
943	184	3	4	5
864	184	4	4	4
551	184	11	4	1
922	184	2	4	3
167	184	7	4	1
913	184	13	4	3
51	184	11	4	3
264	204	4	4	5
508	204	8	4	3
1	204	1	4	5
20	204	0	4	3
911	204	11	4	4
892	204	12	4	4
436	204	16	4	5
254	204	14	4	4
545	204	5	4	4
690	204	10	4	3
43	204	3	4	4
318	204	18	4	5
940	204	0	4	4
215	204	15	4	3
246	204	6	4	3
505	204	5	4	3
298	204	18	4	4
83	204	3	4	5
398	204	18	4	4
314	204	14	4	5
715	204	15	4	4
629	204	9	4	5
524	204	4	4	3
315	204	15	4	5
537	204	17	4	3
286	204	6	4	3
378	204	18	4	4
218	204	18	4	3
535	204	15	4	5
445	204	5	4	3
198	204	18	4	3
103	204	3	4	3
334	204	14	4	4
458	204	18	4	4
95	204	15	4	5
497	204	17	4	3
795	204	15	4	3
478	204	18	4	4
44	204	4	4	4
425	204	5	4	4
429	204	9	4	4
815	204	15	4	4
178	204	18	4	4
326	204	6	4	3
650	204	10	4	4
830	204	10	4	3
158	204	18	4	4
880	204	0	4	5
374	204	14	4	4
625	204	5	4	3
922	204	2	4	3
498	204	18	4	2
394	204	14	4	5
860	204	0	4	4
684	204	4	4	4
902	204	2	4	3
263	204	3	4	4
457	204	17	4	5
882	204	2	4	5
454	204	14	4	4
749	204	9	4	4
283	204	3	4	4
538	204	18	4	3
437	204	17	4	5
835	204	15	4	3
850	204	10	4	5
346	204	6	4	4
919	204	19	4	4
58	204	18	4	4
840	204	0	4	4
610	204	10	4	1
474	204	14	4	4
618	204	18	4	3
494	204	14	4	5
405	204	5	4	5
804	204	4	4	4
12	204	12	4	5
514	204	14	4	5
303	204	3	4	4
406	204	6	4	5
780	204	0	4	5
409	204	9	4	5
899	204	19	4	4
52	204	12	4	4
18	204	18	4	3
870	204	10	4	4
530	204	10	4	4
760	204	0	4	4
72	204	12	4	4
638	204	18	4	5
885	204	5	4	4
554	204	14	4	5
682	204	2	4	3
385	204	5	4	1
323	204	3	4	3
933	204	13	4	3
426	204	6	4	3
698	204	18	4	2
297	204	17	4	3
389	204	9	4	4
654	204	14	4	4
913	204	13	4	4
194	204	14	4	4
864	204	4	4	5
738	204	18	4	4
694	204	14	4	4
660	204	0	4	3
890	204	10	4	4
415	204	15	4	4
642	204	2	4	4
345	204	5	4	4
734	204	14	4	4
889	204	9	4	4
710	204	10	4	4
774	204	14	4	3
833	204	13	4	1
92	204	12	4	4
177	204	17	4	3
11	204	11	4	3
338	204	18	4	3
640	204	0	4	5
929	204	9	4	4
655	204	15	4	3
363	204	3	4	2
305	204	5	4	2
152	204	12	4	4
506	204	6	4	5
622	204	2	4	3
16	204	16	4	5
450	204	10	4	4
758	204	18	4	4
97	204	17	4	5
679	204	19	4	3
562	204	2	4	1
344	204	4	4	4
91	204	11	4	4
57	204	17	4	4
269	204	9	4	2
56	204	16	4	5
778	204	18	4	4
773	204	13	4	3
232	204	12	4	4
659	204	19	4	4
542	204	2	4	3
934	204	14	4	4
901	204	1	4	5
272	204	12	4	4
442	204	2	4	3
7	204	7	4	5
566	204	6	4	3
639	204	19	4	3
897	204	17	4	4
798	204	18	4	4
402	204	2	4	5
881	204	1	4	4
151	204	11	4	4
295	204	15	4	4
838	204	18	4	4
125	204	5	4	5
244	204	4	4	4
312	204	12	4	4
87	204	7	4	5
653	204	13	4	4
586	204	6	4	3
503	204	3	4	3
878	204	18	4	2
59	204	19	4	5
85	204	5	4	4
342	204	2	4	4
167	204	7	4	4
781	204	1	4	4
136	204	16	4	4
187	204	7	4	2
262	204	2	4	3
523	204	3	4	5
805	204	5	4	2
271	204	11	4	4
579	204	19	4	3
350	204	10	4	4
741	204	1	4	4
332	204	12	4	4
606	204	6	4	4
543	204	3	4	4
207	204	7	4	3
559	204	19	4	3
500	204	0	4	3
721	204	1	4	5
144	204	4	4	2
918	204	18	4	1
539	204	19	4	4
593	204	13	4	4
267	204	7	4	4
661	204	1	4	5
495	204	15	4	4
25	204	5	4	5
291	204	11	4	4
216	204	16	4	4
222	204	2	4	5
666	204	6	4	3
189	204	9	4	5
307	204	7	4	3
623	204	3	4	5
330	204	10	4	5
533	204	13	4	4
202	204	2	4	3
236	204	16	4	3
5	204	5	4	4
327	204	7	4	4
99	204	19	4	4
102	204	2	4	4
479	204	19	4	4
601	204	1	4	2
452	204	12	4	3
290	204	10	4	4
493	204	13	4	5
347	204	7	4	4
686	204	6	4	4
311	204	11	4	5
380	204	0	4	2
643	204	3	4	3
387	204	7	4	2
169	204	9	4	3
916	204	16	4	3
561	204	1	4	3
453	204	13	4	4
746	204	6	4	5
128	204	8	4	4
234	204	14	4	2
371	204	11	4	5
148	204	8	4	3
472	204	12	4	5
391	204	11	4	3
119	204	19	4	4
340	204	0	4	4
62	204	2	4	3
407	204	7	4	3
541	204	1	4	4
786	204	6	4	4
174	204	14	4	4
320	204	0	4	5
447	204	7	4	4
250	204	10	4	2
393	204	13	4	4
188	204	8	4	4
521	204	1	4	4
896	204	16	4	4
208	204	8	4	3
399	204	19	4	3
42	204	2	4	5
228	204	8	4	3
487	204	7	4	4
532	204	12	4	5
109	204	9	4	4
481	204	1	4	4
22	204	2	4	5
484	204	4	4	5
806	204	6	4	5
280	204	0	4	3
401	204	1	4	5
908	204	8	4	4
527	204	7	4	5
868	204	8	4	2
823	204	3	4	4
94	204	14	4	4
268	204	8	4	3
757	204	17	4	4
230	204	10	4	4
23	204	3	4	3
551	204	11	4	4
6	204	6	4	3
361	204	1	4	4
846	204	6	4	3
435	204	15	4	3
210	204	10	4	5
373	204	13	4	5
848	204	8	4	5
796	204	16	4	5
276	204	16	4	5
379	204	19	4	5
591	204	11	4	4
843	204	3	4	3
301	204	1	4	5
313	204	13	4	4
788	204	8	4	3
671	204	11	4	5
296	204	16	4	5
308	204	8	4	4
49	204	9	4	1
886	204	6	4	3
883	204	3	4	4
716	204	16	4	5
221	204	1	4	4
727	204	7	4	3
200	204	0	4	5
239	204	19	4	3
336	204	16	4	5
748	204	8	4	3
711	204	11	4	3
592	204	12	4	5
455	204	15	4	4
747	204	7	4	5
180	204	0	4	3
577	204	17	4	4
632	204	12	4	4
648	204	8	4	5
293	204	13	4	3
201	204	1	4	4
328	204	8	4	3
731	204	11	4	4
339	204	19	4	3
932	204	12	4	4
903	204	3	4	3
576	204	16	4	4
504	204	4	4	3
692	204	12	4	5
777	204	17	4	5
807	204	7	4	4
536	204	16	4	4
751	204	11	4	4
233	204	13	4	5
847	204	7	4	4
712	204	12	4	4
516	204	16	4	4
867	204	7	4	4
130	204	10	4	5
608	204	8	4	4
114	204	14	4	3
831	204	11	4	5
887	204	7	4	5
213	204	13	4	5
496	204	16	4	3
943	204	3	4	3
14	204	14	4	5
161	204	1	4	2
70	204	10	4	3
851	204	11	4	4
476	204	16	4	4
416	204	16	4	5
745	204	5	4	3
588	204	8	4	5
912	204	12	4	2
279	204	19	4	3
927	204	7	4	4
299	204	19	4	4
13	204	13	4	5
456	204	16	4	3
110	204	10	4	3
528	204	8	4	5
60	204	0	4	4
468	204	8	4	5
449	224	9	4	4
63	224	3	4	4
581	224	1	4	4
1	224	1	4	5
226	224	6	4	4
207	224	7	4	3
655	224	15	4	3
114	224	14	4	3
506	224	6	4	1
385	224	5	4	2
909	224	9	4	5
279	224	19	4	4
490	224	10	4	2
363	224	3	4	4
321	224	1	4	3
387	224	7	4	5
13	224	13	4	4
828	224	8	4	3
592	224	12	4	5
286	224	6	4	5
743	224	3	4	5
707	224	7	4	4
234	224	14	4	4
758	224	18	4	4
463	224	3	4	3
18	224	18	4	5
733	224	13	4	4
257	224	17	4	4
23	224	3	4	5
271	224	11	4	4
151	224	11	4	5
252	224	12	4	4
883	224	3	4	4
537	224	17	4	3
794	224	14	4	4
334	224	14	4	2
699	224	19	4	3
763	224	3	4	5
937	224	17	4	4
181	224	1	4	1
568	224	8	4	4
460	224	0	4	4
503	224	3	4	3
585	224	5	4	2
930	244	10	4	4
449	244	9	4	4
675	244	15	4	3
27	244	7	4	3
870	244	10	4	3
463	244	3	4	4
590	244	10	4	3
555	244	15	4	5
407	244	7	4	3
344	244	4	4	3
144	244	4	4	3
839	244	19	4	3
637	244	17	4	1
270	244	10	4	3
106	244	6	4	4
919	244	19	4	2
733	244	13	4	2
437	244	17	4	3
392	244	12	4	3
250	244	10	4	4
936	244	16	4	4
21	244	1	4	4
699	244	19	4	3
291	244	11	4	2
227	244	7	4	3
697	244	17	4	5
158	244	18	4	4
174	244	14	4	4
345	244	5	4	3
178	244	18	4	1
268	244	8	4	4
15	244	15	4	2
296	244	16	4	1
854	244	14	4	3
425	244	5	4	1
271	244	11	4	2
141	244	1	4	5
157	244	17	4	5
894	244	14	4	4
334	244	14	4	3
770	244	10	4	4
916	244	16	4	4
299	244	19	4	2
500	244	0	4	3
486	244	6	4	3
474	244	14	4	4
782	244	2	4	4
1	244	1	4	2
327	264	7	4	2
782	264	2	4	4
102	264	2	4	2
666	264	6	4	3
1	264	1	4	2
7	264	7	4	4
854	264	14	4	1
560	264	0	4	3
292	264	12	4	3
502	264	2	4	3
894	264	14	4	3
773	264	13	4	2
91	264	11	4	4
76	264	16	4	3
57	264	17	4	2
940	264	0	4	1
486	264	6	4	3
255	264	15	4	2
852	264	12	4	3
833	264	13	4	2
363	264	3	4	3
923	264	3	4	3
489	264	9	4	4
529	264	9	4	2
416	264	16	4	3
362	264	2	4	1
430	264	10	4	2
464	264	4	4	4
294	264	14	4	2
181	264	1	4	2
695	264	15	4	1
195	264	15	4	3
853	264	13	4	3
436	264	16	4	2
29	264	9	4	3
893	264	13	4	3
105	264	5	4	2
450	264	10	4	3
107	264	7	4	3
299	264	19	4	2
592	264	12	4	2
597	264	17	4	4
293	264	13	4	3
116	264	16	4	3
308	264	8	4	2
755	264	15	4	2
429	264	9	4	3
775	264	15	4	4
332	264	12	4	3
863	264	3	4	3
220	264	0	4	3
832	264	12	4	3
710	264	10	4	2
808	264	8	4	5
687	264	7	4	3
35	264	15	4	2
276	264	16	4	3
551	264	11	4	3
587	264	7	4	4
4	264	4	4	3
721	264	1	4	1
355	264	15	4	4
908	264	8	4	3
414	264	14	4	3
816	264	16	4	4
803	264	3	4	2
268	264	8	4	3
783	264	3	4	4
919	264	19	4	3
630	264	10	4	2
372	264	12	4	4
300	264	0	4	1
451	264	11	4	3
548	264	8	4	4
724	264	4	4	3
250	264	10	4	3
399	264	19	4	3
626	264	6	4	1
467	264	7	4	2
317	264	17	4	4
70	264	10	4	4
519	264	19	4	2
435	264	15	4	3
839	264	19	4	3
725	264	5	4	1
472	264	12	4	3
683	264	3	4	2
3	264	3	4	2
391	264	11	4	1
303	264	3	4	3
459	264	19	4	4
802	264	2	4	4
820	264	0	4	3
772	264	12	4	4
409	264	9	4	1
417	264	17	4	2
479	264	19	4	3
493	264	13	4	3
13	264	13	4	4
21	264	1	4	3
851	264	11	4	2
224	284	4	4	3
698	284	18	4	1
84	284	4	4	3
935	284	15	4	4
754	284	14	4	3
318	284	18	4	3
719	284	19	4	2
399	284	19	4	2
654	284	14	4	4
892	284	12	4	5
586	284	6	4	3
500	284	0	4	3
301	284	1	4	4
297	284	17	4	4
379	284	19	4	4
378	284	18	4	3
894	284	14	4	3
144	284	4	4	3
43	284	3	4	5
634	284	14	4	4
276	284	16	4	4
742	284	2	4	3
837	284	17	4	1
314	284	14	4	3
130	284	10	4	2
714	284	14	4	3
721	284	1	4	4
749	284	9	4	4
572	284	12	4	3
821	284	1	4	3
796	284	16	4	3
627	284	7	4	2
223	284	3	4	2
825	284	5	4	3
682	284	2	4	4
804	284	4	4	4
152	284	12	4	5
882	284	2	4	3
895	284	15	4	3
280	284	0	4	3
560	284	0	4	3
463	284	3	4	3
906	284	6	4	4
899	284	19	4	3
554	284	14	4	3
66	284	6	4	3
438	284	18	4	2
869	284	9	4	1
552	284	12	4	3
450	284	10	4	4
870	284	10	4	2
279	284	19	4	1
718	284	18	4	4
491	284	11	4	3
271	284	11	4	3
887	284	7	4	4
320	284	0	4	4
374	284	14	4	1
82	284	2	4	4
2	284	2	4	4
345	284	5	4	4
158	284	18	4	5
716	284	16	4	3
537	284	17	4	3
435	284	15	4	2
457	284	17	4	3
789	284	9	4	3
293	284	13	4	2
207	284	7	4	3
593	284	13	4	4
622	284	2	4	1
551	284	11	4	4
18	284	18	4	3
599	284	19	4	4
779	284	19	4	3
432	284	12	4	4
708	284	8	4	5
666	284	6	4	3
336	284	16	4	4
470	284	10	4	4
63	284	3	4	3
401	284	1	4	3
900	284	0	4	2
416	284	16	4	4
486	284	6	4	2
532	284	12	4	5
690	284	10	4	4
524	284	4	4	3
230	284	10	4	1
298	284	18	4	4
268	284	8	4	3
128	284	8	4	3
291	284	11	4	4
834	284	14	4	4
829	284	9	4	3
910	284	10	4	3
518	284	18	4	4
101	284	1	4	4
349	284	9	4	5
53	284	13	4	2
347	284	7	4	3
929	284	9	4	2
569	284	9	4	4
256	284	16	4	4
192	284	12	4	5
896	284	16	4	4
360	284	0	4	3
16	284	16	4	1
57	284	17	4	3
26	284	6	4	3
303	284	3	4	4
81	284	1	4	3
577	284	17	4	4
919	284	19	4	3
308	284	8	4	4
561	284	1	4	1
265	284	5	4	4
921	284	1	4	4
6	284	6	4	2
92	284	12	4	2
705	284	5	4	3
330	284	10	4	5
222	284	2	4	3
213	284	13	4	5
851	284	11	4	3
458	284	18	4	4
168	284	8	4	2
328	284	8	4	3
768	284	8	4	1
916	284	16	4	2
590	284	10	4	2
663	284	3	4	4
174	284	14	4	4
533	284	13	4	1
406	284	6	4	1
535	284	15	4	4
733	284	13	4	2
429	284	9	4	3
833	284	13	4	1
629	284	9	4	4
938	284	18	4	2
788	284	8	4	3
145	284	5	4	4
548	284	8	4	3
605	284	5	4	2
490	284	10	4	3
517	284	17	4	2
413	284	13	4	4
246	284	6	4	1
474	284	14	4	4
45	284	5	4	4
363	284	3	4	2
403	284	3	4	1
880	284	0	4	4
727	284	7	4	3
606	284	6	4	4
398	284	18	4	2
181	284	1	4	2
85	284	5	4	3
329	284	9	4	3
178	284	18	4	4
831	284	11	4	3
447	284	7	4	4
58	284	18	4	4
161	284	1	4	3
277	284	17	4	4
357	284	17	4	4
790	284	10	4	4
655	284	15	4	2
872	284	12	4	3
344	284	4	4	3
769	284	9	4	3
108	284	8	4	3
59	284	19	4	2
234	284	14	4	3
296	284	16	4	4
201	284	1	4	3
715	284	15	4	4
493	284	13	4	4
194	284	14	4	3
672	284	12	4	4
933	284	13	4	2
115	284	15	4	2
764	284	4	4	4
907	284	7	4	5
332	284	12	4	5
943	284	3	4	2
601	284	1	4	4
75	284	15	4	2
42	284	2	4	3
64	284	4	4	4
141	284	1	4	5
697	284	17	4	5
915	304	15	4	3
61	304	1	4	4
129	304	9	4	3
589	304	9	4	5
378	304	18	4	4
144	304	4	4	4
784	304	4	4	4
732	304	12	4	5
489	304	9	4	3
655	304	15	4	2
609	304	9	4	5
360	304	0	4	4
181	304	1	4	1
811	304	11	4	5
30	304	10	4	4
275	304	15	4	3
791	304	11	4	4
648	304	8	4	5
201	304	1	4	2
418	304	18	4	4
536	304	16	4	3
455	304	15	4	3
688	304	8	4	5
931	304	11	4	4
140	304	0	4	4
463	304	3	4	3
351	304	11	4	3
881	304	1	4	3
116	304	16	4	2
708	304	8	4	4
747	304	7	4	4
200	304	0	4	5
728	304	8	4	4
458	304	18	4	4
544	304	4	4	3
883	304	3	4	3
331	304	11	4	5
133	304	13	4	3
316	304	16	4	3
147	304	7	4	5
691	304	11	4	3
170	304	10	4	4
390	304	10	4	5
6	304	6	4	4
735	304	15	4	4
755	304	15	4	4
236	304	16	4	4
195	304	15	4	4
334	304	14	4	3
448	304	8	4	3
57	304	17	4	5
26	304	6	4	4
273	304	13	4	3
863	304	3	4	3
261	304	1	4	3
281	304	1	4	5
488	304	8	4	4
640	304	0	4	4
772	304	12	4	4
674	304	14	4	3
479	304	19	4	4
111	304	11	4	4
82	304	2	4	3
296	304	16	4	3
800	304	0	4	3
145	304	5	4	2
813	304	13	4	1
500	304	0	4	2
75	304	15	4	2
310	304	10	4	5
203	304	3	4	3
824	304	4	4	3
171	304	11	4	3
486	304	6	4	3
750	304	10	4	4
178	304	18	4	4
92	304	12	4	4
699	304	19	4	4
779	304	19	4	3
942	304	2	4	5
810	304	10	4	4
450	304	10	4	4
802	304	2	4	3
587	304	7	4	4
515	304	15	4	4
101	304	1	4	3
853	304	13	4	4
165	304	5	4	3
575	304	15	4	2
457	304	17	4	4
233	304	13	4	5
381	304	1	4	5
47	304	7	4	3
524	304	4	4	4
234	304	14	4	3
857	304	17	4	2
721	304	1	4	3
937	304	17	4	4
704	304	4	4	2
424	304	4	4	4
602	304	2	4	4
902	304	2	4	3
230	304	10	4	5
803	304	3	4	3
753	304	13	4	4
879	304	19	4	4
532	304	12	4	5
2	304	2	4	4
309	304	9	4	3
461	304	1	4	4
682	304	2	4	1
416	304	16	4	5
701	304	1	4	4
819	304	19	4	4
720	304	0	4	4
344	304	4	4	3
771	304	11	4	5
451	304	11	4	3
550	304	10	4	3
787	304	7	4	4
724	304	4	4	4
393	304	13	4	4
385	304	5	4	3
400	304	0	4	4
595	304	15	4	3
681	304	1	4	3
205	304	5	4	3
646	304	6	4	3
782	304	2	4	4
392	304	12	4	4
921	304	1	4	2
209	304	9	4	2
86	304	6	4	3
284	304	4	4	4
919	304	19	4	4
851	304	11	4	3
204	304	4	4	3
563	304	3	4	2
411	304	11	4	3
427	304	7	4	4
108	304	8	4	3
460	304	0	4	2
661	304	1	4	2
541	304	1	4	4
423	304	3	4	4
357	304	17	4	5
239	304	19	4	1
561	304	1	4	3
440	304	0	4	5
21	324	1	4	4
687	324	7	4	2
697	324	17	4	5
663	324	3	4	2
898	324	18	4	4
116	324	16	4	2
626	324	6	4	4
276	324	16	4	4
570	324	10	4	2
556	324	16	4	4
135	324	15	4	3
408	324	8	4	5
890	324	10	4	4
358	324	18	4	4
717	324	17	4	3
76	324	16	4	4
201	324	1	4	5
820	324	0	4	3
601	324	1	4	4
871	324	11	4	3
842	324	2	4	4
173	324	13	4	5
244	324	4	4	4
611	324	11	4	3
936	324	16	4	5
104	324	4	4	1
501	324	1	4	4
629	324	9	4	2
292	324	12	4	3
655	324	15	4	3
576	324	16	4	2
199	324	19	4	1
392	324	12	4	1
267	324	7	4	3
7	324	7	4	1
294	324	14	4	4
327	324	7	4	3
817	324	17	4	2
451	324	11	4	4
315	324	15	4	3
863	324	3	4	5
595	324	15	4	3
466	324	6	4	1
773	324	13	4	3
736	324	16	4	3
74	324	14	4	3
833	324	13	4	3
732	324	12	4	2
34	324	14	4	5
113	324	13	4	2
49	324	9	4	4
155	324	15	4	2
177	324	17	4	4
440	324	0	4	5
50	324	10	4	5
519	324	19	4	1
425	324	5	4	3
521	324	1	4	2
781	324	1	4	4
257	324	17	4	5
343	324	3	4	5
456	324	16	4	4
854	324	14	4	3
335	324	15	4	1
387	324	7	4	4
669	324	9	4	3
479	324	19	4	1
578	324	18	4	1
397	324	17	4	2
334	324	14	4	4
342	324	2	4	1
255	324	15	4	5
150	324	10	4	4
303	324	3	4	3
527	324	7	4	3
280	324	0	4	5
270	324	10	4	2
105	324	5	4	4
510	324	10	4	1
445	324	5	4	1
414	324	14	4	4
721	324	1	4	3
836	324	16	4	4
787	324	7	4	2
486	324	6	4	4
551	324	11	4	3
214	324	14	4	5
181	324	1	4	1
291	324	11	4	1
227	324	7	4	4
758	324	18	4	5
268	324	8	4	4
699	324	19	4	4
589	324	9	4	1
782	324	2	4	2
47	324	7	4	3
4	324	4	4	5
903	324	3	4	4
367	324	7	4	5
309	324	9	4	3
806	324	6	4	2
284	324	4	4	3
355	324	15	4	4
685	324	5	4	3
347	324	7	4	1
250	324	10	4	2
417	324	17	4	1
11	324	11	4	1
24	324	4	4	5
350	324	10	4	4
154	324	14	4	2
529	324	9	4	2
422	324	2	4	5
3	324	3	4	2
248	324	8	4	4
925	324	5	4	4
506	324	6	4	1
592	324	12	4	4
176	324	16	4	5
543	324	3	4	3
894	324	14	4	3
733	324	13	4	4
118	324	18	4	4
489	324	9	4	3
695	324	15	4	2
894	344	14	4	4
328	344	8	4	4
767	344	7	4	4
656	344	16	4	4
418	344	18	4	1
752	344	12	4	4
676	344	16	4	5
696	344	16	4	5
466	344	6	4	5
564	344	4	4	4
3	344	3	4	4
775	344	15	4	5
866	344	6	4	2
863	344	3	4	4
592	344	12	4	4
354	344	14	4	5
611	344	11	4	5
713	344	13	4	5
111	344	11	4	2
284	344	4	4	4
931	344	11	4	4
782	344	2	4	3
381	344	1	4	3
448	344	8	4	4
841	344	1	4	3
514	344	14	4	3
860	344	0	4	3
655	344	15	4	4
704	344	4	4	4
428	344	8	4	3
701	344	1	4	3
548	344	8	4	1
724	344	4	4	1
515	344	15	4	2
833	344	13	4	4
126	344	6	4	4
772	344	12	4	4
229	344	9	4	5
423	344	3	4	4
393	344	13	4	3
758	344	18	4	3
392	344	12	4	4
683	344	3	4	3
842	344	2	4	1
13	344	13	4	2
327	344	7	4	4
784	344	4	4	4
100	344	0	4	4
235	344	15	4	5
171	344	11	4	3
673	344	13	4	5
116	344	16	4	5
675	344	15	4	4
197	344	17	4	4
574	344	14	4	5
393	364	13	4	2
405	364	5	4	1
174	364	14	4	1
532	364	12	4	3
92	364	12	4	3
267	364	7	4	2
417	364	17	4	3
279	364	19	4	4
5	364	5	4	1
642	364	2	4	5
276	364	16	4	3
394	364	14	4	3
648	364	8	4	5
268	364	8	4	3
159	364	19	4	1
222	364	2	4	1
758	364	18	4	4
152	364	12	4	4
280	364	0	4	3
773	364	13	4	4
497	364	17	4	3
416	364	16	4	2
622	364	2	4	1
125	364	5	4	3
790	364	10	4	2
886	364	6	4	3
167	364	7	4	3
453	364	13	4	3
83	364	3	4	1
690	364	10	4	3
110	364	10	4	3
504	364	4	4	2
303	364	3	4	2
216	364	16	4	2
399	364	19	4	4
621	364	1	4	3
291	364	11	4	3
7	384	7	4	3
798	384	18	4	2
588	384	8	4	1
566	384	6	4	3
363	384	3	4	1
833	384	13	4	3
758	384	18	4	5
435	384	15	4	3
125	384	5	4	3
87	384	7	4	4
642	384	2	4	5
271	384	11	4	3
523	384	3	4	3
389	384	9	4	2
933	384	13	4	1
682	384	2	4	2
267	384	7	4	3
385	384	5	4	1
291	384	11	4	4
330	384	10	4	2
621	384	1	4	3
5	384	5	4	3
102	384	2	4	2
303	384	3	4	3
452	384	12	4	2
417	384	17	4	4
514	384	14	4	3
870	384	10	4	3
453	384	13	4	2
38	384	18	4	5
472	384	12	4	3
276	384	16	4	3
393	384	13	4	3
896	384	16	4	2
22	384	2	4	3
280	384	0	4	4
268	384	8	4	3
922	384	2	4	4
399	384	19	4	2
497	384	17	4	2
551	384	11	4	1
299	384	19	4	3
405	384	5	4	3
174	384	14	4	1
13	384	13	4	2
301	384	1	4	5
790	384	10	4	2
64	384	4	4	2
886	384	6	4	3
221	384	1	4	3
727	384	7	4	2
883	384	3	4	3
880	384	0	4	3
648	384	8	4	4
807	384	7	4	4
195	384	15	4	2
110	384	10	4	2
246	384	6	4	2
690	384	10	4	3
318	384	18	4	3
545	384	5	4	3
254	384	14	4	1
279	384	19	4	4
450	384	10	4	3
542	384	2	4	3
504	384	4	4	2
773	384	13	4	2
934	384	14	4	4
476	384	16	4	4
303	404	3	4	4
417	404	17	4	3
246	404	6	4	3
318	404	18	4	3
10	404	10	4	4
85	404	5	4	3
864	404	4	4	4
59	404	19	4	3
472	404	12	4	3
536	404	16	4	4
5	404	5	4	2
18	404	18	4	4
167	404	7	4	3
7	404	7	4	5
887	404	7	4	4
13	404	13	4	5
234	404	14	4	4
495	404	15	4	4
504	404	4	4	4
38	404	18	4	5
712	404	12	4	3
416	404	16	4	3
545	404	5	4	4
295	404	15	4	4
405	404	5	4	4
588	404	8	4	3
911	404	11	4	3
927	404	7	4	4
618	404	18	4	5
606	404	6	4	4
749	404	9	4	5
815	404	15	4	4
49	404	9	4	3
280	404	0	4	3
435	404	15	4	2
401	404	1	4	2
890	404	10	4	4
286	404	6	4	5
378	404	18	4	4
698	404	18	4	1
23	404	3	4	4
60	404	0	4	3
268	404	8	4	4
846	404	6	4	4
532	404	12	4	5
16	404	16	4	5
716	404	16	4	4
95	404	15	4	5
301	404	1	4	3
622	404	2	4	3
293	404	13	4	4
406	404	6	4	5
756	404	16	4	3
643	404	3	4	4
94	404	14	4	4
429	404	9	4	4
642	404	2	4	3
250	404	10	4	4
276	404	16	4	4
128	404	8	4	3
347	404	7	4	4
487	404	7	4	4
471	404	11	4	2
823	404	3	4	4
308	404	8	4	3
493	404	13	4	4
537	404	17	4	3
747	404	7	4	5
711	404	11	4	3
194	404	14	4	3
454	404	14	4	3
465	404	5	4	2
393	404	13	4	3
290	404	10	4	3
426	404	6	4	3
650	404	10	4	3
660	404	0	4	2
311	404	11	4	3
632	404	12	4	5
339	404	19	4	4
620	404	0	4	4
437	404	17	4	5
399	404	19	4	3
373	404	13	4	4
70	404	10	4	4
621	404	1	4	3
409	404	9	4	2
210	404	10	4	5
452	404	12	4	4
786	404	6	4	4
25	404	5	4	3
42	404	2	4	5
807	404	7	4	3
541	404	1	4	4
313	404	13	4	4
291	404	11	4	4
130	404	10	4	5
897	404	17	4	4
506	404	6	4	5
847	404	7	4	3
389	404	9	4	5
374	424	14	4	1
21	424	1	4	1
222	424	2	4	1
434	424	14	4	1
830	424	10	4	1
933	424	13	4	1
425	424	5	4	2
453	424	13	4	1
939	424	19	4	3
13	424	13	4	1
181	424	1	4	1
5	424	5	4	1
617	424	17	4	1
435	424	15	4	1
113	424	13	4	1
727	424	7	4	1
38	424	18	4	3
802	424	2	4	2
82	424	2	4	1
833	444	13	4	3
363	444	3	4	4
495	444	15	4	3
5	444	5	4	2
642	444	2	4	1
28	444	8	4	3
38	444	18	4	1
399	444	19	4	1
13	444	13	4	4
545	444	5	4	3
405	444	5	4	3
650	444	10	4	2
802	444	2	4	4
279	444	19	4	3
774	444	14	4	1
130	444	10	4	4
385	444	5	4	1
804	444	4	4	4
417	444	17	4	4
255	444	15	4	3
847	444	7	4	3
311	444	11	4	2
814	444	14	4	2
620	444	0	4	3
749	444	9	4	2
815	444	15	4	2
7	444	7	4	5
653	444	13	4	1
617	444	17	4	4
604	444	4	4	2
326	444	6	4	4
798	444	18	4	2
890	444	10	4	4
727	444	7	4	2
406	444	6	4	3
788	444	8	4	3
269	444	9	4	3
435	444	15	4	3
21	444	1	4	3
660	444	0	4	2
246	444	6	4	4
843	444	3	4	2
102	444	2	4	1
648	444	8	4	3
776	444	16	4	2
387	444	7	4	4
846	464	6	4	2
6	464	6	4	2
62	464	2	4	4
269	464	9	4	3
201	464	1	4	1
498	464	18	4	4
655	464	15	4	3
383	464	3	4	4
345	464	5	4	3
429	464	9	4	3
305	464	5	4	3
327	464	7	4	4
883	464	3	4	5
90	464	10	4	5
279	464	19	4	4
122	464	2	4	5
500	464	0	4	4
151	464	11	4	4
234	464	14	4	4
763	464	3	4	3
354	464	14	4	4
85	464	5	4	5
405	464	5	4	1
267	464	7	4	5
94	464	14	4	5
293	464	13	4	3
537	464	17	4	4
498	484	18	4	4
268	484	8	4	4
942	484	2	4	5
210	484	10	4	4
178	484	18	4	4
848	484	8	4	5
796	484	16	4	5
321	484	1	4	5
313	484	13	4	5
664	484	4	4	5
911	484	11	4	3
815	484	15	4	4
571	484	11	4	4
290	484	10	4	3
921	484	1	4	3
643	484	3	4	5
854	484	14	4	3
417	484	17	4	4
693	484	13	4	3
269	484	9	4	3
753	484	13	4	5
327	484	7	4	3
234	484	14	4	5
31	484	11	4	5
151	484	11	4	4
397	484	17	4	5
561	484	1	4	4
97	484	17	4	3
666	484	6	4	4
292	484	12	4	5
389	484	9	4	5
929	484	9	4	3
506	484	6	4	4
13	484	13	4	5
385	484	5	4	4
91	484	11	4	4
77	484	17	4	5
641	484	1	4	5
916	484	16	4	4
758	484	18	4	5
82	484	2	4	4
679	484	19	4	4
311	484	11	4	4
383	484	3	4	4
409	484	9	4	4
60	484	0	4	5
499	484	19	4	4
528	484	8	4	3
622	484	2	4	3
420	484	0	4	5
72	484	12	4	4
881	484	1	4	4
840	484	0	4	5
496	484	16	4	3
303	484	3	4	5
533	484	13	4	3
802	484	2	4	3
299	484	19	4	4
96	484	16	4	5
766	484	6	4	4
535	484	15	4	5
553	484	13	4	5
469	484	9	4	5
6	484	6	4	5
312	484	12	4	5
325	484	5	4	5
889	484	9	4	4
10	484	10	4	5
751	484	11	4	3
407	484	7	4	4
897	484	17	4	3
786	484	6	4	4
116	484	16	4	4
160	484	0	4	5
267	484	7	4	5
610	484	10	4	3
862	484	2	4	4
398	484	18	4	4
189	484	9	4	5
339	484	19	4	5
154	484	14	4	4
524	484	4	4	4
188	484	8	4	5
648	484	8	4	5
474	484	14	4	5
305	484	5	4	3
259	484	19	4	4
447	484	7	4	5
932	484	12	4	5
807	484	7	4	4
298	484	18	4	4
731	484	11	4	3
239	484	19	4	5
892	484	12	4	5
59	484	19	4	4
503	484	3	4	4
670	484	10	4	5
293	484	13	4	5
7	484	7	4	5
248	484	8	4	2
749	484	9	4	5
334	484	14	4	5
437	484	17	4	4
821	484	1	4	5
481	484	1	4	4
694	484	14	4	4
456	484	16	4	4
138	484	18	4	4
896	484	16	4	4
429	484	9	4	5
263	484	3	4	4
835	484	15	4	4
338	484	18	4	5
806	484	6	4	4
454	484	14	4	3
230	484	10	4	5
537	484	17	4	4
308	484	8	4	3
908	484	8	4	4
592	484	12	4	4
799	484	19	4	3
716	484	16	4	4
890	484	10	4	3
370	484	10	4	4
132	484	12	4	4
401	484	1	4	3
458	484	18	4	5
830	484	10	4	5
567	484	7	4	4
450	484	10	4	3
650	484	10	4	5
625	484	5	4	4
846	484	6	4	5
426	484	6	4	5
202	484	2	4	4
94	484	14	4	5
326	484	6	4	5
296	484	16	4	4
875	504	15	4	5
786	504	6	4	4
389	504	9	4	4
537	504	17	4	3
548	504	8	4	5
398	504	18	4	3
788	504	8	4	4
23	504	3	4	4
385	504	5	4	4
298	504	18	4	3
194	504	14	4	2
295	504	15	4	4
503	504	3	4	4
731	504	11	4	3
667	504	7	4	3
293	504	13	4	4
693	504	13	4	5
269	504	9	4	4
561	504	1	4	3
72	504	12	4	4
452	504	12	4	2
450	504	10	4	5
339	504	19	4	5
623	504	3	4	3
234	504	14	4	4
92	504	12	4	3
13	504	13	4	5
383	504	3	4	4
846	504	6	4	5
426	504	6	4	4
504	504	4	4	4
747	504	7	4	5
313	504	13	4	5
391	504	11	4	5
821	504	1	4	4
436	504	16	4	4
694	504	14	4	3
924	504	4	4	5
254	504	14	4	3
454	504	14	4	2
405	504	5	4	2
325	504	5	4	3
766	504	6	4	3
230	504	10	4	3
239	504	19	4	4
151	504	11	4	4
753	504	13	4	3
881	504	1	4	3
85	504	5	4	4
382	504	2	4	3
371	504	11	4	4
870	504	10	4	5
666	504	6	4	4
883	504	3	4	5
18	504	18	4	5
650	504	10	4	3
655	504	15	4	5
804	504	4	4	3
833	504	13	4	4
16	504	16	4	5
184	504	4	4	4
94	504	14	4	5
11	504	11	4	3
233	504	13	4	5
340	504	0	4	1
135	504	15	4	4
328	504	8	4	3
213	504	13	4	5
835	504	15	4	5
629	504	9	4	4
6	504	6	4	3
31	504	11	4	5
686	504	6	4	5
429	504	9	4	3
91	504	11	4	3
188	504	8	4	3
264	504	4	4	5
82	504	2	4	4
406	504	6	4	4
374	504	14	4	4
236	504	16	4	3
7	504	7	4	5
848	504	8	4	3
152	504	12	4	4
474	504	14	4	5
710	504	10	4	4
397	504	17	4	5
409	504	9	4	2
296	504	16	4	5
643	504	3	4	4
495	504	15	4	4
932	504	12	4	4
315	504	15	4	3
445	504	5	4	3
567	504	7	4	4
535	504	15	4	3
671	504	11	4	4
840	504	0	4	3
218	504	18	4	3
562	504	2	4	4
379	504	19	4	5
843	504	3	4	2
59	504	19	4	5
638	504	18	4	2
601	504	1	4	4
123	504	3	4	5
716	504	16	4	5
361	504	1	4	4
533	504	13	4	4
524	504	4	4	5
308	504	8	4	4
480	504	0	4	4
568	504	8	4	3
407	504	7	4	3
10	504	10	4	5
707	504	7	4	1
311	504	11	4	4
455	504	15	4	4
271	504	11	4	3
896	504	16	4	3
806	504	6	4	4
664	504	4	4	4
481	524	1	4	5
747	524	7	4	5
102	524	2	4	3
234	524	14	4	3
553	524	13	4	5
867	524	7	4	5
235	524	15	4	5
568	524	8	4	2
583	524	3	4	5
881	524	1	4	4
545	524	5	4	4
868	524	8	4	3
264	524	4	4	3
385	524	5	4	5
508	524	8	4	5
932	524	12	4	5
14	524	14	4	5
561	524	1	4	4
318	524	18	4	3
379	524	19	4	4
312	524	12	4	5
144	524	4	4	5
405	524	5	4	1
890	524	10	4	4
776	524	16	4	5
18	524	18	4	4
60	524	0	4	4
815	524	15	4	4
389	524	9	4	5
559	524	19	4	3
59	524	19	4	3
846	524	6	4	3
691	524	11	4	5
659	524	19	4	4
207	524	7	4	4
426	524	6	4	4
11	524	11	4	4
361	524	1	4	4
6	524	6	4	3
889	524	9	4	4
208	524	8	4	4
48	524	8	4	3
499	524	19	4	4
767	524	7	4	5
13	524	13	4	4
406	524	6	4	4
190	544	10	4	4
181	544	1	4	1
276	544	16	4	3
445	544	5	4	2
280	544	0	4	4
11	544	11	4	4
666	544	6	4	4
624	544	4	4	4
923	544	3	4	4
268	544	8	4	3
551	544	11	4	4
663	544	3	4	4
99	544	19	4	4
906	544	6	4	4
158	544	18	4	2
903	544	3	4	2
323	544	3	4	4
463	544	3	4	4
279	544	19	4	1
727	544	7	4	3
224	544	4	4	1
221	544	1	4	4
634	544	14	4	3
374	544	14	4	1
699	544	19	4	4
391	544	11	4	4
288	544	8	4	5
592	544	12	4	4
303	544	3	4	4
201	544	1	4	2
833	544	13	4	1
349	544	9	4	4
94	544	14	4	3
119	544	19	4	2
470	544	10	4	3
7	544	7	4	3
526	544	6	4	1
825	544	5	4	3
347	544	7	4	4
862	544	2	4	5
416	544	16	4	2
595	544	15	4	3
886	544	6	4	4
417	544	17	4	3
889	544	9	4	3
296	544	16	4	4
50	544	10	4	4
393	544	13	4	3
561	544	1	4	2
399	544	19	4	2
81	544	1	4	2
104	544	4	4	3
486	544	6	4	4
162	544	2	4	4
293	544	13	4	3
792	544	12	4	4
854	544	14	4	3
449	544	9	4	3
447	544	7	4	4
851	544	11	4	4
456	544	16	4	3
733	544	13	4	1
145	544	5	4	4
294	544	14	4	4
834	544	14	4	4
342	544	2	4	1
501	544	1	4	4
468	544	8	4	3
160	544	0	4	4
637	544	17	4	3
518	544	18	4	3
7	564	7	4	3
109	564	9	4	3
255	564	15	4	1
59	564	19	4	2
648	564	8	4	1
416	564	16	4	4
21	564	1	4	3
851	564	11	4	3
715	564	15	4	2
326	564	6	4	3
160	564	0	4	3
399	564	19	4	3
776	564	16	4	3
130	564	10	4	4
919	564	19	4	2
135	564	15	4	1
367	564	7	4	2
16	564	16	4	1
118	564	18	4	1
795	564	15	4	1
405	564	5	4	1
709	564	9	4	1
796	564	16	4	1
303	564	3	4	1
13	564	13	4	1
387	564	7	4	1
276	564	16	4	3
642	584	2	4	4
621	584	1	4	5
312	584	12	4	5
59	584	19	4	4
747	584	7	4	5
234	584	14	4	3
83	584	3	4	4
878	584	18	4	4
472	584	12	4	1
886	584	6	4	4
479	584	19	4	3
885	584	5	4	3
593	584	13	4	3
233	584	13	4	4
342	584	2	4	4
807	584	7	4	4
330	584	10	4	3
244	584	4	4	5
798	584	18	4	3
601	584	1	4	4
883	584	3	4	3
270	584	10	4	5
536	584	16	4	5
354	584	14	4	5
880	584	0	4	3
70	584	10	4	3
401	584	1	4	3
500	584	0	4	1
694	584	14	4	4
429	584	9	4	4
934	584	14	4	4
524	584	4	4	1
468	584	8	4	4
848	584	8	4	3
749	584	9	4	3
457	584	17	4	4
254	584	14	4	3
389	584	9	4	4
766	584	6	4	3
405	584	5	4	1
588	584	8	4	3
109	584	9	4	2
106	584	6	4	4
437	584	17	4	3
541	584	1	4	3
94	584	14	4	4
184	584	4	4	3
804	584	4	4	4
585	584	5	4	3
474	584	14	4	5
850	584	10	4	4
455	584	15	4	4
151	584	11	4	3
308	584	8	4	4
358	584	18	4	4
942	584	2	4	4
340	584	0	4	3
465	584	5	4	3
200	584	0	4	4
561	584	1	4	3
435	584	15	4	3
505	584	5	4	4
450	584	10	4	5
537	584	17	4	2
861	584	1	4	5
311	584	11	4	3
911	584	11	4	3
7	584	7	4	4
58	584	18	4	5
838	584	18	4	4
625	584	5	4	3
790	584	10	4	4
497	584	17	4	4
639	584	19	4	2
655	584	15	4	3
280	584	0	4	4
877	584	17	4	4
815	584	15	4	3
712	584	12	4	4
234	604	14	4	5
854	604	14	4	4
454	604	14	4	3
269	604	9	4	3
450	604	10	4	4
747	604	7	4	5
524	604	4	4	4
535	604	15	4	4
370	604	10	4	4
301	604	1	4	4
184	604	4	4	4
889	604	9	4	3
942	604	2	4	4
406	604	6	4	3
694	604	14	4	4
18	604	18	4	5
160	604	0	4	4
568	604	8	4	4
780	604	0	4	3
876	604	16	4	5
298	604	18	4	5
716	604	16	4	3
401	604	1	4	4
655	604	15	4	4
691	604	11	4	5
202	604	2	4	5
704	604	4	4	5
890	604	10	4	5
913	604	13	4	2
846	604	6	4	4
116	604	16	4	3
478	604	18	4	3
474	604	14	4	4
311	604	11	4	3
338	604	18	4	4
537	604	17	4	3
760	604	0	4	4
571	604	11	4	3
60	604	0	4	4
419	604	19	4	5
194	604	14	4	3
313	604	13	4	4
650	604	10	4	3
666	604	6	4	3
90	604	10	4	5
567	604	7	4	4
59	604	19	4	3
85	604	5	4	4
647	604	7	4	4
350	604	10	4	5
556	604	16	4	5
354	604	14	4	4
391	604	11	4	4
321	604	1	4	5
409	604	9	4	4
272	604	12	4	4
506	604	6	4	4
639	604	19	4	4
505	604	5	4	5
325	604	5	4	4
312	604	12	4	5
7	604	7	4	3
693	604	13	4	3
13	604	13	4	5
389	604	9	4	4
617	604	17	4	2
766	604	6	4	4
10	604	10	4	4
892	604	12	4	5
553	604	13	4	5
25	604	5	4	4
169	604	9	4	4
398	604	18	4	5
392	604	12	4	5
383	604	3	4	5
479	604	19	4	3
225	604	5	4	5
612	604	12	4	4
385	604	5	4	4
734	604	14	4	4
659	604	19	4	4
94	624	14	4	2
194	624	14	4	2
934	624	14	4	4
416	624	16	4	3
807	624	7	4	3
642	624	2	4	3
313	624	13	4	4
499	624	19	4	2
405	624	5	4	4
279	624	19	4	4
452	624	12	4	2
621	624	1	4	5
276	624	16	4	2
271	624	11	4	2
804	624	4	4	2
826	624	6	4	4
406	624	6	4	5
7	624	7	4	4
13	624	13	4	5
254	624	14	4	2
295	624	15	4	5
275	624	15	4	3
870	644	10	4	2
617	644	17	4	4
339	644	19	4	5
379	644	19	4	5
774	644	14	4	4
94	644	14	4	5
90	644	10	4	5
458	644	18	4	4
7	644	7	4	5
184	644	4	4	4
650	644	10	4	3
201	644	1	4	3
561	644	1	4	3
59	644	19	4	4
312	644	12	4	5
393	644	13	4	3
279	644	19	4	1
115	644	15	4	3
747	644	7	4	5
233	644	13	4	5
327	644	7	4	3
121	644	1	4	4
443	644	3	4	3
615	644	15	4	4
655	644	15	4	3
666	644	6	4	3
44	644	4	4	3
271	644	11	4	3
405	644	5	4	3
72	644	12	4	4
537	644	17	4	5
445	644	5	4	3
888	644	8	4	4
840	644	0	4	4
269	644	9	4	5
59	664	19	4	4
406	664	6	4	2
747	664	7	4	2
62	664	2	4	4
184	664	4	4	3
457	664	17	4	4
405	664	5	4	1
389	664	9	4	4
903	664	3	4	4
659	664	19	4	4
918	664	18	4	4
354	664	14	4	5
308	664	8	4	5
132	664	12	4	5
537	664	17	4	3
934	664	14	4	4
474	664	14	4	4
889	664	9	4	2
561	664	1	4	4
269	664	9	4	5
766	664	6	4	2
504	664	4	4	3
72	664	12	4	3
85	664	5	4	4
639	664	19	4	2
790	664	10	4	3
385	664	5	4	3
854	664	14	4	4
645	664	5	4	4
7	664	7	4	3
219	664	19	4	5
833	664	13	4	3
409	664	9	4	4
305	664	5	4	2
499	664	19	4	3
804	664	4	4	3
151	664	11	4	5
543	664	3	4	4
805	664	5	4	5
693	664	13	4	2
10	664	10	4	4
380	664	0	4	3
664	664	4	4	4
498	664	18	4	5
840	664	0	4	3
669	664	9	4	4
665	684	5	4	3
186	684	6	4	4
279	684	19	4	3
417	684	17	4	3
102	684	2	4	2
899	684	19	4	3
666	684	6	4	4
554	684	14	4	4
493	684	13	4	4
106	684	6	4	4
128	684	8	4	4
566	684	6	4	4
256	684	16	4	5
12	684	12	4	5
72	684	12	4	4
655	684	15	4	3
387	684	7	4	3
169	684	9	4	5
453	684	13	4	3
746	684	6	4	4
474	684	14	4	4
380	684	0	4	3
561	684	1	4	3
412	684	12	4	4
409	684	9	4	4
270	684	10	4	4
870	684	10	4	3
916	684	16	4	3
407	684	7	4	3
276	684	16	4	4
110	684	10	4	4
661	684	1	4	3
188	684	8	4	3
618	684	18	4	3
375	684	15	4	4
8	684	8	4	4
393	684	13	4	4
58	684	18	4	4
42	684	2	4	4
70	684	10	4	3
437	684	17	4	3
521	684	1	4	3
119	684	19	4	4
844	684	4	4	3
267	684	7	4	4
786	684	6	4	4
22	684	2	4	3
896	684	16	4	4
532	684	12	4	5
882	684	2	4	3
487	684	7	4	5
346	684	6	4	4
399	684	19	4	3
491	684	11	4	5
484	684	4	4	5
721	684	1	4	4
543	684	3	4	4
90	684	10	4	3
268	684	8	4	3
401	684	1	4	4
864	684	4	4	4
823	684	3	4	4
826	684	6	4	3
551	684	11	4	5
796	684	16	4	5
664	684	4	4	4
361	684	1	4	4
158	684	18	4	3
429	684	9	4	4
405	684	5	4	3
373	684	13	4	4
757	684	17	4	4
210	684	10	4	3
846	684	6	4	5
497	684	17	4	3
815	684	15	4	4
627	684	7	4	4
343	684	3	4	3
374	684	14	4	5
415	684	15	4	3
435	684	15	4	4
606	684	6	4	3
478	684	18	4	4
178	684	18	4	5
301	684	1	4	3
466	684	6	4	4
207	684	7	4	3
682	684	2	4	3
788	684	8	4	5
379	684	19	4	4
94	684	14	4	4
249	684	9	4	4
425	684	5	4	2
332	684	12	4	5
334	684	14	4	4
671	684	11	4	3
653	684	13	4	5
313	684	13	4	4
880	684	0	4	4
198	684	18	4	3
889	684	9	4	2
727	684	7	4	4
345	684	5	4	4
308	684	8	4	3
221	684	1	4	4
92	684	12	4	3
201	684	1	4	3
503	684	3	4	4
293	684	13	4	3
130	684	10	4	5
115	684	15	4	3
83	684	3	4	4
64	684	4	4	4
694	684	14	4	4
59	684	19	4	3
711	684	11	4	3
180	684	0	4	5
389	684	9	4	4
217	684	17	4	5
398	684	18	4	4
13	684	13	4	5
648	684	8	4	4
632	684	12	4	5
619	684	19	4	4
524	684	4	4	4
537	684	17	4	3
87	684	7	4	5
328	684	8	4	5
807	684	7	4	5
883	684	3	4	3
495	684	15	4	5
903	684	3	4	3
629	684	9	4	5
197	684	17	4	4
758	684	18	4	4
910	684	10	4	4
312	684	12	4	5
705	684	5	4	3
235	684	15	4	4
416	684	16	4	5
690	684	10	4	4
640	684	0	4	4
774	684	14	4	1
213	684	13	4	4
892	684	12	4	5
545	684	5	4	4
378	684	18	4	3
588	684	8	4	4
145	684	5	4	5
60	684	0	4	4
577	684	17	4	4
542	684	2	4	4
43	684	3	4	4
16	684	16	4	5
562	684	2	4	4
193	684	13	4	4
600	684	0	4	4
693	684	13	4	3
506	684	6	4	5
305	684	5	4	3
344	684	4	4	3
442	684	2	4	3
897	684	17	4	2
833	684	13	4	3
151	684	11	4	3
311	684	11	4	4
452	684	12	4	4
533	684	13	4	4
327	684	7	4	4
373	704	13	4	2
457	704	17	4	4
379	704	19	4	3
405	704	5	4	2
711	704	11	4	4
870	704	10	4	3
92	704	12	4	3
83	704	3	4	3
458	704	18	4	2
524	704	4	4	4
450	704	10	4	3
286	704	6	4	2
295	704	15	4	5
916	704	16	4	3
123	704	3	4	3
918	704	18	4	4
543	704	3	4	3
18	704	18	4	3
751	704	11	4	2
321	704	1	4	3
224	704	4	4	3
627	704	7	4	4
10	704	10	4	3
62	704	2	4	2
488	724	8	4	3
416	724	16	4	4
174	724	14	4	5
741	724	1	4	4
246	724	6	4	4
184	724	4	4	4
639	724	19	4	3
655	724	15	4	3
343	724	3	4	4
477	724	17	4	4
537	724	17	4	3
152	724	12	4	5
627	724	7	4	2
664	724	4	4	3
373	724	13	4	5
151	724	11	4	4
354	724	14	4	2
497	724	17	4	5
381	724	1	4	3
178	724	18	4	4
224	724	4	4	3
406	724	6	4	3
89	724	9	4	4
243	724	3	4	3
401	724	1	4	4
505	724	5	4	4
796	724	16	4	2
244	724	4	4	4
899	724	19	4	5
914	724	14	4	3
455	724	15	4	3
11	724	11	4	3
18	724	18	4	4
393	724	13	4	3
122	724	2	4	4
883	724	3	4	4
314	724	14	4	2
345	724	5	4	5
311	724	11	4	4
870	724	10	4	4
734	724	14	4	3
256	724	16	4	4
412	724	12	4	4
536	724	16	4	4
533	724	13	4	4
786	724	6	4	4
234	724	14	4	4
943	724	3	4	1
468	724	8	4	4
297	724	17	4	3
805	724	5	4	2
293	724	13	4	3
450	724	10	4	5
59	724	19	4	5
454	724	14	4	3
43	724	3	4	4
716	724	16	4	4
893	724	13	4	3
588	724	8	4	2
618	724	18	4	3
907	724	7	4	5
524	724	4	4	3
286	724	6	4	3
658	724	18	4	3
593	724	13	4	3
405	724	5	4	1
299	724	19	4	3
711	724	11	4	5
342	724	2	4	1
682	724	2	4	4
767	724	7	4	4
378	724	18	4	3
904	724	4	4	4
222	724	2	4	3
712	724	12	4	3
561	724	1	4	3
637	744	17	4	4
104	744	4	4	1
423	744	3	4	4
593	744	13	4	3
655	744	15	4	2
894	744	14	4	3
561	744	1	4	3
907	744	7	4	5
141	744	1	4	5
634	744	14	4	5
334	744	14	4	3
788	744	8	4	4
503	744	3	4	2
594	744	14	4	3
11	744	11	4	4
463	744	3	4	3
345	744	5	4	4
354	744	14	4	4
328	744	8	4	4
224	744	4	4	1
718	744	18	4	3
430	744	10	4	3
136	744	16	4	5
360	744	0	4	4
399	744	19	4	3
518	744	18	4	4
754	744	14	4	3
343	744	3	4	4
178	744	18	4	3
931	744	11	4	4
120	744	0	4	4
17	744	17	4	3
380	744	0	4	3
357	744	17	4	5
592	744	12	4	3
378	744	18	4	3
707	744	7	4	3
306	744	6	4	4
168	744	8	4	5
590	744	10	4	4
666	744	6	4	3
455	744	15	4	3
457	744	17	4	3
768	744	8	4	3
900	744	0	4	2
15	744	15	4	4
657	744	17	4	4
313	744	13	4	3
743	744	3	4	5
865	744	5	4	4
458	744	18	4	4
57	744	17	4	5
62	744	2	4	3
537	744	17	4	3
84	744	4	4	4
135	744	15	4	4
131	744	11	4	4
303	744	3	4	3
244	744	4	4	3
194	744	14	4	3
349	744	9	4	2
854	744	14	4	2
271	744	11	4	4
323	744	3	4	5
387	744	7	4	3
203	744	3	4	2
474	744	14	4	3
733	744	13	4	4
711	744	11	4	4
139	744	19	4	5
460	744	0	4	3
906	744	6	4	4
274	744	14	4	5
542	744	2	4	2
877	744	17	4	5
181	744	1	4	2
909	744	9	4	3
94	744	14	4	4
595	744	15	4	3
232	744	12	4	3
445	744	5	4	2
558	744	18	4	4
429	744	9	4	4
896	744	16	4	3
121	744	1	4	3
735	744	15	4	3
819	744	19	4	5
533	744	13	4	2
279	744	19	4	2
71	744	11	4	4
834	744	14	4	4
158	744	18	4	4
216	764	16	4	2
45	764	5	4	4
178	764	18	4	3
280	764	0	4	4
699	764	19	4	3
490	764	10	4	1
402	764	2	4	3
655	764	15	4	1
323	764	3	4	3
344	764	4	4	1
735	764	15	4	3
244	764	4	4	5
916	764	16	4	3
758	764	18	4	1
907	764	7	4	4
417	764	17	4	3
181	764	1	4	1
145	764	5	4	2
59	764	19	4	4
708	764	8	4	4
279	764	19	4	3
463	764	3	4	2
174	764	14	4	4
13	764	13	4	2
342	764	2	4	1
703	764	3	4	2
188	764	8	4	4
664	764	4	4	4
314	764	14	4	3
13	784	13	4	1
405	784	5	4	1
293	804	13	4	1
682	804	2	4	3
13	804	13	4	2
279	804	19	4	4
87	804	7	4	3
429	804	9	4	3
621	804	1	4	4
417	804	17	4	3
301	824	1	4	3
597	824	17	4	3
87	824	7	4	3
456	824	16	4	3
532	824	12	4	4
267	824	7	4	4
534	824	14	4	4
279	824	19	4	4
221	824	1	4	3
181	824	1	4	1
216	824	16	4	3
94	824	14	4	4
336	824	16	4	3
880	824	0	4	4
286	824	6	4	1
595	824	15	4	3
374	824	14	4	4
643	824	3	4	3
308	824	8	4	3
769	824	9	4	2
268	824	8	4	2
916	824	16	4	3
291	824	11	4	4
416	824	16	4	2
435	824	15	4	1
551	824	11	4	1
851	824	11	4	4
793	824	13	4	3
624	824	4	4	2
293	824	13	4	3
833	824	13	4	1
393	824	13	4	3
81	824	1	4	3
75	824	15	4	1
903	824	3	4	3
886	824	6	4	4
13	824	13	4	3
399	824	19	4	2
198	824	18	4	2
682	824	2	4	1
332	824	12	4	3
389	824	9	4	3
804	824	4	4	3
303	824	3	4	3
470	824	10	4	4
130	824	10	4	3
943	824	3	4	4
896	824	16	4	1
533	824	13	4	1
792	844	12	4	4
342	844	2	4	3
21	844	1	4	4
13	844	13	4	1
344	844	4	4	1
655	844	15	4	4
458	844	18	4	4
747	844	7	4	4
793	844	13	4	4
201	844	1	4	2
663	844	3	4	2
249	844	9	4	5
537	844	17	4	4
303	844	3	4	3
445	844	5	4	2
658	844	18	4	3
825	844	5	4	2
250	844	10	4	4
372	844	12	4	4
387	844	7	4	5
916	844	16	4	3
368	844	8	4	3
118	844	18	4	5
432	844	12	4	4
595	844	15	4	4
501	844	1	4	4
181	844	1	4	1
292	844	12	4	5
581	844	1	4	5
374	844	14	4	4
234	844	14	4	2
276	844	16	4	4
592	844	12	4	4
277	844	17	4	4
72	844	12	4	4
160	844	0	4	3
57	844	17	4	2
434	844	14	4	3
407	844	7	4	2
606	844	6	4	4
291	844	11	4	5
264	844	4	4	1
298	864	18	4	3
438	864	18	4	3
880	864	0	4	3
318	864	18	4	2
94	864	14	4	2
13	864	13	4	4
938	864	18	4	4
141	864	1	4	3
330	864	10	4	4
901	864	1	4	5
194	864	14	4	2
897	864	17	4	4
707	864	7	4	4
236	864	16	4	2
666	864	6	4	3
554	864	14	4	4
223	864	3	4	3
207	864	7	4	3
800	864	0	4	4
393	864	13	4	3
532	864	12	4	4
624	864	4	4	3
844	864	4	4	3
601	864	1	4	1
497	864	17	4	3
125	864	5	4	3
935	864	15	4	5
75	864	15	4	4
432	864	12	4	2
52	864	12	4	3
297	864	17	4	3
872	864	12	4	3
306	864	6	4	3
936	864	16	4	4
552	864	12	4	3
181	864	1	4	2
403	864	3	4	4
57	864	17	4	3
764	864	4	4	4
551	864	11	4	5
542	864	2	4	3
839	864	19	4	3
758	864	18	4	4
560	864	0	4	3
595	864	15	4	4
459	864	19	4	4
344	864	4	4	3
357	864	17	4	5
648	864	8	4	3
937	864	17	4	3
182	864	2	4	4
642	864	2	4	3
761	864	1	4	4
301	864	1	4	4
825	864	5	4	3
881	864	1	4	3
900	864	0	4	2
518	864	18	4	3
15	864	15	4	4
672	864	12	4	3
486	864	6	4	3
630	864	10	4	4
271	864	11	4	3
590	864	10	4	1
210	864	10	4	3
188	864	8	4	2
919	864	19	4	2
26	864	6	4	2
612	864	12	4	4
634	864	14	4	3
790	864	10	4	4
708	864	8	4	3
130	864	10	4	2
160	864	0	4	1
279	864	19	4	5
178	864	18	4	2
256	864	16	4	4
416	864	16	4	3
83	864	3	4	4
463	864	3	4	3
336	864	16	4	1
703	864	3	4	2
402	864	2	4	3
456	864	16	4	4
671	864	11	4	3
663	864	3	4	3
181	884	1	4	1
448	884	8	4	4
126	884	6	4	5
286	884	6	4	5
13	884	13	4	2
840	884	0	4	5
451	884	11	4	1
206	904	6	4	1
88	904	8	4	5
787	904	7	4	3
752	904	12	4	4
845	904	5	4	3
871	904	11	4	3
936	904	16	4	5
894	904	14	4	4
49	904	9	4	2
13	904	13	4	1
147	904	7	4	5
305	904	5	4	4
655	904	15	4	5
450	904	10	4	5
648	904	8	4	2
440	904	0	4	5
828	904	8	4	3
354	904	14	4	5
405	904	5	4	1
90	904	10	4	3
548	924	8	4	3
817	924	17	4	3
474	924	14	4	4
551	924	11	4	5
663	924	3	4	3
620	924	0	4	3
572	924	12	4	1
684	924	4	4	2
329	924	9	4	3
15	924	15	4	3
452	924	12	4	5
42	924	2	4	3
200	924	0	4	5
145	924	5	4	2
907	924	7	4	5
101	924	1	4	4
733	924	13	4	4
435	924	15	4	3
223	924	3	4	1
666	924	6	4	2
120	924	0	4	4
541	924	1	4	5
168	924	8	4	2
682	924	2	4	5
374	924	14	4	5
286	924	6	4	4
201	924	1	4	3
348	924	8	4	4
455	924	15	4	3
119	924	19	4	4
416	924	16	4	5
678	924	18	4	2
314	924	14	4	5
634	924	14	4	4
62	924	2	4	1
648	924	8	4	1
484	924	4	4	5
293	924	13	4	2
213	924	13	4	4
244	924	4	4	4
53	924	13	4	3
266	924	6	4	2
665	924	5	4	4
393	924	13	4	4
606	924	6	4	5
399	924	19	4	5
181	924	1	4	3
486	924	6	4	3
518	924	18	4	3
761	924	1	4	4
224	924	4	4	3
395	924	15	4	4
564	924	4	4	3
537	924	17	4	3
935	924	15	4	4
612	924	12	4	5
274	924	14	4	3
406	924	6	4	4
291	924	11	4	4
618	924	18	4	4
770	924	10	4	5
391	924	11	4	2
825	924	5	4	2
773	924	13	4	1
231	924	11	4	5
851	924	11	4	4
128	924	8	4	3
891	924	11	4	5
624	924	4	4	4
495	924	15	4	3
85	924	5	4	1
714	924	14	4	3
798	924	18	4	3
881	924	1	4	3
854	924	14	4	4
550	924	10	4	4
109	924	9	4	3
472	924	12	4	2
569	924	9	4	3
423	924	3	4	4
494	924	14	4	4
921	924	1	4	3
271	924	11	4	3
63	924	3	4	3
378	924	18	4	3
429	944	9	4	3
543	944	3	4	3
417	944	17	4	4
94	944	14	4	1
152	944	12	4	4
435	944	15	4	2
267	944	7	4	3
109	944	9	4	3
476	944	16	4	2
916	944	16	4	2
194	944	14	4	2
43	944	3	4	2
130	944	10	4	4
405	944	5	4	3
326	944	6	4	2
83	944	3	4	3
815	944	15	4	3
110	944	10	4	3
642	944	2	4	5
346	944	6	4	3
621	944	1	4	5
551	944	11	4	2
311	944	11	4	4
523	944	3	4	4
653	944	13	4	2
222	944	2	4	3
798	944	18	4	4
495	944	15	4	5
749	944	9	4	4
393	944	13	4	4
712	944	12	4	4
618	944	18	4	2
87	944	7	4	5
497	944	17	4	3
846	944	6	4	2
16	944	16	4	1
889	944	9	4	3
318	944	18	4	2
682	944	2	4	3
545	944	5	4	4
655	944	15	4	3
790	944	10	4	1
715	944	15	4	2
875	964	15	4	4
500	964	0	4	4
393	964	13	4	2
18	964	18	4	3
234	964	14	4	4
405	964	5	4	1
90	964	10	4	5
537	964	17	4	3
571	964	11	4	4
92	984	12	4	2
629	984	9	4	3
652	984	12	4	2
297	984	17	4	1
328	984	8	4	3
464	984	4	4	2
357	984	17	4	3
205	984	5	4	1
759	984	19	4	2
454	984	14	4	3
387	984	7	4	1
782	984	2	4	2
788	984	8	4	3
529	984	9	4	4
721	984	1	4	3
234	984	14	4	2
200	984	0	4	3
825	984	5	4	5
21	984	1	4	1
170	984	10	4	5
804	984	4	4	4
173	984	13	4	4
332	984	12	4	2
653	984	13	4	4
223	984	3	4	3
112	984	12	4	3
851	984	11	4	3
181	984	1	4	1
451	984	11	4	4
592	984	12	4	1
256	984	16	4	3
663	984	3	4	3
255	984	15	4	1
489	984	9	4	5
749	984	9	4	3
164	984	4	4	4
351	984	11	4	5
141	984	1	4	4
166	984	6	4	5
104	984	4	4	1
250	984	10	4	3
628	984	8	4	5
85	984	5	4	2
178	984	18	4	2
896	1004	16	4	2
178	1004	18	4	4
23	1004	3	4	3
504	1004	4	4	4
600	1004	0	4	4
846	1004	6	4	3
94	1004	14	4	3
405	1004	5	4	1
627	1004	7	4	4
46	1024	6	4	5
655	1024	15	4	3
695	1024	15	4	5
863	1024	3	4	3
871	1024	11	4	3
787	1024	7	4	2
111	1024	11	4	3
752	1024	12	4	3
206	1024	6	4	1
428	1024	8	4	4
711	1024	11	4	5
351	1024	11	4	4
34	1024	14	4	5
561	1024	1	4	3
707	1024	7	4	5
566	1044	6	4	3
330	1044	10	4	5
246	1044	6	4	1
276	1044	16	4	3
407	1044	7	4	3
318	1044	18	4	4
194	1044	14	4	2
790	1044	10	4	4
524	1044	4	4	4
42	1044	2	4	4
846	1044	6	4	4
627	1044	7	4	2
880	1044	0	4	4
222	1044	2	4	4
405	1044	5	4	4
786	1044	6	4	4
378	1044	18	4	3
870	1044	10	4	2
551	1044	11	4	3
151	1044	11	4	2
655	1044	15	4	3
122	1044	2	4	5
435	1044	15	4	4
943	1044	3	4	3
303	1044	3	4	3
487	1044	7	4	3
417	1044	17	4	3
864	1044	4	4	3
65	1044	5	4	3
450	1044	10	4	4
653	1044	13	4	1
293	1044	13	4	2
561	1044	1	4	2
94	1044	14	4	4
224	1044	4	4	3
393	1044	13	4	4
234	1044	14	4	2
588	1044	8	4	4
577	1044	17	4	4
659	1044	19	4	4
234	1064	14	4	4
426	1064	6	4	4
659	1064	19	4	5
48	1064	8	4	4
58	1084	18	4	4
526	1084	6	4	5
424	1084	4	4	5
807	1084	7	4	4
181	1084	1	4	2
504	1084	4	4	4
74	1084	14	4	3
470	1084	10	4	3
537	1084	17	4	3
50	1084	10	4	5
601	1084	1	4	5
821	1084	1	4	5
315	1084	15	4	4
541	1084	1	4	4
655	1084	15	4	3
887	1084	7	4	5
316	1084	16	4	4
195	1084	15	4	4
634	1084	14	4	2
682	1084	2	4	2
330	1084	10	4	5
114	1104	14	4	5
305	1104	5	4	4
58	1104	18	4	2
405	1104	5	4	1
846	1124	6	4	4
881	1124	1	4	4
716	1124	16	4	3
60	1124	0	4	4
535	1124	15	4	4
524	1124	4	4	3
892	1124	12	4	4
474	1124	14	4	4
553	1124	13	4	4
608	1124	8	4	4
338	1124	18	4	4
312	1124	12	4	4
69	1144	9	4	5
782	1144	2	4	3
655	1144	15	4	3
82	1164	2	4	2
881	1164	1	4	1
463	1164	3	4	1
792	1164	12	4	3
798	1164	18	4	3
181	1164	1	4	3
87	1184	7	4	3
592	1184	12	4	5
524	1184	4	4	3
686	1184	6	4	1
399	1184	19	4	3
880	1184	0	4	3
450	1184	10	4	1
932	1184	12	4	3
405	1184	5	4	1
234	1184	14	4	2
847	1204	7	4	3
942	1204	2	4	4
815	1204	15	4	5
318	1204	18	4	2
125	1204	5	4	3
234	1204	14	4	3
90	1204	10	4	4
389	1204	9	4	4
435	1204	15	4	3
747	1204	7	4	4
524	1204	4	4	3
707	1204	7	4	3
608	1204	8	4	2
567	1204	7	4	5
426	1204	6	4	4
239	1204	19	4	4
452	1204	12	4	4
932	1204	12	4	5
279	1224	19	4	3
798	1224	18	4	2
892	1224	12	4	4
642	1224	2	4	4
429	1224	9	4	2
727	1224	7	4	3
303	1224	3	4	2
393	1224	13	4	3
880	1224	0	4	3
405	1224	5	4	1
201	1224	1	4	2
94	1224	14	4	3
749	1244	9	4	3
782	1244	2	4	3
727	1244	7	4	3
157	1244	17	4	3
479	1244	19	4	3
487	1244	7	4	2
557	1244	17	4	2
506	1244	6	4	2
648	1244	8	4	3
521	1244	1	4	3
758	1244	18	4	3
291	1244	11	4	4
463	1244	3	4	1
653	1244	13	4	3
907	1244	7	4	5
119	1244	19	4	3
649	1244	9	4	3
276	1244	16	4	3
279	1244	19	4	3
347	1244	7	4	3
393	1244	13	4	3
637	1244	17	4	1
790	1244	10	4	1
198	1244	18	4	2
130	1244	10	4	4
141	1244	1	4	3
116	1244	16	4	2
825	1244	5	4	5
880	1244	0	4	3
332	1244	12	4	4
548	1244	8	4	4
640	1244	0	4	3
339	1244	19	4	4
804	1244	4	4	2
109	1244	9	4	3
399	1244	19	4	3
578	1264	18	4	3
595	1264	15	4	2
416	1264	16	4	4
293	1264	13	4	3
592	1264	12	4	4
119	1264	19	4	3
151	1264	11	4	4
450	1284	10	4	3
569	1284	9	4	2
864	1284	4	4	3
637	1284	17	4	1
764	1284	4	4	3
879	1284	19	4	3
296	1284	16	4	4
872	1284	12	4	3
554	1284	14	4	3
699	1284	19	4	3
222	1284	2	4	4
927	1284	7	4	4
798	1284	18	4	3
181	1284	1	4	1
223	1284	3	4	1
919	1284	19	4	3
402	1284	2	4	3
463	1284	3	4	4
634	1284	14	4	3
854	1284	14	4	2
144	1284	4	4	3
655	1284	15	4	2
896	1284	16	4	2
880	1284	0	4	4
907	1284	7	4	5
378	1284	18	4	2
167	1304	7	4	4
551	1304	11	4	1
500	1324	0	4	2
456	1324	16	4	4
181	1324	1	4	1
886	1324	6	4	2
663	1324	3	4	3
655	1344	15	4	3
181	1344	1	4	1
637	1344	17	4	4
936	1344	16	4	5
585	1344	5	4	3
181	1364	1	4	1
181	1384	1	4	1
405	1384	5	4	1
782	1384	2	4	3
894	1404	14	4	3
339	1404	19	4	5
449	1404	9	4	5
253	1404	13	4	3
405	1404	5	4	1
537	1404	17	4	2
380	1404	0	4	2
883	1404	3	4	3
498	1404	18	4	3
189	1404	9	4	5
334	1404	14	4	4
437	1404	17	4	2
308	1404	8	4	4
256	1424	16	4	3
201	1424	1	4	3
405	1424	5	4	1
892	1444	12	4	3
766	1444	6	4	2
269	1444	9	4	1
380	1444	0	4	1
807	1444	7	4	3
254	1444	14	4	3
279	1444	19	4	3
495	1444	15	4	2
653	1444	13	4	3
496	1444	16	4	1
504	1444	4	4	3
450	1444	10	4	4
882	1444	2	4	4
263	1444	3	4	3
479	1444	19	4	1
389	1444	9	4	3
230	1444	10	4	2
405	1444	5	4	2
373	1444	13	4	3
405	1464	5	4	1
235	1464	15	4	4
425	1464	5	4	2
405	1484	5	4	1
279	1484	19	4	3
394	1484	14	4	4
440	1504	0	4	4
334	1504	14	4	3
286	1504	6	4	4
561	1524	1	4	4
415	1524	15	4	5
409	1524	9	4	4
334	1524	14	4	4
385	1524	5	4	5
543	1524	3	4	4
358	1524	18	4	5
585	1524	5	4	3
705	1544	5	4	4
405	1544	5	4	1
798	1544	18	4	3
405	1564	5	4	1
405	1584	5	4	1
456	1604	16	4	4
587	1624	7	4	2
655	1644	15	4	1
782	1644	2	4	2
880	1664	0	4	4
870	1664	10	4	4
782	1664	2	4	4
839	1664	19	4	1
