136	14	16	14	5
95	14	15	14	5
733	14	13	14	5
131	14	11	14	5
655	14	15	14	3
525	14	5	14	3
854	14	14	14	4
452	14	12	14	3
936	14	16	14	4
794	14	14	14	5
252	14	12	14	4
360	14	0	14	5
239	14	19	14	5
829	14	9	14	2
930	14	10	14	4
316	14	16	14	4
151	14	11	14	5
916	14	16	14	5
678	14	18	14	3
878	14	18	14	5
321	14	1	14	3
704	14	4	14	3
227	14	7	14	4
106	14	6	14	4
498	14	18	14	4
189	14	9	14	5
276	14	16	14	4
305	14	5	14	4
770	14	10	14	5
243	14	3	14	3
121	14	1	14	5
413	14	13	14	5
439	14	19	14	5
108	14	8	14	5
680	14	0	14	5
639	14	19	14	5
14	14	14	14	3
894	14	14	14	4
677	14	17	14	1
634	14	14	14	3
378	14	18	14	5
592	14	12	14	5
293	14	13	14	3
614	14	14	14	3
664	14	4	14	4
376	14	16	14	4
877	14	17	14	5
473	14	13	14	4
527	14	7	14	2
344	14	4	14	5
624	14	4	14	5
1	14	1	14	5
324	14	4	14	5
232	14	12	14	4
919	14	19	14	4
406	14	6	14	4
381	14	1	14	5
474	14	14	14	5
742	14	2	14	5
747	14	7	14	3
457	14	17	14	4
514	14	14	14	3
594	14	14	14	4
312	14	12	14	5
361	14	1	14	4
306	14	6	14	5
828	14	8	14	4
209	14	9	14	3
327	14	7	14	4
123	14	3	14	5
707	14	7	14	3
543	14	3	14	4
138	14	18	14	3
883	14	3	14	3
449	14	9	14	3
184	14	4	14	4
857	14	17	14	4
128	14	8	14	5
909	14	9	14	4
768	14	8	14	5
345	14	5	14	4
416	14	16	14	4
401	14	1	14	3
558	14	18	14	4
150	14	10	14	4
299	14	19	14	4
82	14	2	14	4
484	14	4	14	4
524	14	4	14	5
370	14	10	14	3
43	14	3	14	2
181	14	1	14	1
318	14	18	14	4
840	14	0	14	5
234	14	14	14	3
455	14	15	14	3
731	14	11	14	3
90	14	10	14	5
615	14	15	14	5
595	14	15	14	5
640	14	0	14	4
572	14	12	14	4
486	14	6	14	5
460	14	0	14	5
15	14	15	14	4
71	14	11	14	5
881	14	1	14	1
648	14	8	14	2
523	14	3	14	5
825	14	5	14	3
912	14	12	14	5
383	14	3	14	5
821	14	1	14	4
884	14	4	14	4
931	14	11	14	4
585	14	5	14	4
266	14	6	14	4
195	14	15	14	4
199	14	19	14	4
23	14	3	14	4
62	14	2	14	4
257	14	17	14	5
491	14	11	14	2
463	14	3	14	1
442	14	2	14	1
932	14	12	14	4
161	14	1	14	4
874	14	14	14	4
286	14	6	14	4
2	14	2	14	4
861	14	1	14	4
437	14	17	14	5
503	14	3	14	3
420	14	0	14	5
6	14	6	14	5
699	14	19	14	3
758	14	18	14	5
226	14	6	14	5
144	14	4	14	4
409	14	9	14	5
85	14	5	14	4
535	14	15	14	3
63	14	3	14	4
310	14	10	14	5
424	14	4	14	4
518	14	18	14	3
342	14	2	14	5
296	14	16	14	4
93	14	13	14	4
233	14	13	14	4
745	14	5	14	3
940	14	0	14	3
174	14	14	14	5
605	14	5	14	5
419	14	19	14	5
458	14	18	14	5
806	14	6	14	3
561	14	1	14	3
590	14	10	14	5
533	14	13	14	3
59	14	19	14	5
26	14	6	14	3
654	14	14	14	2
264	14	4	14	4
207	14	7	14	4
552	14	12	14	4
334	14	14	14	3
18	14	18	14	5
765	14	5	14	5
548	14	8	14	1
13	14	13	14	4
397	14	17	14	3
554	14	14	14	4
382	14	2	14	3
798	14	18	14	2
354	14	14	14	4
456	14	16	14	5
773	14	13	14	5
569	14	9	14	4
764	14	4	14	4
937	14	17	14	4
89	14	9	14	4
537	14	17	14	4
286	34	6	14	5
184	34	4	14	2
94	34	14	14	1
276	34	16	14	2
297	34	17	14	3
1	34	1	14	2
551	34	11	14	4
650	54	10	14	2
326	54	6	14	3
11	54	11	14	3
896	54	16	14	2
194	54	14	14	3
293	54	13	14	3
59	54	19	14	4
200	54	0	14	4
566	54	6	14	3
94	54	14	14	4
119	54	19	14	4
363	54	3	14	3
506	54	6	14	4
870	54	10	14	2
457	54	17	14	4
345	54	5	14	3
738	54	18	14	3
551	54	11	14	3
864	54	4	14	4
290	54	10	14	3
774	54	14	14	1
642	54	2	14	4
271	54	11	14	3
881	54	1	14	4
932	54	12	14	4
130	54	10	14	5
682	54	2	14	4
128	54	8	14	2
664	54	4	14	3
889	54	9	14	3
450	54	10	14	4
301	54	1	14	3
72	54	12	14	3
497	54	17	14	3
7	54	7	14	3
393	54	13	14	4
188	54	8	14	4
815	54	15	14	3
442	54	2	14	3
256	54	16	14	5
498	54	18	14	2
886	54	6	14	3
332	54	12	14	4
135	54	15	14	3
280	54	0	14	2
314	54	14	14	4
145	54	5	14	5
291	54	11	14	4
586	54	6	14	3
741	54	1	14	3
1	54	1	14	3
303	54	3	14	3
846	54	6	14	3
42	54	2	14	4
110	54	10	14	4
311	54	11	14	4
183	54	3	14	2
399	54	19	14	4
653	54	13	14	3
778	54	18	14	2
505	54	5	14	3
495	54	15	14	5
796	54	16	14	4
533	54	13	14	4
632	54	12	14	3
456	54	16	14	3
224	54	4	14	3
435	54	15	14	4
880	54	0	14	3
234	54	14	14	2
43	54	3	14	3
320	54	0	14	4
916	54	16	14	3
504	54	4	14	4
244	54	4	14	2
346	54	6	14	4
144	54	4	14	2
536	54	16	14	2
577	54	17	14	4
308	54	8	14	2
328	54	8	14	3
379	54	19	14	2
892	54	12	14	3
671	54	11	14	3
655	54	15	14	2
788	54	8	14	4
378	54	18	14	4
49	54	9	14	2
503	54	3	14	2
405	54	5	14	2
215	54	15	14	4
92	54	12	14	3
618	54	18	14	3
943	54	3	14	4
416	54	16	14	5
479	54	19	14	3
267	54	7	14	3
276	54	16	14	3
374	54	14	14	4
727	54	7	14	3
545	54	5	14	4
109	54	9	14	3
654	54	14	14	3
222	54	2	14	4
617	74	17	14	5
276	74	16	14	3
334	74	14	14	2
339	74	19	14	4
308	74	8	14	4
843	74	3	14	2
1	74	1	14	1
684	94	4	14	3
846	94	6	14	4
886	94	6	14	4
174	94	14	14	2
437	94	17	14	4
13	94	13	14	3
311	94	11	14	3
73	94	13	14	1
1	94	1	14	2
943	94	3	14	4
690	94	10	14	4
193	94	13	14	3
749	94	9	14	5
389	94	9	14	2
245	94	5	14	2
807	94	7	14	2
22	94	2	14	3
805	94	5	14	1
471	94	11	14	5
291	94	11	14	2
293	94	13	14	2
506	94	6	14	3
457	94	17	14	3
313	94	13	14	3
774	94	14	14	2
747	94	7	14	4
727	94	7	14	4
373	94	13	14	2
109	94	9	14	4
823	94	3	14	2
221	94	1	14	3
889	94	9	14	4
222	94	2	14	3
393	94	13	14	4
450	94	10	14	4
868	94	8	14	1
453	94	13	14	4
5	94	5	14	3
643	94	3	14	4
497	94	17	14	3
56	94	16	14	4
279	94	19	14	3
533	94	13	14	4
301	94	1	14	4
543	94	3	14	3
299	94	19	14	1
712	94	12	14	4
633	94	13	14	4
653	94	13	14	2
339	94	19	14	2
591	94	11	14	3
379	94	19	14	5
566	94	6	14	2
196	94	16	14	3
381	94	1	14	3
405	94	5	14	5
399	94	19	14	5
330	94	10	14	4
472	94	12	14	5
452	94	12	14	1
933	94	13	14	1
346	94	6	14	3
18	94	18	14	3
303	94	3	14	3
559	94	19	14	3
487	94	7	14	3
102	94	2	14	2
38	94	18	14	5
711	94	11	14	2
276	94	16	14	2
94	94	14	14	2
542	94	2	14	3
314	94	14	14	4
927	94	7	14	2
705	94	5	14	4
183	94	3	14	3
326	94	6	14	4
648	94	8	14	5
92	94	12	14	3
751	94	11	14	3
83	94	3	14	4
622	94	2	14	2
318	94	18	14	4
407	94	7	14	4
210	94	10	14	4
417	94	17	14	3
11	94	11	14	3
815	94	15	14	3
378	94	18	14	3
254	94	14	14	3
336	94	16	14	3
398	94	18	14	2
130	94	10	14	5
125	94	5	14	5
880	94	0	14	3
642	94	2	14	2
588	94	8	14	2
621	94	1	14	2
416	94	16	14	2
110	94	10	14	4
796	94	16	14	3
660	94	0	14	2
307	94	7	14	3
864	94	4	14	4
495	94	15	14	3
246	94	6	14	2
620	94	0	14	5
934	94	14	14	4
778	94	18	14	2
267	94	7	14	3
798	94	18	14	3
500	94	0	14	2
901	94	1	14	4
682	94	2	14	3
456	94	16	14	3
476	94	16	14	2
70	94	10	14	3
804	94	4	14	4
741	94	1	14	3
484	94	4	14	4
85	94	5	14	3
496	94	16	14	1
295	94	15	14	4
20	94	0	14	2
545	94	5	14	3
504	94	4	14	4
536	94	16	14	4
524	94	4	14	2
194	94	14	14	3
87	94	7	14	4
268	94	8	14	2
95	94	15	14	5
280	94	0	14	2
885	94	5	14	2
200	94	0	14	4
881	94	1	14	2
922	94	2	14	3
924	114	4	14	3
239	114	19	14	3
412	114	12	14	4
928	114	8	14	5
771	114	11	14	4
838	114	18	14	4
932	114	12	14	5
457	114	17	14	5
399	114	19	14	4
465	114	5	14	4
56	114	16	14	4
514	114	14	14	5
643	114	3	14	4
297	114	17	14	5
454	114	14	14	3
711	114	11	14	5
185	114	5	14	4
268	114	8	14	5
307	114	7	14	5
312	114	12	14	5
497	114	17	14	4
727	114	7	14	5
815	114	15	14	5
267	114	7	14	5
75	114	15	14	4
151	114	11	14	5
480	114	0	14	4
370	114	10	14	3
62	114	2	14	4
358	114	18	14	5
523	114	3	14	5
669	114	9	14	5
676	114	16	14	5
387	114	7	14	5
868	114	8	14	5
373	114	13	14	5
1	114	1	14	5
450	114	10	14	5
571	114	11	14	4
296	114	16	14	5
562	114	2	14	1
210	114	10	14	4
654	114	14	14	5
584	114	4	14	4
369	114	9	14	5
666	114	6	14	4
313	114	13	14	4
244	114	4	14	4
248	114	8	14	5
43	114	3	14	5
148	114	8	14	5
25	114	5	14	5
380	114	0	14	3
299	114	19	14	4
214	114	14	14	4
392	114	12	14	4
219	114	19	14	5
543	114	3	14	4
864	114	4	14	5
363	114	3	14	5
748	114	8	14	4
342	114	2	14	5
249	114	9	14	5
429	114	9	14	5
279	114	19	14	5
385	114	5	14	5
325	114	5	14	5
272	134	12	14	5
354	134	14	14	4
568	134	8	14	5
457	134	17	14	5
704	134	4	14	5
659	134	19	14	4
663	134	3	14	5
299	134	19	14	4
560	134	0	14	5
655	134	15	14	4
556	134	16	14	5
758	134	18	14	5
835	134	15	14	3
902	134	2	14	3
393	134	13	14	2
537	134	17	14	5
632	134	12	14	5
625	134	5	14	4
321	134	1	14	3
342	134	2	14	4
766	134	6	14	5
896	134	16	14	5
854	134	14	14	4
503	134	3	14	5
1	134	1	14	4
535	134	15	14	5
339	134	19	14	5
500	134	0	14	5
293	134	13	14	5
522	134	2	14	5
524	134	4	14	5
804	134	4	14	4
18	134	18	14	5
498	134	18	14	3
312	134	12	14	5
92	134	12	14	4
846	134	6	14	4
59	134	19	14	5
693	134	13	14	4
60	134	0	14	4
6	134	6	14	5
370	134	10	14	4
870	134	10	14	4
592	134	12	14	5
707	134	7	14	4
189	134	9	14	5
830	134	10	14	3
382	134	2	14	3
640	134	0	14	5
318	134	18	14	5
934	134	14	14	4
875	134	15	14	5
25	134	5	14	4
567	134	7	14	5
207	134	7	14	4
151	134	11	14	4
454	134	14	14	3
72	134	12	14	5
406	134	6	14	5
478	134	18	14	2
776	134	16	14	4
71	134	11	14	3
753	134	13	14	4
771	134	11	14	4
269	134	9	14	4
210	134	10	14	5
51	134	11	14	2
381	134	1	14	5
85	134	5	14	5
407	134	7	14	5
458	134	18	14	5
802	134	2	14	3
326	134	6	14	3
397	134	17	14	5
380	134	0	14	3
932	134	12	14	4
392	134	12	14	5
383	134	3	14	5
58	134	18	14	5
360	134	0	14	5
346	134	6	14	5
686	134	6	14	5
295	134	15	14	5
488	134	8	14	2
268	134	8	14	5
710	134	10	14	5
398	134	18	14	3
417	134	17	14	4
429	134	9	14	5
650	134	10	14	5
237	134	17	14	5
62	134	2	14	4
363	134	3	14	2
303	134	3	14	5
916	134	16	14	5
928	134	8	14	5
305	134	5	14	5
833	134	13	14	5
263	134	3	14	5
493	134	13	14	3
385	134	5	14	5
437	134	17	14	5
130	134	10	14	5
492	134	12	14	3
7	134	7	14	4
271	134	11	14	3
334	134	14	14	5
391	134	11	14	4
419	134	19	14	5
308	134	8	14	5
216	134	16	14	4
665	134	5	14	4
645	134	5	14	5
815	134	15	14	4
459	134	19	14	3
311	134	11	14	5
145	134	5	14	4
201	134	1	14	4
343	134	3	14	5
236	134	16	14	4
298	134	18	14	5
711	134	11	14	5
883	134	3	14	5
924	134	4	14	4
469	134	9	14	5
234	134	14	14	5
867	134	7	14	5
452	134	12	14	3
889	134	9	14	4
215	134	15	14	4
527	134	7	14	5
566	134	6	14	5
660	134	0	14	4
77	134	17	14	4
91	134	11	14	4
187	134	7	14	3
338	134	18	14	5
666	134	6	14	5
296	134	16	14	5
474	134	14	14	4
465	134	5	14	4
230	134	10	14	4
82	134	2	14	4
533	134	13	14	4
514	134	14	14	3
214	134	14	14	4
118	134	18	14	5
836	134	16	14	3
608	134	8	14	3
749	134	9	14	4
325	134	5	14	4
892	134	12	14	5
796	134	16	14	3
90	134	10	14	5
716	134	16	14	5
641	134	1	14	5
178	134	18	14	3
881	134	1	14	5
94	134	14	14	5
313	134	13	14	5
698	134	18	14	3
87	134	7	14	4
10	134	10	14	5
929	134	9	14	4
239	134	19	14	5
910	134	10	14	3
195	134	15	14	5
450	134	10	14	3
848	134	8	14	5
741	134	1	14	5
416	134	16	14	4
553	134	13	14	4
890	134	10	14	5
647	134	7	14	4
389	134	9	14	5
184	134	4	14	5
664	134	4	14	5
573	134	13	14	4
838	134	18	14	3
543	134	3	14	5
747	134	7	14	5
781	134	1	14	5
169	134	9	14	5
142	134	2	14	5
123	134	3	14	4
911	134	11	14	4
194	134	14	14	2
16	134	16	14	4
23	134	3	14	4
864	134	4	14	5
894	134	14	14	4
617	134	17	14	3
426	134	6	14	4
409	134	9	14	5
288	134	8	14	2
125	134	5	14	5
840	134	0	14	3
823	134	3	14	5
218	154	18	14	4
343	154	3	14	5
442	154	2	14	4
452	154	12	14	5
23	154	3	14	3
479	154	19	14	3
334	154	14	14	4
71	154	11	14	3
933	154	13	14	2
566	154	6	14	3
269	154	9	14	3
151	154	11	14	4
102	154	2	14	3
22	154	2	14	4
297	154	17	14	5
748	154	8	14	3
6	154	6	14	3
412	154	12	14	3
210	154	10	14	4
606	154	6	14	3
496	154	16	14	2
758	154	18	14	5
514	154	14	14	4
679	154	19	14	4
737	154	17	14	4
747	154	7	14	3
13	154	13	14	5
18	154	18	14	4
87	154	7	14	4
899	154	19	14	5
771	154	11	14	2
295	154	15	14	5
711	154	11	14	4
716	154	16	14	5
504	154	4	14	4
49	154	9	14	5
7	154	7	14	5
807	154	7	14	2
495	154	15	14	4
207	154	7	14	2
868	154	8	14	3
244	154	4	14	5
625	154	5	14	3
132	154	12	14	4
301	154	1	14	4
177	154	17	14	4
394	154	14	14	3
843	154	3	14	3
453	154	13	14	3
749	154	9	14	5
415	154	15	14	4
109	154	9	14	2
291	154	11	14	4
437	154	17	14	4
275	154	15	14	2
259	154	19	14	5
878	154	18	14	3
665	154	5	14	3
508	154	8	14	5
903	154	3	14	4
214	154	14	14	3
932	154	12	14	5
918	154	18	14	2
488	154	8	14	3
85	154	5	14	4
279	154	19	14	5
493	154	13	14	4
682	154	2	14	5
883	154	3	14	4
373	154	13	14	5
389	154	9	14	3
395	154	15	14	5
643	154	3	14	4
738	154	18	14	3
465	154	5	14	2
435	154	15	14	4
313	154	13	14	2
727	154	7	14	3
885	154	5	14	3
660	154	0	14	4
195	154	15	14	3
805	154	5	14	5
912	154	12	14	4
56	154	16	14	2
450	154	10	14	3
377	154	17	14	5
927	154	7	14	3
457	154	17	14	5
307	154	7	14	5
119	154	19	14	5
707	154	7	14	3
823	154	3	14	5
804	154	4	14	3
230	154	10	14	4
77	154	17	14	5
848	154	8	14	5
417	154	17	14	4
393	154	13	14	2
194	154	14	14	3
315	154	15	14	5
276	154	16	14	4
326	154	6	14	2
299	154	19	14	4
312	154	12	14	4
198	154	18	14	4
889	154	9	14	4
664	154	4	14	5
621	154	1	14	5
354	154	14	14	4
73	154	13	14	5
870	154	10	14	4
380	154	0	14	3
409	154	9	14	5
618	154	18	14	3
250	154	10	14	4
523	154	3	14	4
327	154	7	14	4
653	154	13	14	3
521	154	1	14	2
339	154	19	14	4
648	154	8	14	5
840	154	0	14	3
92	154	12	14	4
416	154	16	14	4
1	154	1	14	5
222	154	2	14	3
601	154	1	14	5
94	154	14	14	5
650	154	10	14	3
124	154	4	14	5
5	154	5	14	3
704	154	4	14	3
234	154	14	14	3
844	154	4	14	3
934	154	14	14	3
911	154	11	14	4
325	154	5	14	3
268	154	8	14	4
429	154	9	14	3
158	154	18	14	4
796	154	16	14	3
221	154	1	14	3
690	154	10	14	3
505	154	5	14	1
916	154	16	14	4
406	154	6	14	5
407	154	7	14	5
666	154	6	14	3
64	154	4	14	4
308	154	8	14	4
90	154	10	14	5
773	154	13	14	5
896	154	16	14	3
363	154	3	14	4
286	154	6	14	4
376	154	16	14	4
588	154	8	14	4
561	154	1	14	4
399	154	19	14	3
622	154	2	14	4
751	154	11	14	3
213	154	13	14	5
398	154	18	14	2
305	154	5	14	4
80	154	0	14	3
778	154	18	14	5
795	154	15	14	3
833	154	13	14	5
336	154	16	14	5
527	154	7	14	3
401	154	1	14	1
654	154	14	14	3
790	154	10	14	4
815	154	15	14	5
94	174	14	14	4
456	174	16	14	4
394	174	14	14	5
333	174	13	14	5
843	174	3	14	4
878	174	18	14	3
500	174	0	14	2
488	174	8	14	4
776	174	16	14	5
918	174	18	14	3
189	174	9	14	5
313	174	13	14	4
197	174	17	14	5
889	174	9	14	4
275	174	15	14	4
545	174	5	14	4
70	174	10	14	5
415	174	15	14	5
910	174	10	14	5
395	174	15	14	5
276	174	16	14	5
606	174	6	14	5
222	174	2	14	5
380	174	0	14	4
22	174	2	14	5
154	174	14	14	5
329	174	9	14	4
28	174	8	14	5
178	174	18	14	5
679	174	19	14	3
77	174	17	14	5
537	174	17	14	3
562	174	2	14	5
705	174	5	14	5
447	174	7	14	5
118	174	18	14	5
836	174	16	14	5
326	174	6	14	4
751	174	11	14	4
648	174	8	14	5
882	174	2	14	5
312	174	12	14	5
799	174	19	14	5
506	174	6	14	5
639	174	19	14	4
514	174	14	14	5
210	174	10	14	5
160	174	0	14	5
58	174	18	14	4
886	174	6	14	5
619	174	19	14	4
862	174	2	14	5
901	174	1	14	5
805	174	5	14	3
298	174	18	14	5
881	174	1	14	5
83	174	3	14	5
82	174	2	14	5
744	174	4	14	4
332	174	12	14	5
942	174	2	14	5
826	174	6	14	5
72	174	12	14	5
200	174	0	14	5
664	174	4	14	5
806	174	6	14	5
484	174	4	14	5
407	174	7	14	5
48	174	8	14	5
8	174	8	14	5
764	174	4	14	5
559	174	19	14	4
352	174	12	14	5
12	174	12	14	5
30	174	10	14	5
899	174	19	14	5
102	174	2	14	4
318	174	18	14	4
18	174	18	14	4
774	174	14	14	3
487	174	7	14	5
295	174	15	14	4
290	174	10	14	5
43	174	3	14	4
338	174	18	14	4
303	174	3	14	5
392	174	12	14	5
499	174	19	14	3
875	174	15	14	5
608	174	8	14	3
412	174	12	14	5
250	174	10	14	3
305	174	5	14	3
308	174	8	14	4
358	174	18	14	1
933	174	13	14	4
442	174	2	14	4
421	174	1	14	5
55	174	15	14	4
288	174	8	14	4
452	174	12	14	4
256	174	16	14	4
748	174	8	14	5
709	174	9	14	5
835	174	15	14	5
577	174	17	14	5
41	174	1	14	4
401	174	1	14	4
316	174	16	14	1
254	174	14	14	5
919	174	19	14	4
23	174	3	14	4
236	174	16	14	3
676	174	16	14	5
741	174	1	14	5
521	174	1	14	4
97	174	17	14	4
694	174	14	14	5
527	174	7	14	4
815	174	15	14	4
622	174	2	14	4
605	174	5	14	3
913	174	13	14	5
343	174	3	14	5
194	174	14	14	4
479	174	19	14	5
737	174	17	14	2
286	174	6	14	4
346	174	6	14	5
561	174	1	14	4
642	174	2	14	5
280	174	0	14	3
734	174	14	14	4
44	174	4	14	5
459	174	19	14	4
425	174	5	14	3
60	174	0	14	4
466	174	6	14	5
472	174	12	14	5
71	174	11	14	2
201	174	1	14	3
670	174	10	14	4
130	174	10	14	5
378	174	18	14	4
831	174	11	14	5
387	174	7	14	5
940	174	0	14	4
419	174	19	14	5
671	174	11	14	5
399	174	19	14	3
330	174	10	14	5
158	174	18	14	5
62	174	2	14	4
334	174	14	14	4
896	174	16	14	5
867	174	7	14	5
494	174	14	14	5
216	174	16	14	5
924	174	4	14	5
795	174	15	14	4
747	174	7	14	5
745	174	5	14	3
311	174	11	14	5
854	174	14	14	3
37	174	17	14	5
833	174	13	14	2
268	174	8	14	5
790	174	10	14	4
117	174	17	14	4
930	174	10	14	3
363	174	3	14	4
788	174	8	14	2
13	174	13	14	4
398	174	18	14	5
880	174	0	14	4
567	174	7	14	1
786	174	6	14	4
95	174	15	14	5
429	174	9	14	4
151	174	11	14	5
773	174	13	14	3
504	174	4	14	4
59	174	19	14	5
371	174	11	14	4
458	174	18	14	3
125	174	5	14	5
883	174	3	14	4
64	174	4	14	5
405	174	5	14	5
350	174	10	14	5
325	174	5	14	2
650	174	10	14	4
588	174	8	14	3
753	174	13	14	4
715	174	15	14	4
25	174	5	14	5
20	174	0	14	4
659	174	19	14	4
87	174	7	14	5
927	174	7	14	3
370	174	10	14	3
379	174	19	14	5
821	174	1	14	5
686	174	6	14	4
263	174	3	14	5
498	174	18	14	3
586	174	6	14	4
601	174	1	14	4
796	174	16	14	5
825	174	5	14	5
785	174	5	14	5
342	174	2	14	2
851	174	11	14	5
91	174	11	14	5
347	174	7	14	4
830	174	10	14	5
92	174	12	14	5
876	174	16	14	4
124	174	4	14	3
693	174	13	14	4
339	174	19	14	4
922	174	2	14	5
607	174	7	14	3
293	174	13	14	5
592	174	12	14	5
391	174	11	14	5
541	174	1	14	4
207	174	7	14	4
272	174	12	14	5
397	174	17	14	5
653	174	13	14	5
632	174	12	14	5
269	174	9	14	1
198	174	18	14	5
847	174	7	14	4
248	174	8	14	3
538	174	18	14	4
327	174	7	14	4
10	174	10	14	4
417	174	17	14	3
846	174	6	14	5
345	174	5	14	4
416	174	16	14	5
503	174	3	14	5
1	174	1	14	5
234	174	14	14	3
217	174	17	14	3
53	174	13	14	5
115	174	15	14	5
445	174	5	14	4
437	174	17	14	5
144	174	4	14	5
297	174	17	14	5
497	174	17	14	4
897	174	17	14	5
840	174	0	14	4
712	174	12	14	5
226	174	6	14	4
850	174	10	14	5
137	174	17	14	5
96	174	16	14	5
593	174	13	14	4
543	174	3	14	4
237	174	17	14	4
934	174	14	14	5
618	174	18	14	5
321	174	1	14	3
409	174	9	14	4
864	174	4	14	5
121	174	1	14	3
161	174	1	14	2
627	174	7	14	3
299	174	19	14	4
781	174	1	14	5
780	174	0	14	5
354	174	14	14	4
411	174	11	14	4
524	174	4	14	4
374	174	14	14	5
804	174	4	14	5
638	174	18	14	5
571	174	11	14	4
655	174	15	14	3
573	174	13	14	4
645	174	5	14	4
757	174	17	14	5
6	174	6	14	4
153	174	13	14	1
553	174	13	14	4
669	174	9	14	3
320	174	0	14	4
56	174	16	14	5
554	174	14	14	5
870	174	10	14	5
700	174	0	14	4
849	174	9	14	5
603	174	3	14	3
647	174	7	14	4
279	174	19	14	4
848	174	8	14	5
271	174	11	14	5
184	174	4	14	3
188	174	8	14	5
666	174	6	14	3
617	174	17	14	1
807	174	7	14	5
698	174	18	14	3
480	174	0	14	5
892	174	12	14	5
660	174	0	14	4
885	174	5	14	5
301	174	1	14	5
621	174	1	14	3
14	174	14	14	5
690	174	10	14	4
916	174	16	14	5
385	174	5	14	2
162	174	2	14	4
406	174	6	14	4
533	174	13	14	4
340	174	0	14	4
943	174	3	14	4
738	174	18	14	5
643	174	3	14	4
457	174	17	14	5
262	174	2	14	3
450	174	10	14	5
535	174	15	14	4
496	174	16	14	4
912	174	12	14	3
630	174	10	14	3
193	174	13	14	4
551	174	11	14	4
749	174	9	14	5
465	174	5	14	3
707	174	7	14	2
871	174	11	14	5
16	174	16	14	5
640	174	0	14	5
493	174	13	14	3
148	174	8	14	5
307	174	7	14	4
474	174	14	14	5
7	174	7	14	5
436	174	16	14	3
360	174	0	14	3
932	174	12	14	4
85	174	5	14	4
239	174	19	14	4
244	174	4	14	3
454	174	14	14	4
663	174	3	14	5
505	174	5	14	4
453	174	13	14	4
249	174	9	14	4
661	174	1	14	5
90	174	10	14	5
929	174	9	14	3
528	174	8	14	5
468	174	8	14	5
530	174	10	14	4
215	174	15	14	4
433	174	13	14	5
620	174	0	14	5
868	174	8	14	5
145	174	5	14	5
758	174	18	14	5
5	174	5	14	5
723	174	3	14	4
49	174	9	14	1
230	174	10	14	5
495	174	15	14	5
682	174	2	14	4
292	174	12	14	5
267	174	7	14	5
600	174	0	14	4
69	174	9	14	5
235	174	15	14	4
778	174	18	14	4
921	174	1	14	5
213	174	13	14	5
763	174	3	14	4
536	174	16	14	5
42	174	2	14	5
798	174	18	14	4
629	174	9	14	5
455	174	15	14	4
923	174	3	14	5
119	174	19	14	4
654	174	14	14	5
823	174	3	14	5
233	174	13	14	5
911	174	11	14	4
109	174	9	14	5
426	174	6	14	3
165	174	5	14	4
221	174	1	14	4
890	174	10	14	5
625	174	5	14	4
373	174	13	14	4
389	174	9	14	4
177	174	17	14	4
766	174	6	14	3
727	174	7	14	4
508	174	8	14	4
214	174	14	14	4
716	174	16	14	5
435	174	15	14	5
128	174	8	14	3
838	174	18	14	4
908	174	8	14	3
721	174	1	14	5
99	174	19	14	5
246	174	6	14	3
344	174	4	14	5
169	174	9	14	4
710	174	10	14	4
746	174	6	14	5
291	174	11	14	5
844	174	4	14	4
802	194	2	14	4
503	194	3	14	4
380	194	0	14	4
213	194	13	14	4
20	194	0	14	3
1	194	1	14	4
464	194	4	14	5
889	194	9	14	5
65	194	5	14	4
830	194	10	14	4
361	194	1	14	4
312	194	12	14	4
542	194	2	14	4
458	194	18	14	2
72	194	12	14	4
416	194	16	14	5
664	194	4	14	4
880	194	0	14	5
788	194	8	14	4
592	194	12	14	4
886	194	6	14	3
293	194	13	14	4
295	194	15	14	4
11	194	11	14	4
499	194	19	14	4
454	194	14	14	3
379	194	19	14	5
84	194	4	14	5
243	194	3	14	4
474	194	14	14	5
457	194	17	14	5
622	194	2	14	4
753	194	13	14	4
13	194	13	14	5
95	194	15	14	5
666	194	6	14	3
194	194	14	14	4
303	194	3	14	5
459	194	19	14	3
328	194	8	14	3
579	194	19	14	5
387	194	7	14	3
151	194	11	14	4
506	194	6	14	5
178	194	18	14	4
269	194	9	14	5
883	194	3	14	3
297	194	17	14	3
18	194	18	14	3
232	194	12	14	4
360	194	0	14	3
559	194	19	14	3
343	194	3	14	5
650	194	10	14	4
629	194	9	14	5
426	194	6	14	4
901	194	1	14	5
690	194	10	14	4
504	194	4	14	3
313	194	13	14	4
239	194	19	14	5
385	194	5	14	3
661	194	1	14	5
843	194	3	14	2
870	194	10	14	3
264	194	4	14	5
823	194	3	14	5
85	194	5	14	4
433	194	13	14	5
528	194	8	14	5
940	194	0	14	5
161	194	1	14	1
716	194	16	14	5
236	194	16	14	3
148	194	8	14	5
748	194	8	14	4
207	194	7	14	4
329	194	9	14	3
225	194	5	14	5
932	194	12	14	5
807	194	7	14	4
7	194	7	14	5
774	194	14	14	3
401	194	1	14	4
301	194	1	14	4
271	194	11	14	5
391	194	11	14	4
215	194	15	14	4
516	194	16	14	4
487	194	7	14	5
16	194	16	14	5
535	194	15	14	5
60	194	0	14	4
298	194	18	14	5
476	194	16	14	5
465	194	5	14	4
745	194	5	14	4
707	194	7	14	4
469	194	9	14	5
57	194	17	14	4
916	194	16	14	4
292	194	12	14	4
943	194	3	14	5
645	194	5	14	4
90	194	10	14	5
864	194	4	14	4
452	194	12	14	4
494	194	14	14	4
763	194	3	14	5
97	194	17	14	3
731	194	11	14	3
643	194	3	14	4
577	194	17	14	4
741	194	1	14	4
912	194	12	14	4
398	194	18	14	5
318	194	18	14	5
835	194	15	14	4
378	194	18	14	4
406	194	6	14	5
892	194	12	14	4
567	194	7	14	3
575	194	15	14	4
44	194	4	14	5
193	194	13	14	4
102	194	2	14	3
119	194	19	14	5
234	194	14	14	5
283	194	3	14	4
698	194	18	14	4
533	194	13	14	4
377	194	17	14	5
747	194	7	14	3
106	194	6	14	5
623	194	3	14	5
933	194	13	14	4
669	194	9	14	3
615	194	15	14	5
405	194	5	14	1
373	194	13	14	4
59	194	19	14	3
189	194	9	14	5
429	194	9	14	4
125	194	5	14	5
890	194	10	14	5
56	194	16	14	5
138	194	18	14	5
393	194	13	14	4
326	194	6	14	4
571	194	11	14	3
881	194	1	14	3
233	194	13	14	4
796	194	16	14	4
897	194	17	14	5
561	194	1	14	4
638	194	18	14	3
6	194	6	14	4
41	194	1	14	3
322	194	2	14	5
82	194	2	14	4
639	194	19	14	4
908	194	8	14	3
573	194	13	14	4
749	194	9	14	5
543	194	3	14	3
921	194	1	14	3
188	194	8	14	3
854	194	14	14	3
371	194	11	14	3
299	194	19	14	3
804	194	4	14	4
98	194	18	14	5
606	194	6	14	4
450	194	10	14	5
397	194	17	14	3
308	194	8	14	5
833	194	13	14	3
94	194	14	14	4
235	194	15	14	5
218	194	18	14	3
296	194	16	14	5
421	194	1	14	4
846	194	6	14	4
613	194	13	14	5
321	194	1	14	3
411	194	11	14	5
878	194	18	14	4
272	194	12	14	5
721	194	1	14	5
42	194	2	14	5
48	194	8	14	4
208	194	8	14	5
776	194	16	14	4
694	194	14	14	5
591	194	11	14	4
766	194	6	14	3
158	194	18	14	5
23	194	3	14	4
882	194	2	14	3
840	194	0	14	3
435	194	15	14	4
96	194	16	14	2
144	194	4	14	5
10	194	10	14	4
665	194	5	14	3
798	194	18	14	4
562	194	2	14	5
523	194	3	14	5
352	194	12	14	3
248	194	8	14	4
389	194	9	14	4
686	194	6	14	5
692	194	12	14	4
87	194	7	14	5
537	194	17	14	3
64	194	4	14	5
315	194	15	14	4
899	194	19	14	5
311	194	11	14	4
456	194	16	14	3
5	194	5	14	4
285	194	5	14	4
263	194	3	14	5
911	194	11	14	4
568	194	8	14	3
338	194	18	14	3
545	194	5	14	3
653	194	13	14	3
497	194	17	14	3
524	194	4	14	4
268	194	8	14	4
632	194	12	14	4
514	194	14	14	4
407	194	7	14	4
22	194	2	14	5
342	194	2	14	3
339	194	19	14	4
58	194	18	14	3
648	194	8	14	5
751	194	11	14	5
80	194	0	14	3
916	214	16	14	3
543	214	3	14	3
864	214	4	14	2
881	214	1	14	4
109	214	9	14	1
645	214	5	14	4
7	214	7	14	5
350	214	10	14	3
536	214	16	14	2
122	214	2	14	2
711	214	11	14	4
665	214	5	14	4
933	214	13	14	3
453	214	13	14	3
331	214	11	14	3
504	214	4	14	4
387	214	7	14	5
244	214	4	14	5
373	214	13	14	4
117	214	17	14	5
890	214	10	14	4
843	214	3	14	3
640	214	0	14	5
417	214	17	14	5
622	214	2	14	4
653	214	13	14	3
381	214	1	14	2
698	214	18	14	1
1	214	1	14	4
198	214	18	14	4
514	214	14	14	5
655	214	15	14	3
222	214	2	14	4
269	214	9	14	3
766	214	6	14	2
450	214	10	14	1
64	214	4	14	3
94	214	14	14	5
44	214	4	14	5
659	214	19	14	3
407	214	7	14	4
305	214	5	14	2
892	214	12	14	2
527	214	7	14	4
561	214	1	14	3
291	214	11	14	4
848	214	8	14	5
308	214	8	14	2
399	214	19	14	4
472	214	12	14	4
774	214	14	14	3
457	214	17	14	5
58	214	18	14	2
862	214	2	14	3
23	214	3	14	3
606	214	6	14	4
749	214	9	14	3
625	214	5	14	4
530	214	10	14	2
922	214	2	14	2
738	214	18	14	4
899	214	19	14	4
254	214	14	14	1
456	214	16	14	4
508	214	8	14	3
279	214	19	14	3
187	214	7	14	4
5	214	5	14	3
516	214	16	14	3
719	214	19	14	2
627	214	7	14	3
213	214	13	14	5
790	214	10	14	3
307	214	7	14	5
267	214	7	14	4
435	214	15	14	4
178	214	18	14	1
429	214	9	14	3
886	214	6	14	3
343	214	3	14	4
412	214	12	14	3
276	214	16	14	5
312	214	12	14	3
495	214	15	14	5
704	214	4	14	2
795	214	15	14	4
288	214	8	14	2
455	214	15	14	3
542	214	2	14	3
618	214	18	14	2
751	214	11	14	4
230	214	10	14	4
897	214	17	14	5
437	214	17	14	4
148	214	8	14	5
334	214	14	14	3
815	214	15	14	5
903	214	3	14	4
468	214	8	14	5
292	214	12	14	3
709	214	9	14	1
405	214	5	14	4
868	214	8	14	3
650	214	10	14	3
189	214	9	14	1
70	214	10	14	3
92	214	12	14	4
339	214	19	14	3
761	214	1	14	1
686	214	6	14	5
286	214	6	14	1
805	214	5	14	2
409	214	9	14	4
18	214	18	14	4
913	234	13	14	4
422	234	2	14	4
748	234	8	14	4
210	234	10	14	4
151	234	11	14	4
276	234	16	14	5
60	234	0	14	4
378	234	18	14	4
303	234	3	14	5
417	234	17	14	4
194	234	14	14	3
274	234	14	14	5
671	234	11	14	4
472	234	12	14	4
846	234	6	14	5
796	234	16	14	2
763	234	3	14	3
795	234	15	14	4
579	234	19	14	3
178	234	18	14	4
366	234	6	14	1
802	234	2	14	5
102	234	2	14	3
664	234	4	14	3
588	234	8	14	5
398	234	18	14	4
38	234	18	14	5
709	234	9	14	5
786	234	6	14	3
363	234	3	14	3
21	234	1	14	5
833	234	13	14	3
216	234	16	14	4
886	234	6	14	3
567	234	7	14	3
64	234	4	14	4
577	234	17	14	3
804	234	4	14	4
561	234	1	14	3
457	234	17	14	5
715	234	15	14	4
83	234	3	14	4
402	234	2	14	4
604	234	4	14	5
532	234	12	14	5
391	234	11	14	4
399	234	19	14	3
367	234	7	14	4
280	234	0	14	3
788	234	8	14	3
379	234	19	14	5
690	234	10	14	4
429	234	9	14	4
629	234	9	14	4
773	234	13	14	2
458	234	18	14	4
13	234	13	14	5
95	234	15	14	2
425	234	5	14	3
847	234	7	14	2
72	234	12	14	4
642	234	2	14	1
650	234	10	14	4
234	234	14	14	4
145	234	5	14	5
821	234	1	14	5
331	234	11	14	4
286	234	6	14	3
361	234	1	14	4
5	234	5	14	2
268	234	8	14	4
456	234	16	14	3
710	234	10	14	4
942	234	2	14	4
163	234	3	14	3
880	234	0	14	5
601	234	1	14	1
756	234	16	14	3
312	234	12	14	5
498	234	18	14	4
699	234	19	14	3
659	234	19	14	4
896	234	16	14	4
693	234	13	14	2
271	234	11	14	5
568	234	8	14	3
497	234	17	14	2
592	234	12	14	5
776	234	16	14	5
407	234	7	14	3
339	234	19	14	4
682	234	2	14	3
405	234	5	14	5
144	234	4	14	4
272	234	12	14	4
632	234	12	14	3
503	234	3	14	5
130	234	10	14	5
653	234	13	14	3
328	234	8	14	4
248	234	8	14	4
538	234	18	14	3
508	234	8	14	4
169	234	9	14	4
7	234	7	14	5
1	234	1	14	4
546	234	6	14	4
327	234	7	14	5
10	234	10	14	4
686	234	6	14	4
115	234	15	14	5
269	234	9	14	1
109	234	9	14	4
374	234	14	14	4
430	234	10	14	4
633	234	13	14	4
541	234	1	14	5
96	234	16	14	4
618	234	18	14	4
232	234	12	14	3
934	234	14	14	2
840	234	0	14	5
655	234	15	14	3
543	234	3	14	4
450	234	10	14	3
712	234	12	14	2
135	234	15	14	4
593	234	13	14	2
385	234	5	14	1
233	234	13	14	4
406	234	6	14	4
325	234	5	14	3
747	234	7	14	5
864	234	4	14	4
851	234	11	14	4
480	234	0	14	4
566	234	6	14	3
878	234	18	14	1
188	234	8	14	4
806	234	6	14	4
638	234	18	14	4
897	234	17	14	5
297	234	17	14	3
175	234	15	14	5
805	234	5	14	5
313	234	13	14	4
279	234	19	14	2
56	234	16	14	4
474	234	14	14	5
881	234	1	14	3
416	234	16	14	5
823	234	3	14	4
849	234	9	14	5
807	234	7	14	3
506	234	6	14	5
322	234	2	14	4
200	234	0	14	4
263	234	3	14	4
606	234	6	14	4
741	234	1	14	4
533	234	13	14	2
562	234	2	14	5
623	234	3	14	4
943	234	3	14	3
643	234	3	14	4
118	234	18	14	5
667	234	7	14	2
292	234	12	14	5
92	234	12	14	4
890	234	10	14	5
222	234	2	14	2
814	234	14	14	3
504	234	4	14	3
103	234	3	14	3
198	234	18	14	3
665	234	5	14	3
551	234	11	14	4
617	234	17	14	3
889	234	9	14	4
90	234	10	14	4
774	234	14	14	2
85	234	5	14	4
195	234	15	14	5
738	234	18	14	4
253	234	13	14	4
932	234	12	14	3
389	234	9	14	4
548	234	8	14	4
749	234	9	14	4
493	234	13	14	5
315	234	15	14	3
437	234	17	14	4
536	234	16	14	4
244	234	4	14	3
901	234	1	14	4
848	234	8	14	4
758	234	18	14	4
250	234	10	14	3
453	234	13	14	3
377	234	17	14	5
916	234	16	14	4
16	234	16	14	5
201	234	1	14	5
495	234	15	14	5
524	234	4	14	4
766	234	6	14	4
291	234	11	14	4
903	234	3	14	4
868	234	8	14	4
189	234	9	14	5
843	234	3	14	4
59	234	19	14	5
193	234	13	14	3
326	234	6	14	3
152	234	12	14	4
620	234	0	14	3
239	234	19	14	3
262	234	2	14	3
215	234	15	14	4
500	234	0	14	3
436	234	16	14	3
255	234	15	14	5
345	234	5	14	4
28	234	8	14	4
213	234	13	14	4
148	234	8	14	3
80	234	0	14	3
18	234	18	14	3
447	234	7	14	4
293	234	13	14	5
372	234	12	14	5
778	234	18	14	3
308	234	8	14	3
537	234	17	14	3
42	234	2	14	4
666	234	6	14	3
371	234	11	14	5
454	234	14	14	3
716	234	16	14	5
883	234	3	14	4
488	234	8	14	4
514	234	14	14	3
648	234	8	14	5
899	234	19	14	4
311	234	11	14	4
270	234	10	14	5
352	234	12	14	4
727	234	7	14	2
290	234	10	14	3
256	234	16	14	5
696	234	16	14	4
586	234	6	14	3
421	234	1	14	5
230	234	10	14	4
332	234	12	14	5
479	234	19	14	5
69	234	9	14	5
316	234	16	14	1
254	234	14	14	4
442	234	2	14	4
452	234	12	14	3
835	234	15	14	5
346	234	6	14	2
608	234	8	14	5
527	234	7	14	5
343	234	3	14	1
380	234	0	14	2
288	234	8	14	4
368	234	8	14	3
933	234	13	14	3
264	234	4	14	4
435	234	15	14	4
23	234	3	14	2
545	234	5	14	3
375	234	15	14	5
91	234	11	14	5
484	234	4	14	4
455	234	15	14	4
160	234	0	14	5
94	234	14	14	5
649	254	9	14	4
162	254	2	14	3
385	254	5	14	1
806	254	6	14	3
119	254	19	14	2
921	254	1	14	3
416	254	16	14	2
83	254	3	14	2
719	254	19	14	1
903	254	3	14	2
276	254	16	14	2
308	254	8	14	2
269	254	9	14	1
697	254	17	14	2
757	254	17	14	2
130	254	10	14	2
774	254	14	14	1
550	254	10	14	1
880	254	0	14	2
246	254	6	14	1
43	254	3	14	3
294	254	14	14	3
642	254	2	14	4
1	254	1	14	1
715	254	15	14	1
184	254	4	14	2
437	254	17	14	3
374	254	14	14	3
782	254	2	14	2
279	254	19	14	3
87	254	7	14	4
435	254	15	14	3
807	254	7	14	4
541	254	1	14	3
838	254	18	14	3
557	254	17	14	4
545	254	5	14	4
450	254	10	14	3
648	254	8	14	3
939	254	19	14	3
586	254	6	14	4
472	254	12	14	4
548	254	8	14	1
159	254	19	14	3
749	254	9	14	2
378	254	18	14	1
899	254	19	14	2
934	254	14	14	4
887	254	7	14	4
625	254	5	14	3
738	254	18	14	2
910	254	10	14	1
682	254	2	14	2
453	254	13	14	2
289	254	9	14	1
563	254	3	14	3
55	254	15	14	2
798	254	18	14	5
736	254	16	14	1
711	254	11	14	2
804	254	4	14	4
660	254	0	14	1
654	274	14	14	4
708	274	8	14	4
932	274	12	14	5
927	274	7	14	1
665	274	5	14	3
193	274	13	14	3
447	274	7	14	1
398	274	18	14	3
734	274	14	14	4
637	274	17	14	5
189	274	9	14	4
726	274	6	14	4
13	274	13	14	3
741	274	1	14	4
885	274	5	14	5
716	274	16	14	5
541	274	1	14	4
493	274	13	14	5
236	274	16	14	1
717	274	17	14	4
343	274	3	14	3
790	274	10	14	3
922	274	2	14	3
393	274	13	14	4
896	274	16	14	2
751	274	11	14	4
479	274	19	14	4
762	274	2	14	4
907	274	7	14	5
860	274	0	14	3
403	274	3	14	3
877	274	17	14	4
540	274	0	14	4
837	274	17	14	4
497	274	17	14	3
935	274	15	14	5
533	274	13	14	4
796	274	16	14	5
99	274	19	14	1
555	274	15	14	4
599	274	19	14	5
2	274	2	14	3
445	274	5	14	2
159	274	19	14	3
376	274	16	14	3
718	274	18	14	3
314	274	14	14	3
345	274	5	14	3
416	274	16	14	4
593	274	13	14	3
684	274	4	14	2
595	274	15	14	3
327	274	7	14	2
554	274	14	14	3
407	274	7	14	3
95	274	15	14	4
210	274	10	14	5
399	274	19	14	3
892	274	12	14	4
269	274	9	14	1
223	274	3	14	4
771	274	11	14	4
299	274	19	14	3
183	274	3	14	5
152	274	12	14	5
450	274	10	14	4
178	274	18	14	4
26	274	6	14	3
157	274	17	14	4
161	274	1	14	2
939	274	19	14	5
42	274	2	14	5
340	274	0	14	4
20	274	0	14	4
838	274	18	14	4
727	274	7	14	5
655	274	15	14	3
514	274	14	14	4
290	274	10	14	4
487	274	7	14	4
536	274	16	14	4
184	274	4	14	4
374	274	14	14	4
878	274	18	14	3
279	274	19	14	3
823	274	3	14	4
888	274	8	14	4
921	274	1	14	4
344	274	4	14	2
6	274	6	14	4
474	274	14	14	3
429	274	9	14	3
639	274	19	14	1
680	274	0	14	3
534	274	14	14	3
764	274	4	14	3
271	274	11	14	3
551	274	11	14	2
623	274	3	14	4
406	274	6	14	3
852	274	12	14	3
569	274	9	14	4
756	274	16	14	3
106	274	6	14	3
891	274	11	14	5
456	274	16	14	3
256	274	16	14	5
145	274	5	14	3
94	274	14	14	4
357	274	17	14	4
872	274	12	14	3
715	274	15	14	3
298	274	18	14	3
342	274	2	14	2
194	274	14	14	2
84	274	4	14	4
747	274	7	14	4
854	274	14	14	3
520	274	0	14	3
821	274	1	14	5
459	274	19	14	4
131	274	11	14	3
87	274	7	14	4
92	274	12	14	4
733	274	13	14	3
930	274	10	14	4
682	274	2	14	4
274	274	14	14	4
477	274	17	14	5
213	274	13	14	5
329	274	9	14	3
389	274	9	14	4
805	274	5	14	2
434	274	14	14	5
537	274	17	14	2
484	274	4	14	4
44	274	4	14	4
634	274	14	14	3
308	274	8	14	3
227	274	7	14	4
432	274	12	14	3
552	274	12	14	3
81	274	1	14	3
11	274	11	14	3
181	274	1	14	4
881	274	1	14	3
276	274	16	14	3
277	274	17	14	4
936	274	16	14	3
768	274	8	14	3
661	274	1	14	4
904	274	4	14	5
83	274	3	14	4
449	274	9	14	2
141	274	1	14	5
304	274	4	14	4
501	274	1	14	3
483	274	3	14	4
463	274	3	14	3
605	274	5	14	3
151	274	11	14	5
286	274	6	14	2
59	274	19	14	1
10	274	10	14	4
168	274	8	14	4
690	274	10	14	3
887	274	7	14	1
719	274	19	14	3
798	274	18	14	5
320	274	0	14	4
663	274	3	14	3
82	274	2	14	3
378	274	18	14	3
361	274	1	14	3
144	274	4	14	3
396	274	16	14	4
825	274	5	14	4
234	274	14	14	3
43	274	3	14	5
310	274	10	14	3
119	274	19	14	4
216	274	16	14	3
128	274	8	14	4
15	274	15	14	4
943	274	3	14	3
500	274	0	14	3
296	274	16	14	4
506	274	6	14	4
280	274	0	14	5
590	274	10	14	3
648	294	8	14	3
248	294	8	14	3
821	294	1	14	4
830	294	10	14	3
65	294	5	14	4
220	294	0	14	4
432	294	12	14	4
774	294	14	14	1
3	294	3	14	2
630	294	10	14	4
416	294	16	14	4
677	294	17	14	5
341	294	1	14	3
33	294	13	14	3
609	294	9	14	2
860	294	0	14	2
414	294	14	14	2
144	294	4	14	4
488	294	8	14	4
430	294	10	14	2
788	294	8	14	3
127	294	7	14	4
709	294	9	14	3
599	294	19	14	4
238	294	18	14	3
805	294	5	14	1
652	294	12	14	2
348	294	8	14	4
749	294	9	14	2
619	294	19	14	1
459	294	19	14	5
264	294	4	14	3
57	294	17	14	4
719	294	19	14	2
782	294	2	14	3
629	294	9	14	3
801	294	1	14	5
802	294	2	14	4
597	294	17	14	4
538	294	18	14	3
808	294	8	14	5
653	294	13	14	2
227	294	7	14	3
158	294	18	14	1
556	294	16	14	2
837	294	17	14	4
578	294	18	14	3
692	294	12	14	3
428	294	8	14	4
374	294	14	14	2
250	294	10	14	1
324	294	4	14	5
327	294	7	14	3
24	294	4	14	3
706	294	6	14	4
793	294	13	14	5
537	294	17	14	1
813	294	13	14	1
22	294	2	14	1
143	294	3	14	3
804	294	4	14	5
246	294	6	14	2
7	294	7	14	1
816	294	16	14	5
82	294	2	14	4
785	294	5	14	4
251	294	11	14	3
854	294	14	14	2
110	294	10	14	3
255	294	15	14	2
742	294	2	14	3
850	294	10	14	5
922	294	2	14	4
342	294	2	14	3
907	294	7	14	4
941	294	1	14	4
724	294	4	14	4
827	294	7	14	4
159	294	19	14	4
811	294	11	14	4
188	294	8	14	2
846	294	6	14	3
712	294	12	14	4
13	294	13	14	2
655	294	15	14	3
328	294	8	14	3
323	294	3	14	3
78	294	18	14	3
92	294	12	14	3
882	294	2	14	4
732	294	12	14	3
800	294	0	14	3
135	294	15	14	4
927	294	7	14	5
829	294	9	14	2
554	294	14	14	3
232	294	12	14	2
502	294	2	14	3
34	294	14	14	1
824	294	4	14	3
447	294	7	14	4
155	294	15	14	3
391	294	11	14	2
752	294	12	14	3
500	294	0	14	3
365	294	5	14	1
548	294	8	14	3
834	294	14	14	3
781	294	1	14	1
452	294	12	14	2
119	294	19	14	1
299	294	19	14	2
550	294	10	14	3
142	294	2	14	3
780	294	0	14	3
61	294	1	14	2
730	294	10	14	4
126	294	6	14	3
406	294	6	14	3
772	294	12	14	4
435	294	15	14	4
381	294	1	14	5
288	294	8	14	2
900	294	0	14	4
265	294	5	14	4
394	294	14	14	4
223	294	3	14	4
796	294	16	14	3
113	294	13	14	4
893	294	13	14	3
551	294	11	14	4
668	294	8	14	3
710	294	10	14	3
812	294	12	14	5
755	294	15	14	3
923	294	3	14	4
133	294	13	14	3
791	294	11	14	3
8	294	8	14	3
817	294	17	14	4
740	294	0	14	4
832	294	12	14	4
333	294	13	14	3
99	294	19	14	4
563	294	3	14	3
21	294	1	14	3
726	294	6	14	5
540	294	0	14	4
779	294	19	14	5
635	294	15	14	3
764	294	4	14	3
921	294	1	14	4
56	294	16	14	4
145	294	5	14	4
872	294	12	14	3
625	294	5	14	3
153	294	13	14	2
173	294	13	14	5
504	294	4	14	2
218	294	18	14	2
206	294	6	14	2
320	294	0	14	4
283	294	3	14	4
417	294	17	14	4
859	294	19	14	3
10	294	10	14	3
75	294	15	14	3
647	294	7	14	3
603	294	3	14	4
937	294	17	14	1
279	294	19	14	2
876	294	16	14	4
869	294	9	14	3
112	294	12	14	3
69	294	9	14	2
615	294	15	14	3
533	294	13	14	4
867	294	7	14	3
480	294	0	14	1
546	294	6	14	1
356	294	16	14	1
680	294	0	14	4
790	294	10	14	2
823	294	3	14	3
377	294	17	14	5
472	294	12	14	4
470	294	10	14	3
835	294	15	14	3
617	294	17	14	1
577	294	17	14	4
602	294	2	14	5
302	294	2	14	1
271	294	11	14	2
74	294	14	14	4
282	294	2	14	4
610	294	10	14	1
605	294	5	14	4
46	294	6	14	2
91	294	11	14	3
23	294	3	14	1
691	294	11	14	4
887	294	7	14	5
170	294	10	14	3
687	294	7	14	3
595	294	15	14	2
477	294	17	14	4
346	294	6	14	3
162	294	2	14	3
698	294	18	14	4
32	294	12	14	3
236	294	16	14	2
644	294	4	14	4
400	294	0	14	3
224	294	4	14	4
759	294	19	14	5
707	294	7	14	2
168	294	8	14	4
716	294	16	14	4
30	294	10	14	4
654	294	14	14	3
103	294	3	14	4
297	294	17	14	3
575	294	15	14	1
387	294	7	14	2
714	294	14	14	4
844	294	4	14	2
721	294	1	14	3
422	294	2	14	3
614	294	14	14	4
152	294	12	14	4
451	294	11	14	5
682	294	2	14	3
582	294	2	14	1
901	294	1	14	3
624	294	4	14	3
345	294	5	14	3
797	294	17	14	3
123	294	3	14	1
140	294	0	14	3
234	294	14	14	3
193	294	13	14	1
401	294	1	14	1
660	294	0	14	3
569	294	9	14	2
262	294	2	14	2
222	294	2	14	3
424	294	4	14	5
848	294	8	14	5
734	294	14	14	1
905	294	5	14	3
863	294	3	14	4
936	294	16	14	3
332	294	12	14	5
510	294	10	14	3
141	294	1	14	4
547	294	7	14	1
864	294	4	14	4
40	294	0	14	4
446	294	6	14	1
253	294	13	14	4
661	294	1	14	4
699	294	19	14	3
511	294	11	14	4
588	294	8	14	4
919	294	19	14	3
637	294	17	14	3
100	294	0	14	4
697	294	17	14	4
16	294	16	14	4
725	294	5	14	3
63	294	3	14	2
494	294	14	14	4
329	294	9	14	2
301	294	1	14	4
291	294	11	14	5
44	294	4	14	4
450	294	10	14	4
485	294	5	14	1
298	294	18	14	3
259	294	19	14	3
431	294	11	14	5
62	294	2	14	1
287	294	7	14	5
865	294	5	14	4
505	294	5	14	3
606	294	6	14	2
194	294	14	14	4
679	294	19	14	1
889	294	9	14	3
515	294	15	14	3
628	294	8	14	4
861	294	1	14	3
526	294	6	14	3
497	294	17	14	4
404	294	4	14	4
506	294	6	14	4
263	294	3	14	2
826	294	6	14	4
476	294	16	14	3
108	294	8	14	4
294	294	14	14	4
9	294	9	14	4
879	294	19	14	3
197	294	17	14	4
520	294	0	14	3
663	294	3	14	3
29	294	9	14	4
580	294	0	14	4
102	294	2	14	2
856	294	16	14	4
642	294	2	14	5
659	294	19	14	4
244	294	4	14	4
528	294	8	14	3
690	294	10	14	3
491	294	11	14	2
433	294	13	14	3
758	294	18	14	5
683	294	3	14	3
42	294	2	14	4
183	294	3	14	3
186	294	6	14	3
766	294	6	14	2
130	294	10	14	5
620	294	0	14	5
19	294	19	14	3
189	294	9	14	5
38	294	18	14	5
665	294	5	14	2
281	294	1	14	3
702	294	2	14	1
378	294	18	14	2
49	294	9	14	1
909	294	9	14	3
703	294	3	14	2
681	294	1	14	5
479	294	19	14	3
336	294	16	14	4
261	294	1	14	4
213	294	13	14	3
26	294	6	14	3
761	294	1	14	3
199	294	19	14	1
722	294	2	14	2
743	294	3	14	2
364	294	4	14	5
831	294	11	14	4
314	294	14	14	5
474	294	14	14	3
276	294	16	14	4
357	294	17	14	4
881	294	1	14	3
579	294	19	14	4
466	294	6	14	3
318	294	18	14	4
39	294	19	14	4
789	294	9	14	3
241	294	1	14	3
461	294	1	14	3
256	294	16	14	3
676	294	16	14	4
634	294	14	14	4
203	294	3	14	2
787	294	7	14	3
559	294	19	14	1
529	294	9	14	4
736	294	16	14	3
166	294	6	14	3
557	294	17	14	3
622	294	2	14	3
242	294	2	14	4
857	294	17	14	3
750	294	10	14	4
940	294	0	14	4
293	294	13	14	2
43	294	3	14	5
895	294	15	14	4
441	294	1	14	4
509	294	9	14	2
214	294	14	14	3
771	294	11	14	4
134	294	14	14	4
146	294	6	14	1
489	294	9	14	3
310	294	10	14	1
708	294	8	14	3
902	294	2	14	2
181	294	1	14	2
468	294	8	14	3
727	294	7	14	4
853	294	13	14	2
296	294	16	14	1
200	294	0	14	4
507	294	7	14	5
442	294	2	14	2
457	294	17	14	2
501	294	1	14	3
392	294	12	14	4
388	294	8	14	4
6	294	6	14	2
125	294	5	14	4
534	294	14	14	5
178	294	18	14	2
487	294	7	14	4
274	294	14	14	3
84	294	4	14	3
783	294	3	14	3
486	294	6	14	2
873	294	13	14	4
880	294	0	14	4
753	294	13	14	5
267	294	7	14	3
596	294	16	14	4
810	294	10	14	5
275	294	15	14	4
338	294	18	14	1
268	294	8	14	3
230	294	10	14	5
631	294	11	14	3
2	294	2	14	1
379	294	19	14	3
95	294	15	14	2
207	294	7	14	3
190	294	10	14	3
408	294	8	14	5
733	294	13	14	2
28	294	8	14	3
308	294	8	14	3
443	294	3	14	5
825	294	5	14	4
311	294	11	14	4
484	294	4	14	4
278	294	18	14	4
552	294	12	14	4
601	294	1	14	1
592	294	12	14	3
666	294	6	14	3
770	294	10	14	3
66	294	6	14	4
205	294	5	14	3
650	294	10	14	3
48	294	8	14	3
362	294	2	14	3
544	294	4	14	2
249	294	9	14	3
517	294	17	14	1
280	294	0	14	2
425	294	5	14	2
347	294	7	14	1
121	294	1	14	4
576	294	16	14	3
657	294	17	14	5
17	294	17	14	4
626	294	6	14	3
482	294	2	14	4
608	294	8	14	3
926	294	6	14	3
589	294	9	14	5
370	294	10	14	1
460	294	0	14	2
104	294	4	14	3
587	294	7	14	3
875	294	15	14	2
128	294	8	14	4
83	294	3	14	3
729	294	9	14	2
651	294	11	14	1
303	294	3	14	4
176	294	16	14	2
646	294	6	14	2
116	294	16	14	2
258	294	18	14	4
514	294	14	14	3
673	294	13	14	4
674	294	14	14	4
304	294	4	14	4
4	294	4	14	5
109	294	9	14	4
456	294	16	14	1
464	294	4	14	4
300	294	0	14	3
717	294	17	14	3
393	294	13	14	4
897	294	17	14	3
177	294	17	14	4
609	314	9	14	1
2	314	2	14	1
206	314	6	14	1
537	314	17	14	1
13	314	13	14	1
872	334	12	14	1
923	334	3	14	5
408	334	8	14	2
894	334	14	14	3
446	334	6	14	3
303	334	3	14	3
284	334	4	14	3
428	334	8	14	4
323	334	3	14	3
140	334	0	14	2
770	334	10	14	5
102	334	2	14	2
397	334	17	14	3
3	334	3	14	3
294	334	14	14	4
507	334	7	14	5
783	334	3	14	3
898	334	18	14	3
685	334	5	14	1
466	334	6	14	3
551	334	11	14	4
10	334	10	14	4
425	334	5	14	4
201	334	1	14	4
875	334	15	14	4
260	334	0	14	5
13	334	13	14	1
451	334	11	14	3
391	334	11	14	5
784	334	4	14	3
455	334	15	14	3
919	334	19	14	4
69	334	9	14	3
357	334	17	14	4
276	334	16	14	4
7	334	7	14	5
863	334	3	14	5
343	334	3	14	5
360	334	0	14	4
214	334	14	14	3
489	334	9	14	4
94	334	14	14	3
631	334	11	14	2
181	334	1	14	1
427	334	7	14	5
177	334	17	14	3
309	334	9	14	4
721	334	1	14	1
367	334	7	14	4
422	334	2	14	4
858	334	18	14	4
710	334	10	14	2
592	334	12	14	3
915	334	15	14	3
49	334	9	14	4
557	334	17	14	4
382	334	2	14	5
173	334	13	14	4
611	334	11	14	5
832	334	12	14	2
587	334	7	14	3
301	334	1	14	3
853	334	13	14	3
589	334	9	14	1
801	354	1	14	4
872	354	12	14	4
111	354	11	14	4
299	354	19	14	4
466	354	6	14	2
588	354	8	14	5
193	354	13	14	3
190	354	10	14	4
453	354	13	14	4
4	354	4	14	5
592	354	12	14	4
838	354	18	14	4
831	354	11	14	4
768	354	8	14	3
179	354	19	14	4
620	354	0	14	5
683	354	3	14	3
3	354	3	14	3
450	354	10	14	4
43	354	3	14	4
171	354	11	14	3
478	354	18	14	3
883	354	3	14	4
317	354	17	14	4
286	354	6	14	4
130	354	10	14	5
729	354	9	14	5
178	354	18	14	4
152	354	12	14	3
772	354	12	14	4
197	354	17	14	2
669	354	9	14	1
99	354	19	14	2
112	354	12	14	3
100	354	0	14	2
410	354	10	14	3
668	354	8	14	4
870	354	10	14	4
393	354	13	14	4
835	354	15	14	3
88	354	8	14	5
435	354	15	14	3
90	354	10	14	3
676	354	16	14	4
532	354	12	14	4
863	354	3	14	1
104	354	4	14	3
782	354	2	14	2
416	354	16	14	4
655	354	15	14	2
475	354	15	14	2
119	354	19	14	5
940	354	0	14	5
704	354	4	14	4
773	354	13	14	2
145	354	5	14	4
547	354	7	14	4
551	354	11	14	3
276	354	16	14	4
646	354	6	14	3
711	354	11	14	3
611	354	11	14	3
695	354	15	14	4
215	354	15	14	4
294	354	14	14	3
74	354	14	14	3
752	354	12	14	2
58	354	18	14	3
640	354	0	14	4
377	354	17	14	4
332	354	12	14	5
13	354	13	14	2
130	374	10	14	4
911	374	11	14	1
5	374	5	14	3
405	374	5	14	1
807	374	7	14	3
823	374	3	14	1
279	374	19	14	1
268	374	8	14	2
472	374	12	14	2
927	374	7	14	4
393	374	13	14	3
497	394	17	14	3
435	394	15	14	4
751	394	11	14	4
5	394	5	14	2
798	394	18	14	4
346	394	6	14	4
13	394	13	14	2
880	394	0	14	3
145	394	5	14	1
864	394	4	14	3
286	394	6	14	5
393	394	13	14	5
406	414	6	14	2
295	414	15	14	4
664	414	4	14	5
648	414	8	14	1
504	414	4	14	5
207	414	7	14	2
379	414	19	14	5
5	414	5	14	3
13	414	13	14	5
158	414	18	14	4
932	414	12	14	4
23	414	3	14	3
331	414	11	14	4
87	414	7	14	3
380	414	0	14	2
942	414	2	14	4
271	414	11	14	4
883	414	3	14	3
716	414	16	14	4
151	414	11	14	5
524	414	4	14	4
85	414	5	14	4
846	414	6	14	4
82	414	2	14	4
18	414	18	14	4
194	414	14	14	3
488	414	8	14	2
154	414	14	14	4
804	414	4	14	4
398	414	18	14	3
881	414	1	14	5
474	414	14	14	4
910	414	10	14	4
387	414	7	14	4
840	414	0	14	4
934	414	14	14	5
318	414	18	14	4
896	414	16	14	3
389	414	9	14	4
373	414	13	14	3
639	414	19	14	3
454	414	14	14	2
899	414	19	14	2
11	414	11	14	3
293	414	13	14	4
456	414	16	14	3
537	414	17	14	4
908	414	8	14	3
405	414	5	14	1
766	414	6	14	4
354	414	14	14	4
234	414	14	14	4
749	414	9	14	4
312	414	12	14	3
41	414	1	14	4
758	414	18	14	4
796	414	16	14	3
499	414	19	14	3
269	414	9	14	3
10	414	10	14	4
450	414	10	14	3
313	414	13	14	3
435	434	15	14	2
537	434	17	14	3
60	434	0	14	5
11	434	11	14	4
648	434	8	14	5
234	434	14	14	3
44	434	4	14	4
275	434	15	14	3
198	434	18	14	3
406	434	6	14	5
868	434	8	14	3
239	434	19	14	5
815	434	15	14	3
622	434	2	14	4
567	434	7	14	5
263	434	3	14	4
28	434	8	14	4
450	434	10	14	3
881	434	1	14	2
847	434	7	14	3
506	434	6	14	4
766	434	6	14	5
650	434	10	14	4
843	434	3	14	4
645	434	5	14	4
325	434	5	14	5
326	434	6	14	5
18	434	18	14	3
553	434	13	14	3
796	434	16	14	4
405	434	5	14	3
694	434	14	14	5
862	434	2	14	5
387	434	7	14	5
749	434	9	14	4
474	434	14	14	4
804	434	4	14	4
379	434	19	14	3
698	434	18	14	4
545	434	5	14	3
308	434	8	14	4
488	434	8	14	4
833	434	13	14	3
627	434	7	14	4
312	434	12	14	3
339	434	19	14	4
454	434	14	14	3
660	434	0	14	3
97	434	17	14	4
641	434	1	14	4
125	434	5	14	4
290	434	10	14	4
932	434	12	14	5
5	434	5	14	5
59	434	19	14	4
908	434	8	14	4
738	434	18	14	4
64	434	4	14	4
890	434	10	14	4
279	434	19	14	4
731	434	11	14	1
751	434	11	14	4
7	434	7	14	4
758	434	18	14	3
727	434	7	14	5
795	434	15	14	3
215	434	15	14	5
436	454	16	14	4
655	454	15	14	3
648	454	8	14	3
5	454	5	14	1
454	454	14	14	3
144	454	4	14	3
331	454	11	14	3
145	454	5	14	1
399	454	19	14	3
389	454	9	14	2
535	454	15	14	3
90	454	10	14	2
374	454	14	14	4
178	454	18	14	4
504	454	4	14	5
201	454	1	14	2
41	474	1	14	5
694	474	14	14	4
18	474	18	14	4
73	474	13	14	5
297	474	17	14	4
44	474	4	14	4
670	474	10	14	3
660	474	0	14	2
447	474	7	14	3
248	474	8	14	2
77	474	17	14	5
435	474	15	14	3
59	474	19	14	5
607	474	7	14	4
213	474	13	14	2
234	474	14	14	4
138	474	18	14	5
916	474	16	14	4
843	474	3	14	3
417	474	17	14	4
913	474	13	14	5
148	474	8	14	5
232	474	12	14	5
881	474	1	14	3
94	474	14	14	5
13	474	13	14	4
933	474	13	14	5
469	474	9	14	5
474	474	14	14	5
541	474	1	14	5
293	474	13	14	5
60	474	0	14	5
465	474	5	14	3
82	474	2	14	3
298	474	18	14	4
748	474	8	14	4
567	474	7	14	5
326	474	6	14	5
7	474	7	14	5
454	474	14	14	4
848	474	8	14	5
299	474	19	14	5
307	474	7	14	5
290	474	10	14	3
488	474	8	14	2
737	474	17	14	5
76	474	16	14	5
269	474	9	14	4
479	474	19	14	5
398	474	18	14	4
162	474	2	14	3
487	474	7	14	4
343	474	3	14	5
272	474	12	14	5
387	474	7	14	5
716	474	16	14	5
379	474	19	14	5
847	474	7	14	4
10	474	10	14	4
823	474	3	14	5
686	474	6	14	5
151	474	11	14	5
524	474	4	14	4
118	474	18	14	5
334	474	14	14	3
303	474	3	14	5
62	474	2	14	4
499	474	19	14	4
189	474	9	14	5
391	474	11	14	5
25	474	5	14	4
659	474	19	14	2
433	474	13	14	3
870	474	10	14	4
360	474	0	14	5
666	474	6	14	5
85	474	5	14	5
305	474	5	14	5
385	474	5	14	5
900	474	0	14	4
912	474	12	14	3
886	474	6	14	4
458	474	18	14	4
878	474	18	14	5
276	474	16	14	5
328	474	8	14	4
640	474	0	14	4
521	474	1	14	3
339	474	19	14	4
389	474	9	14	5
868	474	8	14	4
407	474	7	14	3
653	474	13	14	4
934	474	14	14	4
648	474	8	14	4
780	474	0	14	3
338	474	18	14	4
929	474	9	14	4
940	474	0	14	3
160	474	0	14	4
397	474	17	14	5
781	474	1	14	5
239	474	19	14	5
90	474	10	14	5
561	474	1	14	5
406	474	6	14	5
840	474	0	14	5
312	474	12	14	5
875	474	15	14	5
325	474	5	14	5
536	474	16	14	5
144	474	4	14	4
514	474	14	14	5
95	474	15	14	4
426	474	6	14	4
545	474	5	14	3
643	474	3	14	5
650	474	10	14	4
864	474	4	14	4
425	474	5	14	4
932	474	12	14	5
796	474	16	14	2
450	474	10	14	5
788	474	8	14	3
738	474	18	14	4
862	474	2	14	5
890	474	10	14	5
194	474	14	14	4
655	474	15	14	3
114	474	14	14	5
327	474	7	14	3
409	474	9	14	5
313	474	13	14	5
833	474	13	14	5
380	474	0	14	4
271	474	11	14	3
215	474	15	14	4
498	474	18	14	4
804	474	4	14	4
321	474	1	14	4
382	474	2	14	5
757	474	17	14	3
727	474	7	14	3
896	474	16	14	3
766	474	6	14	5
373	474	13	14	3
889	474	9	14	4
125	474	5	14	3
776	474	16	14	5
92	474	12	14	4
250	474	10	14	5
421	474	1	14	4
758	474	18	14	5
457	474	17	14	5
58	474	18	14	4
492	474	12	14	5
268	474	8	14	5
124	474	4	14	3
543	474	3	14	5
96	474	16	14	4
237	474	17	14	5
383	474	3	14	5
645	474	5	14	5
537	474	17	14	5
318	474	18	14	4
154	474	14	14	5
363	474	3	14	5
267	474	7	14	5
188	474	8	14	4
911	474	11	14	5
527	474	7	14	3
846	474	6	14	5
568	474	8	14	5
301	474	1	14	4
508	474	8	14	5
226	474	6	14	3
603	474	3	14	4
452	474	12	14	3
91	474	11	14	3
533	474	13	14	3
279	474	19	14	5
867	474	7	14	5
198	474	18	14	5
235	474	15	14	5
516	474	16	14	5
6	474	6	14	5
669	474	9	14	4
456	474	16	14	5
622	474	2	14	3
899	474	19	14	3
830	474	10	14	5
553	474	13	14	5
747	474	7	14	5
14	474	14	14	4
506	494	6	14	5
6	494	6	14	4
607	494	7	14	5
704	494	4	14	5
338	494	18	14	3
666	494	6	14	4
731	494	11	14	3
128	494	8	14	4
568	494	8	14	4
908	494	8	14	3
452	494	12	14	5
561	494	1	14	4
450	494	10	14	3
838	494	18	14	4
327	494	7	14	4
419	494	19	14	3
321	494	1	14	4
393	494	13	14	4
311	494	11	14	4
650	494	10	14	3
253	494	13	14	5
312	494	12	14	5
308	494	8	14	5
18	494	18	14	3
373	494	13	14	4
13	494	13	14	4
234	494	14	14	4
524	494	4	14	4
237	494	17	14	4
850	494	10	14	3
664	494	4	14	5
716	494	16	14	5
932	494	12	14	4
567	494	7	14	5
370	494	10	14	3
815	494	15	14	5
389	494	9	14	5
313	494	13	14	3
846	494	6	14	5
751	494	11	14	4
235	494	15	14	4
537	494	17	14	4
354	494	14	14	4
766	494	6	14	3
271	494	11	14	4
426	494	6	14	3
60	494	0	14	4
90	494	10	14	5
889	494	9	14	3
398	494	18	14	3
659	494	19	14	4
334	494	14	14	4
151	494	11	14	4
344	494	4	14	4
747	494	7	14	5
870	494	10	14	3
883	514	3	14	4
704	514	4	14	4
243	514	3	14	4
71	514	11	14	4
648	514	8	14	2
158	514	18	14	3
7	514	7	14	2
6	514	6	14	5
562	514	2	14	1
172	514	12	14	3
272	514	12	14	5
123	514	3	14	5
263	514	3	14	3
407	514	7	14	4
138	514	18	14	5
31	514	11	14	5
639	514	19	14	4
98	514	18	14	5
522	514	2	14	2
218	514	18	14	4
58	514	18	14	5
664	514	4	14	5
716	514	16	14	5
312	514	12	14	3
405	514	5	14	1
80	514	0	14	3
942	514	2	14	4
298	514	18	14	4
579	514	19	14	3
65	514	5	14	4
874	514	14	14	5
160	514	0	14	4
559	514	19	14	4
87	514	7	14	4
326	514	6	14	3
18	514	18	14	5
481	514	1	14	4
625	514	5	14	3
318	514	18	14	2
210	514	10	14	5
308	514	8	14	4
437	514	17	14	4
875	514	15	14	5
338	514	18	14	5
650	514	10	14	3
303	514	3	14	5
296	514	16	14	5
499	514	19	14	5
608	514	8	14	5
835	514	15	14	3
452	514	12	14	3
748	514	8	14	4
41	514	1	14	4
506	514	6	14	5
387	514	7	14	3
537	514	17	14	4
527	514	7	14	5
815	514	15	14	1
151	514	11	14	4
285	514	5	14	3
13	514	13	14	5
494	514	14	14	2
561	514	1	14	4
419	514	19	14	4
492	514	12	14	3
237	514	17	14	4
232	514	12	14	4
398	514	18	14	4
795	514	15	14	4
376	514	16	14	4
881	514	1	14	4
62	514	2	14	3
458	514	18	14	5
95	514	15	14	2
567	514	7	14	5
383	514	3	14	5
381	514	1	14	5
334	514	14	14	4
379	514	19	14	3
382	514	2	14	3
297	514	17	14	3
121	514	1	14	3
690	514	10	14	1
361	514	1	14	5
693	514	13	14	4
576	514	16	14	5
370	514	10	14	4
498	514	18	14	4
592	514	12	14	5
860	514	0	14	5
331	514	11	14	3
854	514	14	14	4
339	514	19	14	3
194	514	14	14	3
655	514	15	14	5
686	514	6	14	5
327	514	7	14	4
503	514	3	14	3
342	514	2	14	5
840	514	0	14	5
144	514	4	14	5
96	514	16	14	4
82	514	2	14	4
299	514	19	14	5
208	514	8	14	4
429	514	9	14	3
142	514	2	14	5
321	514	1	14	4
591	514	11	14	4
934	514	14	14	5
523	514	3	14	4
613	514	13	14	4
73	514	13	14	4
385	514	5	14	4
76	514	16	14	4
766	514	6	14	4
638	514	18	14	2
184	514	4	14	5
553	514	13	14	3
409	514	9	14	5
524	514	4	14	5
615	514	15	14	5
870	514	10	14	5
322	514	2	14	4
533	514	13	14	3
641	514	1	14	4
279	514	19	14	4
643	514	3	14	3
796	514	16	14	3
666	514	6	14	4
661	514	1	14	3
301	514	1	14	3
389	514	9	14	5
794	514	14	14	5
932	514	12	14	5
535	514	15	14	5
474	514	14	14	4
239	514	19	14	1
659	514	19	14	5
848	514	8	14	5
450	514	10	14	5
49	514	9	14	4
406	514	6	14	1
758	514	18	14	5
889	514	9	14	1
90	514	10	14	3
271	514	11	14	4
508	514	8	14	5
264	514	4	14	5
890	514	10	14	5
14	514	14	14	4
213	514	13	14	5
60	514	0	14	4
85	514	5	14	5
888	514	8	14	5
823	514	3	14	5
325	514	5	14	4
488	514	8	14	2
201	514	1	14	3
373	514	13	14	4
185	514	5	14	5
774	514	14	14	2
911	514	11	14	3
878	514	18	14	4
747	514	7	14	4
669	514	9	14	3
380	514	0	14	2
645	514	5	14	5
313	514	13	14	4
776	514	16	14	5
918	514	18	14	2
59	514	19	14	5
500	514	0	14	5
504	514	4	14	4
293	514	13	14	4
269	514	9	14	4
804	514	4	14	4
207	514	7	14	4
846	514	6	14	3
430	514	10	14	4
733	534	13	14	3
592	534	12	14	5
104	534	4	14	2
6	534	6	14	4
624	534	4	14	3
279	534	19	14	1
345	534	5	14	4
655	534	15	14	2
130	534	10	14	5
392	534	12	14	4
894	534	14	14	4
329	534	9	14	3
782	534	2	14	3
846	554	6	14	4
774	554	14	14	1
92	554	12	14	2
435	554	15	14	3
682	554	2	14	3
380	554	0	14	2
798	554	18	14	2
668	554	8	14	3
197	554	17	14	4
756	554	16	14	1
690	554	10	14	3
374	554	14	14	2
222	554	2	14	2
889	554	9	14	4
393	554	13	14	4
600	554	0	14	4
506	554	6	14	3
267	554	7	14	3
807	554	7	14	4
758	554	18	14	3
244	554	4	14	3
301	554	1	14	3
524	554	4	14	4
394	554	14	14	4
551	554	11	14	5
193	554	13	14	3
279	554	19	14	1
533	554	13	14	1
621	554	1	14	4
647	554	7	14	4
56	554	16	14	4
62	554	2	14	1
870	554	10	14	2
457	554	17	14	4
638	554	18	14	3
167	554	7	14	1
416	554	16	14	3
627	554	7	14	2
188	554	8	14	2
135	554	15	14	3
320	554	0	14	4
642	554	2	14	4
484	554	4	14	4
293	554	13	14	1
325	554	5	14	1
498	554	18	14	3
13	554	13	14	2
545	554	5	14	3
496	554	16	14	2
186	554	6	14	1
934	554	14	14	4
87	554	7	14	4
379	554	19	14	4
830	554	10	14	5
788	554	8	14	3
268	554	8	14	3
280	554	0	14	1
7	554	7	14	3
405	554	5	14	1
130	554	10	14	4
145	554	5	14	3
880	554	0	14	3
588	554	8	14	3
805	554	5	14	1
363	554	3	14	1
896	554	16	14	2
532	554	12	14	4
95	554	15	14	3
102	554	2	14	2
671	554	11	14	4
795	554	15	14	3
399	554	19	14	3
472	554	12	14	5
330	554	10	14	3
757	554	17	14	3
796	554	16	14	2
378	554	18	14	3
442	554	2	14	2
650	554	10	14	2
452	554	12	14	3
254	554	14	14	3
286	554	6	14	4
705	554	5	14	2
709	554	9	14	4
256	554	16	14	4
270	554	10	14	1
826	554	6	14	4
207	554	7	14	2
217	554	17	14	3
303	554	3	14	2
881	554	1	14	1
332	554	12	14	3
648	554	8	14	4
276	554	16	14	2
328	554	8	14	3
619	554	19	14	3
749	554	9	14	3
326	554	6	14	3
22	554	2	14	1
70	554	10	14	3
804	554	4	14	2
500	554	0	14	3
372	574	12	14	4
7	574	7	14	5
655	574	15	14	2
145	574	5	14	2
268	574	8	14	2
270	574	10	14	3
303	574	3	14	1
405	574	5	14	1
870	574	10	14	1
297	574	17	14	1
286	574	6	14	4
757	574	17	14	3
291	574	11	14	1
417	574	17	14	2
342	574	2	14	1
655	594	15	14	3
49	594	9	14	3
7	594	7	14	3
498	594	18	14	2
279	594	19	14	1
934	614	14	14	3
537	614	17	14	3
233	614	13	14	4
316	614	16	14	2
128	614	8	14	3
308	614	8	14	3
694	614	14	14	4
151	614	11	14	4
380	614	0	14	3
788	614	8	14	4
943	614	3	14	5
271	614	11	14	4
454	614	14	14	3
450	614	10	14	4
267	614	7	14	5
7	614	7	14	5
437	614	17	14	5
833	614	13	14	2
328	614	8	14	4
234	614	14	14	3
321	614	1	14	3
263	614	3	14	3
339	614	19	14	3
650	614	10	14	3
417	614	17	14	3
269	614	9	14	3
707	614	7	14	2
426	614	6	14	4
18	614	18	14	4
325	614	5	14	4
815	614	15	14	3
13	614	13	14	4
138	614	18	14	4
561	614	1	14	3
716	614	16	14	4
236	614	16	14	5
474	614	14	14	4
312	614	12	14	4
846	614	6	14	5
311	614	11	14	4
343	614	3	14	5
505	614	5	14	3
452	614	12	14	3
669	614	9	14	4
90	614	10	14	4
932	614	12	14	4
535	614	15	14	5
416	614	16	14	5
524	614	4	14	5
536	614	16	14	4
91	614	11	14	4
276	634	16	14	4
303	634	3	14	3
412	634	12	14	5
401	634	1	14	1
527	634	7	14	5
334	634	14	14	4
381	634	1	14	3
327	634	7	14	5
299	634	19	14	2
523	634	3	14	5
406	634	6	14	4
307	634	7	14	3
234	634	14	14	4
758	634	18	14	5
239	634	19	14	4
189	634	9	14	3
249	634	9	14	5
747	634	7	14	5
883	634	3	14	3
7	634	7	14	5
585	634	5	14	4
331	634	11	14	3
54	634	14	14	1
308	634	8	14	4
380	654	0	14	4
846	654	6	14	5
890	654	10	14	5
437	654	17	14	5
560	654	0	14	5
85	654	5	14	4
704	654	4	14	5
267	654	7	14	5
426	654	6	14	5
90	654	10	14	5
177	654	17	14	4
823	654	3	14	5
218	654	18	14	4
326	654	6	14	1
799	654	19	14	5
178	654	18	14	3
541	654	1	14	3
522	654	2	14	4
72	654	12	14	4
312	654	12	14	5
58	654	18	14	5
669	654	9	14	5
303	654	3	14	5
48	654	8	14	5
881	654	1	14	4
210	654	10	14	5
11	654	11	14	3
625	654	5	14	3
94	654	14	14	5
296	654	16	14	5
374	654	14	14	3
59	654	19	14	4
896	654	16	14	3
874	654	14	14	5
664	654	4	14	5
269	654	9	14	4
806	654	6	14	5
338	654	18	14	5
875	654	15	14	4
748	654	8	14	4
18	654	18	14	4
151	654	11	14	4
933	654	13	14	4
161	654	1	14	3
452	654	12	14	2
480	654	0	14	4
343	654	3	14	5
315	654	15	14	5
835	654	15	14	5
686	654	6	14	5
659	654	19	14	4
469	654	9	14	4
506	654	6	14	4
401	654	1	14	3
454	654	14	14	2
492	654	12	14	4
833	654	13	14	5
7	654	7	14	5
900	654	0	14	2
305	654	5	14	4
491	654	11	14	5
398	654	18	14	4
429	654	9	14	4
308	654	8	14	5
671	654	11	14	3
474	654	14	14	5
272	654	12	14	5
645	654	5	14	5
383	654	3	14	5
710	654	10	14	4
14	654	14	14	4
350	654	10	14	5
458	654	18	14	5
567	654	7	14	5
13	654	13	14	5
313	654	13	14	5
194	654	14	14	2
537	654	17	14	3
379	654	19	14	5
693	654	13	14	3
361	654	1	14	4
339	654	19	14	5
592	654	12	14	5
268	654	8	14	5
342	654	2	14	4
503	654	3	14	5
115	654	15	14	5
293	654	13	14	5
747	654	7	14	5
653	654	13	14	2
666	654	6	14	5
201	654	1	14	3
840	654	0	14	4
311	654	11	14	3
836	654	16	14	5
144	654	4	14	4
321	654	1	14	4
650	654	10	14	3
189	654	9	14	3
325	654	5	14	4
118	654	18	14	5
633	654	13	14	3
10	654	10	14	5
406	654	6	14	4
655	654	15	14	3
234	654	14	14	5
198	654	18	14	5
385	654	5	14	5
409	654	9	14	3
322	654	2	14	5
573	654	13	14	4
658	654	18	14	4
533	654	13	14	3
184	654	4	14	4
292	654	12	14	5
524	654	4	14	5
698	654	18	14	1
843	654	3	14	2
114	654	14	14	3
774	654	14	14	2
279	654	19	14	5
912	654	12	14	3
766	654	6	14	4
932	654	12	14	5
682	654	2	14	4
271	654	11	14	5
870	654	10	14	4
535	654	15	14	5
908	654	8	14	3
848	654	8	14	5
16	654	16	14	5
548	654	8	14	5
707	654	7	14	4
239	654	19	14	5
60	654	0	14	4
929	654	9	14	3
758	654	18	14	4
389	654	9	14	5
405	654	5	14	2
264	654	4	14	5
360	654	0	14	5
450	654	10	14	4
233	654	13	14	4
694	654	14	14	4
804	654	4	14	3
889	654	9	14	3
222	654	2	14	3
430	674	10	14	4
804	674	4	14	4
269	674	9	14	2
645	674	5	14	3
313	674	13	14	2
774	674	14	14	2
435	674	15	14	2
776	674	16	14	3
843	674	3	14	2
890	674	10	14	3
916	674	16	14	3
389	674	9	14	2
495	674	15	14	3
620	674	0	14	3
417	674	17	14	2
766	674	6	14	3
814	674	14	14	3
617	674	17	14	3
643	674	3	14	3
167	674	7	14	2
934	674	14	14	4
385	674	5	14	3
846	674	6	14	4
653	674	13	14	3
655	674	15	14	3
13	674	13	14	3
379	674	19	14	3
405	674	5	14	1
406	674	6	14	4
802	674	2	14	2
95	674	15	14	2
437	674	17	14	3
21	674	1	14	2
94	674	14	14	3
378	674	18	14	3
896	674	16	14	2
421	674	1	14	5
650	674	10	14	4
387	674	7	14	2
194	674	14	14	2
372	674	12	14	5
145	674	5	14	4
326	674	6	14	3
622	674	2	14	2
7	674	7	14	2
648	674	8	14	3
200	674	0	14	4
92	674	12	14	4
899	694	19	14	5
707	694	7	14	4
883	694	3	14	5
187	694	7	14	5
10	694	10	14	5
373	694	13	14	5
503	694	3	14	5
89	694	9	14	5
270	694	10	14	5
381	694	1	14	4
189	694	9	14	4
828	694	8	14	2
536	694	16	14	5
798	694	18	14	3
458	694	18	14	4
523	694	3	14	5
330	694	10	14	5
378	694	18	14	3
234	694	14	14	3
904	694	4	14	3
13	694	13	14	4
655	694	15	14	3
23	694	3	14	4
543	694	3	14	4
454	694	14	14	2
405	694	5	14	1
331	694	11	14	4
731	694	11	14	5
639	694	19	14	5
184	694	4	14	5
344	694	4	14	5
608	694	8	14	3
158	694	18	14	5
455	694	15	14	4
354	694	14	14	5
99	694	19	14	1
361	694	1	14	4
711	694	11	14	5
908	694	8	14	4
180	694	0	14	5
667	694	7	14	4
243	694	3	14	4
771	694	11	14	3
537	694	17	14	4
18	714	18	14	4
639	714	19	14	2
354	714	14	14	4
500	714	0	14	2
11	714	11	14	4
503	714	3	14	4
861	714	1	14	4
409	714	9	14	3
537	714	17	14	3
450	714	10	14	4
405	714	5	14	1
270	714	10	14	4
271	714	11	14	3
416	734	16	14	3
373	734	13	14	3
933	734	13	14	2
476	734	16	14	4
798	734	18	14	3
110	734	10	14	2
450	734	10	14	2
889	734	9	14	3
880	734	0	14	3
378	734	18	14	3
642	734	2	14	3
405	734	5	14	2
684	734	4	14	3
286	734	6	14	2
336	734	16	14	1
542	734	2	14	3
864	734	4	14	3
222	734	2	14	2
102	734	2	14	2
276	734	16	14	1
303	734	3	14	1
655	734	15	14	3
125	734	5	14	3
532	734	12	14	3
11	734	11	14	3
751	734	11	14	1
712	734	12	14	4
191	754	11	14	3
851	754	11	14	2
311	754	11	14	3
324	754	4	14	5
426	754	6	14	1
250	754	10	14	4
574	754	14	14	4
521	754	1	14	3
526	754	6	14	2
112	754	12	14	4
590	754	10	14	3
431	754	11	14	3
683	754	3	14	3
433	754	13	14	3
502	754	2	14	2
244	754	4	14	4
688	754	8	14	5
858	754	18	14	4
328	754	8	14	4
15	754	15	14	5
493	754	13	14	3
145	754	5	14	3
488	754	8	14	4
894	754	14	14	4
12	754	12	14	4
262	754	2	14	3
509	754	9	14	1
507	754	7	14	5
428	754	8	14	4
842	754	2	14	1
697	754	17	14	3
791	754	11	14	4
489	754	9	14	5
784	754	4	14	3
351	754	11	14	5
605	754	5	14	3
446	754	6	14	3
207	754	7	14	4
416	754	16	14	5
284	754	4	14	3
841	754	1	14	4
532	754	12	14	4
863	754	3	14	3
399	754	19	14	3
40	754	0	14	4
415	754	15	14	4
13	754	13	14	4
410	754	10	14	3
186	754	6	14	2
498	754	18	14	2
788	754	8	14	4
803	754	3	14	2
404	754	4	14	3
390	754	10	14	4
902	754	2	14	3
592	754	12	14	3
423	754	3	14	4
497	774	17	14	4
660	774	0	14	3
417	774	17	14	4
367	774	7	14	4
363	774	3	14	4
774	774	14	14	1
13	774	13	14	1
450	774	10	14	4
617	774	17	14	1
276	774	16	14	2
320	774	0	14	4
393	774	13	14	4
291	774	11	14	3
896	774	16	14	3
551	774	11	14	5
21	774	1	14	2
790	774	10	14	4
368	774	8	14	4
727	774	7	14	3
496	774	16	14	5
399	774	19	14	3
405	774	5	14	1
267	774	7	14	3
59	774	19	14	2
264	774	4	14	2
62	774	2	14	1
391	774	11	14	2
49	774	9	14	2
682	774	2	14	4
118	774	18	14	5
201	774	1	14	1
387	774	7	14	3
477	794	17	14	4
13	794	13	14	4
130	794	10	14	5
385	794	5	14	2
883	794	3	14	4
655	794	15	14	1
880	794	0	14	4
659	794	19	14	3
110	794	10	14	3
436	794	16	14	4
561	794	1	14	2
42	794	2	14	3
429	794	9	14	3
291	794	11	14	4
712	794	12	14	4
690	794	10	14	3
314	794	14	14	4
523	794	3	14	4
450	794	10	14	5
416	794	16	14	5
796	794	16	14	4
270	794	10	14	4
152	794	12	14	5
92	794	12	14	3
295	794	15	14	4
393	794	13	14	4
878	794	18	14	4
919	794	19	14	4
643	794	3	14	3
256	794	16	14	4
943	794	3	14	3
904	794	4	14	4
405	794	5	14	5
18	794	18	14	3
934	794	14	14	4
871	794	11	14	3
56	794	16	14	3
437	794	17	14	4
846	794	6	14	5
311	794	11	14	4
276	794	16	14	2
361	794	1	14	3
864	794	4	14	3
642	794	2	14	4
487	794	7	14	5
399	794	19	14	3
13	814	13	14	5
416	834	16	14	3
933	834	13	14	1
532	834	12	14	4
922	834	2	14	1
442	834	2	14	2
472	834	12	14	3
42	834	2	14	1
255	834	15	14	4
291	834	11	14	3
900	834	0	14	1
682	834	2	14	3
256	834	16	14	3
774	834	14	14	1
181	834	1	14	3
830	834	10	14	1
435	834	15	14	5
92	834	12	14	1
82	834	2	14	1
109	834	9	14	3
21	834	1	14	1
504	834	4	14	2
620	834	0	14	2
13	834	13	14	1
601	834	1	14	1
348	834	8	14	4
592	854	12	14	5
13	854	13	14	1
425	854	5	14	4
248	854	8	14	5
279	854	19	14	1
405	854	5	14	1
387	854	7	14	5
276	854	16	14	4
363	854	3	14	1
833	854	13	14	4
21	854	1	14	5
409	854	9	14	4
617	854	17	14	1
868	854	8	14	4
422	854	2	14	4
366	854	6	14	5
842	874	2	14	5
486	874	6	14	3
13	874	13	14	5
100	874	0	14	1
675	874	15	14	4
176	874	16	14	4
173	874	13	14	4
655	874	15	14	4
452	874	12	14	2
519	874	19	14	5
537	874	17	14	3
470	874	10	14	3
154	874	14	14	3
416	874	16	14	1
489	874	9	14	2
21	874	1	14	2
937	874	17	14	3
628	874	8	14	5
385	874	5	14	3
451	874	11	14	4
372	874	12	14	4
710	874	10	14	3
427	874	7	14	5
204	874	4	14	3
29	874	9	14	4
894	874	14	14	4
266	874	6	14	2
672	874	12	14	4
828	874	8	14	3
448	874	8	14	3
47	874	7	14	3
234	874	14	14	1
721	874	1	14	3
635	874	15	14	3
149	874	9	14	3
181	874	1	14	1
113	874	13	14	5
523	874	3	14	4
327	874	7	14	3
333	894	13	14	3
507	894	7	14	5
245	894	5	14	1
537	894	17	14	1
145	894	5	14	1
621	894	1	14	1
681	894	1	14	1
428	894	8	14	4
73	894	13	14	1
609	894	9	14	1
13	894	13	14	1
166	894	6	14	4
130	894	10	14	4
729	894	9	14	1
397	894	17	14	1
365	894	5	14	1
860	894	0	14	2
782	894	2	14	2
531	894	11	14	1
179	914	19	14	5
116	914	16	14	2
655	914	15	14	3
381	914	1	14	1
683	914	3	14	2
13	914	13	14	2
189	914	9	14	2
421	914	1	14	3
587	914	7	14	4
125	914	5	14	1
532	914	12	14	5
242	934	2	14	5
318	934	18	14	4
189	934	9	14	2
749	934	9	14	3
796	934	16	14	3
227	934	7	14	2
533	934	13	14	3
935	934	15	14	4
200	934	0	14	2
887	934	7	14	4
15	934	15	14	4
769	934	9	14	4
891	934	11	14	3
450	934	10	14	3
92	934	12	14	2
181	934	1	14	3
708	934	8	14	4
256	934	16	14	3
416	934	16	14	2
222	934	2	14	2
921	934	1	14	3
265	934	5	14	3
933	934	13	14	1
20	934	0	14	4
361	934	1	14	3
552	934	12	14	3
393	934	13	14	3
630	934	10	14	3
591	934	11	14	3
93	934	13	14	3
457	934	17	14	3
157	934	17	14	2
939	934	19	14	3
236	934	16	14	4
605	934	5	14	4
642	934	2	14	2
459	934	19	14	3
42	934	2	14	4
164	934	4	14	5
805	934	5	14	1
45	934	5	14	2
762	934	2	14	1
280	934	0	14	2
286	934	6	14	3
601	934	1	14	1
130	934	10	14	4
907	934	7	14	4
523	934	3	14	4
588	934	8	14	4
348	934	8	14	4
684	934	4	14	3
837	934	17	14	2
634	934	14	14	2
381	934	1	14	2
145	934	5	14	1
186	934	6	14	3
504	934	4	14	4
518	934	18	14	3
599	934	19	14	3
332	934	12	14	2
881	934	1	14	3
455	934	15	14	3
374	934	14	14	3
637	934	17	14	1
622	934	2	14	2
314	934	14	14	4
899	934	19	14	3
174	934	14	14	4
385	954	5	14	4
239	954	19	14	5
568	954	8	14	2
299	954	19	14	3
523	954	3	14	5
591	954	11	14	3
405	954	5	14	4
18	954	18	14	3
389	954	9	14	4
90	954	10	14	4
655	954	15	14	2
851	974	11	14	2
436	974	16	14	5
262	974	2	14	3
493	974	13	14	3
145	974	5	14	1
374	974	14	14	4
897	974	17	14	4
872	974	12	14	4
593	974	13	14	2
655	974	15	14	2
130	974	10	14	4
320	974	0	14	3
342	974	2	14	2
796	974	16	14	3
642	974	2	14	3
276	974	16	14	2
223	974	3	14	2
396	974	16	14	4
434	974	14	14	5
21	974	1	14	3
181	974	1	14	4
141	974	1	14	4
666	974	6	14	4
291	974	11	14	1
190	974	10	14	2
345	974	5	14	3
59	974	19	14	3
256	974	16	14	3
332	974	12	14	4
348	974	8	14	4
92	974	12	14	2
862	974	2	14	2
595	994	15	14	4
405	994	5	14	1
486	994	6	14	3
903	994	3	14	3
21	994	1	14	2
445	994	5	14	1
782	994	2	14	2
869	1014	9	14	4
938	1014	18	14	4
647	1014	7	14	3
251	1014	11	14	5
472	1014	12	14	4
286	1014	6	14	5
445	1014	5	14	1
314	1014	14	14	3
782	1014	2	14	2
250	1014	10	14	4
109	1014	9	14	4
790	1014	10	14	2
184	1014	4	14	2
385	1014	5	14	2
593	1014	13	14	1
580	1014	0	14	3
870	1014	10	14	2
592	1014	12	14	4
435	1014	15	14	2
486	1014	6	14	3
543	1014	3	14	4
342	1014	2	14	1
223	1014	3	14	4
345	1014	5	14	3
94	1014	14	14	4
92	1014	12	14	3
292	1014	12	14	3
463	1014	3	14	2
889	1014	9	14	2
152	1014	12	14	2
525	1014	5	14	3
198	1014	18	14	2
141	1014	1	14	3
805	1014	5	14	4
269	1014	9	14	3
429	1014	9	14	3
654	1014	14	14	3
117	1014	17	14	3
927	1014	7	14	3
793	1014	13	14	3
294	1014	14	14	2
521	1014	1	14	3
506	1014	6	14	3
219	1014	19	14	3
560	1014	0	14	4
270	1014	10	14	4
474	1014	14	14	3
582	1014	2	14	4
174	1014	14	14	3
854	1014	14	14	3
540	1014	0	14	4
599	1014	19	14	4
851	1014	11	14	3
26	1014	6	14	3
387	1014	7	14	3
297	1014	17	14	3
936	1014	16	14	3
655	1014	15	14	3
468	1014	8	14	3
726	1014	6	14	1
363	1014	3	14	1
501	1014	1	14	4
334	1014	14	14	2
653	1014	13	14	2
523	1014	3	14	5
552	1014	12	14	4
714	1014	14	14	3
859	1014	19	14	4
38	1014	18	14	5
916	1014	16	14	3
711	1014	11	14	4
416	1014	16	14	3
318	1014	18	14	2
768	1014	8	14	2
500	1014	0	14	2
917	1014	17	14	2
757	1014	17	14	3
159	1014	19	14	4
761	1014	1	14	1
642	1014	2	14	5
303	1014	3	14	3
569	1014	9	14	3
590	1014	10	14	3
886	1014	6	14	5
417	1014	17	14	4
880	1014	0	14	4
548	1014	8	14	4
514	1014	14	14	2
393	1014	13	14	3
262	1014	2	14	5
459	1014	19	14	1
374	1014	14	14	1
392	1014	12	14	3
895	1014	15	14	3
344	1014	4	14	4
919	1014	19	14	4
130	1014	10	14	3
195	1014	15	14	4
921	1034	1	14	3
357	1034	17	14	2
101	1034	1	14	2
472	1034	12	14	3
200	1034	0	14	3
447	1034	7	14	2
825	1034	5	14	4
130	1034	10	14	2
749	1034	9	14	2
507	1034	7	14	5
798	1034	18	14	2
303	1034	3	14	1
255	1034	15	14	1
851	1034	11	14	1
38	1034	18	14	1
217	1034	17	14	3
807	1034	7	14	5
455	1034	15	14	2
279	1034	19	14	4
727	1034	7	14	2
564	1034	4	14	3
534	1034	14	14	3
181	1034	1	14	1
393	1034	13	14	2
119	1034	19	14	3
435	1034	15	14	2
758	1034	18	14	4
577	1054	17	14	3
640	1054	0	14	1
805	1054	5	14	3
222	1054	2	14	1
314	1054	14	14	1
450	1054	10	14	2
262	1054	2	14	2
642	1054	2	14	3
145	1054	5	14	1
907	1054	7	14	3
534	1054	14	14	5
244	1054	4	14	3
555	1054	15	14	3
939	1054	19	14	4
792	1054	12	14	1
268	1054	8	14	1
692	1054	12	14	3
152	1054	12	14	1
336	1054	16	14	1
416	1054	16	14	3
181	1054	1	14	2
43	1054	3	14	3
708	1054	8	14	3
361	1074	1	14	3
476	1074	16	14	4
174	1074	14	14	4
496	1074	16	14	2
904	1074	4	14	4
122	1074	2	14	4
286	1074	6	14	4
151	1074	11	14	2
305	1074	5	14	2
790	1074	10	14	3
308	1074	8	14	3
334	1074	14	14	2
59	1074	19	14	4
846	1074	6	14	3
85	1074	5	14	3
889	1074	9	14	3
345	1074	5	14	3
429	1074	9	14	3
268	1074	8	14	3
399	1074	19	14	4
363	1074	3	14	2
109	1074	9	14	4
89	1074	9	14	5
627	1074	7	14	3
378	1074	18	14	3
588	1074	8	14	5
561	1074	1	14	3
94	1074	14	14	2
712	1074	12	14	3
472	1074	12	14	5
756	1074	16	14	4
336	1074	16	14	5
896	1074	16	14	2
442	1074	2	14	3
514	1074	14	14	4
870	1074	10	14	2
796	1074	16	14	1
916	1074	16	14	3
301	1074	1	14	2
299	1074	19	14	3
711	1074	11	14	3
655	1074	15	14	3
416	1074	16	14	5
524	1074	4	14	2
62	1074	2	14	4
943	1074	3	14	4
56	1074	16	14	3
660	1074	0	14	1
622	1074	2	14	2
541	1074	1	14	1
487	1074	7	14	1
125	1074	5	14	3
222	1074	2	14	3
643	1074	3	14	2
405	1074	5	14	3
758	1074	18	14	1
886	1074	6	14	2
579	1074	19	14	3
193	1074	13	14	3
269	1074	9	14	1
259	1074	19	14	3
393	1074	13	14	3
244	1074	4	14	4
270	1074	10	14	5
806	1074	6	14	3
92	1074	12	14	3
276	1074	16	14	3
49	1074	9	14	2
883	1074	3	14	4
314	1074	14	14	3
804	1074	4	14	1
741	1074	1	14	2
389	1074	9	14	2
264	1074	4	14	4
682	1074	2	14	4
435	1074	15	14	2
87	1074	7	14	3
300	1094	0	14	5
181	1094	1	14	1
374	1094	14	14	4
314	1094	14	14	1
57	1094	17	14	2
851	1094	11	14	1
595	1094	15	14	3
336	1094	16	14	1
198	1094	18	14	1
342	1094	2	14	3
324	1094	4	14	5
486	1094	6	14	2
389	1114	9	14	2
283	1114	3	14	5
518	1114	18	14	2
59	1114	19	14	5
181	1114	1	14	1
256	1114	16	14	4
733	1114	13	14	3
280	1114	0	14	4
624	1114	4	14	4
919	1114	19	14	3
468	1134	8	14	5
919	1134	19	14	2
595	1134	15	14	5
560	1134	0	14	3
854	1134	14	14	3
880	1134	0	14	5
172	1134	12	14	2
747	1134	7	14	5
470	1134	10	14	4
221	1134	1	14	4
374	1134	14	14	4
294	1134	14	14	3
744	1134	4	14	3
474	1134	14	14	3
360	1134	0	14	3
181	1134	1	14	2
69	1134	9	14	5
870	1134	10	14	4
627	1134	7	14	1
82	1134	2	14	2
456	1134	16	14	4
655	1134	15	14	3
889	1134	9	14	4
378	1134	18	14	4
869	1134	9	14	1
387	1134	7	14	1
486	1134	6	14	3
62	1134	2	14	2
160	1134	0	14	4
537	1134	17	14	3
423	1134	3	14	4
896	1134	16	14	3
614	1134	14	14	2
90	1134	10	14	3
116	1134	16	14	4
437	1134	17	14	4
235	1134	15	14	4
592	1134	12	14	5
867	1154	7	14	5
269	1154	9	14	3
666	1154	6	14	3
537	1154	17	14	1
308	1154	8	14	2
132	1154	12	14	3
76	1154	16	14	5
524	1154	4	14	1
833	1154	13	14	4
189	1154	9	14	3
96	1154	16	14	5
385	1154	5	14	5
85	1174	5	14	3
543	1174	3	14	3
201	1174	1	14	5
707	1174	7	14	5
455	1174	15	14	3
181	1174	1	14	1
533	1174	13	14	3
655	1174	15	14	3
90	1194	10	14	4
331	1194	11	14	3
409	1194	9	14	5
276	1194	16	14	3
374	1194	14	14	4
449	1194	9	14	4
121	1194	1	14	4
894	1194	14	14	5
641	1194	1	14	3
639	1194	19	14	5
889	1194	9	14	4
440	1194	0	14	5
747	1194	7	14	5
543	1194	3	14	4
204	1194	4	14	4
503	1194	3	14	5
233	1194	13	14	5
627	1194	7	14	4
655	1194	15	14	5
405	1194	5	14	1
553	1194	13	14	5
916	1194	16	14	4
354	1194	14	14	4
92	1194	12	14	4
343	1194	3	14	4
201	1194	1	14	4
406	1194	6	14	4
537	1194	17	14	3
286	1194	6	14	4
896	1194	16	14	3
321	1194	1	14	5
896	1214	16	14	2
116	1214	16	14	3
884	1214	4	14	1
655	1214	15	14	2
299	1214	19	14	2
363	1214	3	14	1
833	1214	13	14	4
92	1214	12	14	2
840	1214	0	14	1
676	1234	16	14	1
688	1234	8	14	5
179	1234	19	14	1
223	1234	3	14	3
863	1234	3	14	3
845	1234	5	14	4
100	1234	0	14	1
724	1234	4	14	1
159	1254	19	14	1
782	1254	2	14	3
116	1254	16	14	2
174	1254	14	14	1
294	1254	14	14	3
528	1254	8	14	3
938	1254	18	14	1
851	1254	11	14	1
897	1254	17	14	2
825	1254	5	14	1
797	1254	17	14	2
749	1274	9	14	2
833	1274	13	14	1
405	1274	5	14	1
279	1274	19	14	3
276	1274	16	14	1
807	1274	7	14	3
756	1274	16	14	2
774	1274	14	14	1
600	1274	0	14	2
399	1274	19	14	1
130	1274	10	14	2
752	1294	12	14	3
863	1294	3	14	4
448	1294	8	14	1
356	1294	16	14	4
561	1294	1	14	1
146	1294	6	14	4
841	1294	1	14	5
487	1314	7	14	1
276	1314	16	14	3
178	1314	18	14	3
268	1314	8	14	2
551	1314	11	14	2
425	1314	5	14	3
619	1314	19	14	3
399	1314	19	14	3
393	1314	13	14	3
851	1314	11	14	1
221	1314	1	14	3
405	1334	5	14	1
181	1334	1	14	1
199	1354	19	14	1
181	1354	1	14	1
637	1374	17	14	1
181	1374	1	14	1
782	1394	2	14	4
845	1394	5	14	4
405	1394	5	14	1
451	1394	11	14	1
181	1394	1	14	1
681	1394	1	14	5
206	1394	6	14	1
195	1414	15	14	2
787	1434	7	14	1
713	1434	13	14	3
519	1434	19	14	5
863	1434	3	14	2
724	1434	4	14	1
405	1434	5	14	1
425	1434	5	14	4
871	1434	11	14	3
845	1434	5	14	4
206	1434	6	14	1
704	1454	4	14	3
454	1454	14	14	2
932	1454	12	14	4
524	1454	4	14	3
892	1454	12	14	3
234	1454	14	14	3
650	1474	10	14	3
405	1474	5	14	1
844	1474	4	14	4
666	1474	6	14	3
535	1474	15	14	4
264	1474	4	14	2
279	1494	19	14	1
486	1514	6	14	4
782	1514	2	14	2
592	1514	12	14	5
919	1514	19	14	2
655	1514	15	14	2
306	1514	6	14	4
806	1514	6	14	3
452	1534	12	14	1
782	1534	2	14	2
382	1534	2	14	4
501	1534	1	14	4
445	1534	5	14	1
597	1534	17	14	1
655	1554	15	14	2
405	1554	5	14	4
405	1574	5	14	1
532	1594	12	14	4
416	1594	16	14	5
496	1614	16	14	3
655	1634	15	14	2
676	1654	16	14	1
840	1674	0	14	4
