293	17	13	17	2
747	17	7	17	4
286	17	6	17	4
347	17	7	17	4
270	17	10	17	2
276	17	16	17	4
279	17	19	17	4
814	17	14	17	3
367	17	7	17	5
455	17	15	17	3
299	17	19	17	1
303	17	3	17	4
352	17	12	17	2
1	17	1	17	3
301	17	1	17	4
222	17	2	17	2
709	17	9	17	4
823	17	3	17	4
521	17	1	17	1
393	17	13	17	1
870	17	10	17	4
886	17	6	17	4
916	17	16	17	4
118	17	18	17	3
648	17	8	17	2
487	17	7	17	3
619	17	19	17	1
109	17	9	17	4
346	17	6	17	1
267	17	7	17	4
851	17	11	17	5
201	17	1	17	3
435	17	15	17	2
217	17	17	17	3
806	17	6	17	4
49	17	9	17	2
871	17	11	17	3
551	17	11	17	5
5	17	5	17	4
548	17	8	17	3
682	17	2	17	3
315	17	15	17	1
366	17	6	17	5
297	17	17	17	3
291	17	11	17	4
617	17	17	17	1
561	17	1	17	2
627	17	7	17	2
795	17	15	17	2
805	17	5	17	4
94	17	14	17	2
741	17	1	17	2
889	17	9	17	4
320	17	0	17	5
90	17	10	17	4
442	17	2	17	4
417	17	17	17	4
453	17	13	17	4
478	17	18	17	2
586	17	6	17	5
43	17	3	17	3
496	17	16	17	3
374	17	14	17	2
145	17	5	17	3
22	17	2	17	4
447	17	7	17	3
790	17	10	17	2
757	17	17	17	3
363	17	3	17	4
268	17	8	17	3
244	17	4	17	2
632	17	12	17	3
246	17	6	17	2
546	17	6	17	4
545	17	5	17	3
221	17	1	17	4
368	17	8	17	5
466	17	6	17	5
21	17	1	17	4
880	17	0	17	3
671	17	11	17	4
416	17	16	17	2
13	17	13	17	1
727	17	7	17	1
130	17	10	17	5
621	17	1	17	4
715	17	15	17	3
660	17	0	17	1
308	17	8	17	4
64	17	4	17	3
269	17	9	17	2
425	17	5	17	4
13	37	13	17	1
405	37	5	17	1
773	37	13	17	3
268	37	8	17	3
363	37	3	17	2
385	37	5	17	4
1	37	1	17	2
201	37	1	17	2
878	57	18	17	4
11	57	11	17	2
201	57	1	17	4
458	57	18	17	1
440	57	0	17	5
919	57	19	17	5
297	57	17	17	5
456	57	16	17	4
276	57	16	17	3
399	57	19	17	4
406	57	6	17	4
405	57	5	17	1
455	57	15	17	4
122	57	2	17	2
90	57	10	17	5
913	57	13	17	4
85	57	5	17	5
655	57	15	17	3
639	57	19	17	3
236	57	16	17	5
233	57	13	17	5
286	57	6	17	5
846	57	6	17	2
121	57	1	17	5
664	57	4	17	4
184	57	4	17	5
370	57	10	17	5
354	57	14	17	5
894	57	14	17	4
457	57	17	17	4
707	57	7	17	4
343	57	3	17	5
49	57	9	17	4
312	57	12	17	5
828	57	8	17	3
815	57	15	17	5
1	57	1	17	5
342	57	2	17	3
18	57	18	17	4
257	57	17	17	5
881	77	1	17	2
655	77	15	17	3
896	77	16	17	4
276	77	16	17	3
521	77	1	17	3
94	77	14	17	3
823	77	3	17	4
618	77	18	17	3
42	77	2	17	5
7	77	7	17	5
758	77	18	17	3
495	77	15	17	4
244	77	4	17	4
109	77	9	17	4
796	77	16	17	5
224	77	4	17	4
393	77	13	17	3
184	77	4	17	3
551	77	11	17	3
389	77	9	17	2
110	77	10	17	4
130	77	10	17	5
222	77	2	17	4
72	77	12	17	4
271	77	11	17	4
106	77	6	17	4
183	77	3	17	3
262	77	2	17	2
593	77	13	17	4
194	77	14	17	3
318	77	18	17	3
186	77	6	17	5
545	77	5	17	3
293	77	13	17	2
178	77	18	17	4
301	77	1	17	3
505	77	5	17	3
246	77	6	17	2
442	77	2	17	3
533	77	13	17	4
43	77	3	17	3
870	77	10	17	3
693	77	13	17	2
711	77	11	17	3
286	77	6	17	3
234	77	14	17	3
577	77	17	17	3
56	77	16	17	3
371	77	11	17	5
633	77	13	17	3
59	77	19	17	4
766	77	6	17	2
405	77	5	17	1
450	77	10	17	4
721	77	1	17	5
267	77	7	17	3
347	77	7	17	5
647	77	7	17	4
864	77	4	17	4
299	77	19	17	3
76	77	16	17	2
269	77	9	17	1
346	77	6	17	4
532	77	12	17	5
627	77	7	17	2
528	77	8	17	3
334	77	14	17	3
1	77	1	17	4
682	77	2	17	3
49	77	9	17	1
399	77	19	17	2
83	77	3	17	4
815	77	15	17	4
741	77	1	17	3
243	77	3	17	3
497	77	17	17	3
60	77	0	17	4
496	77	16	17	2
719	77	19	17	3
429	77	9	17	3
889	77	9	17	3
374	77	14	17	5
749	77	9	17	3
363	77	3	17	2
345	77	5	17	3
416	77	16	17	4
313	77	13	17	3
457	77	17	17	4
643	77	3	17	3
201	77	1	17	2
764	77	4	17	4
394	77	14	17	3
847	77	7	17	4
156	77	16	17	2
328	77	8	17	4
308	77	8	17	3
922	77	2	17	4
454	77	14	17	4
690	77	10	17	3
506	77	6	17	3
437	77	17	17	4
932	77	12	17	2
659	77	19	17	4
893	77	13	17	4
664	77	4	17	3
330	77	10	17	4
381	77	1	17	2
474	77	14	17	5
268	77	8	17	2
311	77	11	17	5
64	77	4	17	3
145	77	5	17	3
566	77	6	17	4
95	77	15	17	4
280	77	0	17	3
650	77	10	17	3
653	77	13	17	3
478	77	18	17	1
417	77	17	17	3
115	77	15	17	2
524	77	4	17	3
452	77	12	17	3
561	77	1	17	1
135	77	15	17	4
320	77	0	17	3
188	77	8	17	4
586	77	6	17	3
343	77	3	17	3
554	77	14	17	4
92	77	12	17	3
215	77	15	17	3
504	77	4	17	4
128	77	8	17	3
65	77	5	17	5
843	77	3	17	2
897	77	17	17	4
498	77	18	17	2
375	77	15	17	4
256	77	16	17	3
303	77	3	17	4
453	77	13	17	3
500	77	0	17	3
372	77	12	17	5
774	77	14	17	1
270	77	10	17	2
487	77	7	17	3
916	77	16	17	3
291	77	11	17	4
332	77	12	17	4
455	77	15	17	4
378	77	18	17	4
669	97	9	17	4
347	97	7	17	4
719	97	19	17	3
198	97	18	17	3
163	97	3	17	4
42	97	2	17	3
72	97	12	17	4
83	97	3	17	4
298	97	18	17	4
387	97	7	17	2
12	97	12	17	5
416	97	16	17	5
43	97	3	17	5
90	97	10	17	5
661	97	1	17	4
907	97	7	17	5
393	97	13	17	4
152	97	12	17	5
835	97	15	17	5
178	97	18	17	5
456	97	16	17	4
378	97	18	17	5
815	97	15	17	5
24	97	4	17	4
679	97	19	17	3
453	97	13	17	3
721	97	1	17	4
44	97	4	17	2
897	97	17	17	5
795	97	15	17	2
496	97	16	17	1
650	97	10	17	3
64	97	4	17	3
398	97	18	17	4
316	97	16	17	5
187	97	7	17	3
781	97	1	17	4
659	97	19	17	5
536	97	16	17	3
561	97	1	17	3
458	97	18	17	1
821	97	1	17	5
263	97	3	17	4
715	97	15	17	3
213	97	13	17	5
87	97	7	17	5
880	97	0	17	4
716	97	16	17	4
210	97	10	17	5
881	97	1	17	3
538	97	18	17	5
7	97	7	17	5
407	97	7	17	4
756	97	16	17	3
846	97	6	17	4
655	97	15	17	3
840	97	0	17	3
618	97	18	17	5
780	97	0	17	5
763	97	3	17	3
184	97	4	17	2
639	97	19	17	1
312	97	12	17	5
934	97	14	17	4
615	97	15	17	4
921	97	1	17	2
224	97	4	17	5
230	97	10	17	5
259	97	19	17	4
13	97	13	17	4
796	97	16	17	3
660	97	0	17	3
738	97	18	17	4
535	97	15	17	4
77	97	17	17	2
244	97	4	17	2
38	97	18	17	5
521	97	1	17	3
97	97	17	17	5
786	97	6	17	4
299	97	19	17	4
896	97	16	17	4
332	97	12	17	5
276	97	16	17	3
798	97	18	17	1
391	97	11	17	4
455	97	15	17	5
109	97	9	17	3
344	97	4	17	3
774	97	14	17	2
916	97	16	17	4
270	97	10	17	4
878	97	18	17	3
686	97	6	17	2
487	97	7	17	5
62	97	2	17	2
734	97	14	17	4
18	97	18	17	4
395	97	15	17	5
500	97	0	17	4
303	97	3	17	5
256	97	16	17	4
694	97	14	17	5
484	97	4	17	5
290	97	10	17	3
666	97	6	17	4
41	97	1	17	3
823	97	3	17	5
654	97	14	17	3
295	97	15	17	5
499	97	19	17	4
380	97	0	17	3
373	97	13	17	3
297	97	17	17	5
504	97	4	17	4
65	97	5	17	5
606	97	6	17	5
85	97	5	17	2
128	97	8	17	3
236	97	16	17	5
933	97	13	17	2
125	97	5	17	3
188	97	8	17	5
320	97	0	17	5
709	97	9	17	5
479	97	19	17	3
208	97	8	17	4
189	97	9	17	4
524	97	4	17	5
95	97	15	17	4
514	97	14	17	5
330	97	10	17	5
401	97	1	17	4
268	97	8	17	4
452	97	12	17	4
343	97	3	17	4
566	97	6	17	3
216	97	16	17	4
474	97	14	17	5
417	97	17	17	4
145	97	5	17	5
288	97	8	17	4
506	97	6	17	4
843	97	3	17	3
311	97	11	17	4
664	97	4	17	3
942	97	2	17	5
790	97	10	17	2
308	97	8	17	1
381	97	1	17	4
305	97	5	17	4
437	97	17	17	3
454	97	14	17	4
328	97	8	17	3
472	97	12	17	3
313	97	13	17	4
912	97	12	17	4
862	97	2	17	4
394	97	14	17	4
492	97	12	17	3
457	97	17	17	5
512	97	12	17	5
361	97	1	17	4
363	97	3	17	2
497	97	17	17	4
374	97	14	17	5
60	97	0	17	3
804	97	4	17	4
532	97	12	17	5
399	97	19	17	4
468	97	8	17	5
406	97	6	17	5
890	97	10	17	4
354	97	14	17	3
488	97	8	17	4
844	97	4	17	3
627	97	7	17	2
429	97	9	17	4
830	97	10	17	4
871	97	11	17	3
537	97	17	17	2
346	97	6	17	4
682	97	2	17	4
892	97	12	17	5
850	97	10	17	5
864	97	4	17	4
301	97	1	17	4
588	97	8	17	2
642	97	2	17	4
326	97	6	17	4
904	97	4	17	4
56	97	16	17	3
379	97	19	17	3
608	97	8	17	3
405	97	5	17	2
11	97	11	17	4
771	97	11	17	1
254	97	14	17	5
371	97	11	17	5
592	97	12	17	4
59	97	19	17	5
234	97	14	17	2
707	97	7	17	4
577	97	17	17	5
425	97	5	17	2
293	97	13	17	4
731	97	11	17	5
409	97	9	17	5
542	97	2	17	4
91	97	11	17	5
668	97	8	17	2
1	97	1	17	3
693	97	13	17	5
711	97	11	17	4
465	97	5	17	2
286	97	6	17	4
748	97	8	17	4
505	97	5	17	4
339	97	19	17	4
788	97	8	17	3
246	97	6	17	3
226	97	6	17	3
151	97	11	17	5
545	97	5	17	3
82	97	2	17	4
194	97	14	17	3
653	97	13	17	3
848	97	8	17	5
551	97	11	17	5
106	97	6	17	5
625	97	5	17	4
271	97	11	17	5
503	97	3	17	4
757	97	17	17	4
253	97	13	17	4
632	97	12	17	4
889	97	9	17	3
450	97	10	17	4
533	97	13	17	2
885	97	5	17	5
665	97	5	17	2
291	97	11	17	4
222	97	2	17	4
94	97	14	17	4
233	97	13	17	5
705	97	5	17	3
943	97	3	17	2
610	97	10	17	3
523	97	3	17	4
747	97	7	17	5
633	97	13	17	3
593	97	13	17	4
712	97	12	17	5
543	97	3	17	3
201	97	1	17	2
739	97	19	17	5
505	117	5	17	4
733	117	13	17	2
387	117	7	17	3
577	117	17	17	4
582	117	2	17	3
301	117	1	17	5
693	117	13	17	4
751	117	11	17	4
43	117	3	17	4
661	117	1	17	4
919	117	19	17	4
90	117	10	17	3
895	117	15	17	3
181	117	1	17	2
359	117	19	17	4
213	117	13	17	4
689	117	9	17	4
533	117	13	17	5
442	117	2	17	3
286	117	6	17	2
336	117	16	17	3
774	117	14	17	2
234	117	14	17	2
703	117	3	17	4
592	117	12	17	5
749	117	9	17	4
648	117	8	17	2
246	117	6	17	3
728	117	8	17	4
935	117	15	17	4
445	117	5	17	1
708	117	8	17	4
897	117	17	17	3
203	117	3	17	4
279	117	19	17	5
726	117	6	17	1
500	117	0	17	4
569	117	9	17	3
916	117	16	17	2
655	117	15	17	2
754	117	14	17	4
706	117	6	17	4
518	117	18	17	5
303	117	3	17	3
777	117	17	17	5
217	117	17	17	4
103	117	3	17	4
83	117	3	17	5
854	117	14	17	3
727	117	7	17	3
435	117	15	17	3
786	117	6	17	4
13	117	13	17	3
162	117	2	17	4
936	117	16	17	4
373	117	13	17	4
138	117	18	17	4
758	117	18	17	4
714	117	14	17	5
101	117	1	17	4
119	117	19	17	5
653	117	13	17	4
144	117	4	17	4
806	117	6	17	2
124	117	4	17	3
938	117	18	17	3
543	117	3	17	3
256	117	16	17	5
867	117	7	17	3
441	117	1	17	4
493	117	13	17	5
674	117	14	17	5
487	117	7	17	5
277	117	17	17	4
460	117	0	17	3
137	117	17	17	5
630	117	10	17	5
253	117	13	17	5
484	117	4	17	4
412	117	12	17	4
499	117	19	17	3
770	117	10	17	5
28	117	8	17	4
923	117	3	17	4
886	117	6	17	2
759	117	19	17	5
654	117	14	17	4
117	117	17	17	5
709	117	9	17	4
421	117	1	17	5
68	117	8	17	4
292	117	12	17	4
67	117	7	17	5
507	117	7	17	3
141	117	1	17	4
896	117	16	17	2
834	117	14	17	4
901	117	1	17	4
621	117	1	17	5
275	117	15	17	3
885	117	5	17	4
157	117	17	17	5
447	117	7	17	4
323	117	3	17	3
255	117	15	17	2
634	117	14	17	4
297	117	17	17	4
479	117	19	17	3
432	117	12	17	4
894	117	14	17	3
401	117	1	17	3
593	117	13	17	4
504	117	4	17	4
128	117	8	17	5
756	117	16	17	4
614	117	14	17	3
57	117	17	17	4
606	117	6	17	4
357	117	17	17	5
99	117	19	17	5
665	117	5	17	4
66	117	6	17	3
660	117	0	17	3
643	117	3	17	3
790	117	10	17	5
259	117	19	17	4
933	117	13	17	2
555	117	15	17	4
290	117	10	17	3
109	117	9	17	5
168	117	8	17	5
104	117	4	17	2
738	117	18	17	3
236	117	16	17	3
329	117	9	17	3
164	117	4	17	5
230	117	10	17	5
84	117	4	17	4
554	117	14	17	4
37	117	17	17	4
880	117	0	17	4
397	117	17	17	3
586	117	6	17	4
534	117	14	17	5
524	117	4	17	3
92	117	12	17	4
650	117	10	17	4
69	117	9	17	4
817	117	17	17	5
825	117	5	17	5
121	117	1	17	1
276	117	16	17	4
222	117	2	17	5
320	117	0	17	4
115	117	15	17	4
676	117	16	17	4
125	117	5	17	3
521	117	1	17	4
89	117	9	17	5
343	117	3	17	2
449	117	9	17	3
905	117	5	17	3
26	117	6	17	3
248	117	8	17	5
268	117	8	17	4
330	117	10	17	5
17	117	17	17	3
619	117	19	17	5
941	117	1	17	5
564	117	4	17	4
72	117	12	17	4
417	117	17	17	4
280	117	0	17	5
566	117	6	17	4
913	117	13	17	1
906	117	6	17	4
145	117	5	17	5
796	117	16	17	5
618	117	18	17	5
95	117	15	17	4
678	117	18	17	4
680	117	0	17	4
821	117	1	17	3
474	117	14	17	4
624	117	4	17	3
407	117	7	17	3
75	117	15	17	4
635	117	15	17	2
311	117	11	17	4
393	117	13	17	4
658	117	18	17	4
55	117	15	17	3
459	117	19	17	5
644	117	4	17	4
893	117	13	17	4
54	117	14	17	5
184	117	4	17	2
847	117	7	17	2
453	117	13	17	4
411	117	11	17	2
715	117	15	17	3
865	117	5	17	2
638	117	18	17	4
263	117	3	17	3
265	117	5	17	5
910	117	10	17	4
176	117	16	17	4
942	117	2	17	4
200	117	0	17	5
705	117	5	17	5
551	117	11	17	5
437	117	17	17	1
296	117	16	17	3
684	117	4	17	4
472	117	12	17	3
757	117	17	17	4
159	117	19	17	5
308	117	8	17	3
778	117	18	17	3
174	117	14	17	5
190	117	10	17	4
454	117	14	17	3
305	117	5	17	2
22	117	2	17	4
486	117	6	17	3
458	117	18	17	4
327	117	7	17	3
536	117	16	17	4
396	117	16	17	4
328	117	8	17	4
882	117	2	17	4
868	117	8	17	2
457	117	17	17	4
198	117	18	17	1
160	117	0	17	4
839	117	19	17	5
291	117	11	17	5
429	117	9	17	4
52	117	12	17	4
892	117	12	17	4
136	117	16	17	4
394	117	14	17	5
158	117	18	17	3
805	117	5	17	3
6	117	6	17	2
120	117	0	17	3
398	117	18	17	4
130	117	10	17	5
879	117	19	17	4
466	117	6	17	5
907	117	7	17	5
862	117	2	17	5
735	117	15	17	3
513	117	13	17	5
764	117	4	17	5
345	117	5	17	4
348	117	8	17	4
900	117	0	17	2
840	117	0	17	3
605	117	5	17	2
761	117	1	17	5
289	117	9	17	4
930	117	10	17	3
881	117	1	17	5
221	117	1	17	4
233	117	13	17	3
730	117	10	17	3
612	117	12	17	4
899	117	19	17	4
388	117	8	17	5
363	117	3	17	5
538	117	18	17	3
374	117	14	17	5
716	117	16	17	4
271	117	11	17	3
186	117	6	17	5
207	117	7	17	3
501	117	1	17	4
717	117	17	17	4
232	117	12	17	3
795	117	15	17	4
199	117	19	17	3
468	117	8	17	2
815	117	15	17	3
455	117	15	17	3
561	117	1	17	3
32	117	12	17	3
742	117	2	17	2
943	117	3	17	4
249	117	9	17	4
430	117	10	17	3
722	117	2	17	4
313	117	13	17	4
663	117	3	17	4
889	117	9	17	4
416	117	16	17	5
49	117	9	17	1
406	117	6	17	4
467	117	7	17	2
251	117	11	17	4
378	117	18	17	3
223	117	3	17	5
194	117	14	17	3
517	117	17	17	4
844	117	4	17	4
399	117	19	17	2
193	117	13	17	4
793	117	13	17	4
891	117	11	17	3
1	117	1	17	3
386	117	6	17	5
545	117	5	17	4
682	117	2	17	4
532	117	12	17	5
872	117	12	17	4
347	117	7	17	5
250	117	10	17	3
629	117	9	17	5
548	117	8	17	4
211	117	11	17	4
746	117	6	17	4
334	117	14	17	3
699	117	19	17	4
788	117	8	17	4
627	117	7	17	3
669	117	9	17	1
227	117	7	17	2
344	117	4	17	3
201	117	1	17	2
24	117	4	17	4
649	117	9	17	5
402	117	2	17	3
537	117	17	17	2
647	117	7	17	3
346	117	6	17	4
152	117	12	17	4
864	117	4	17	4
102	117	2	17	3
261	117	1	17	4
314	117	14	17	4
540	117	0	17	4
244	117	4	17	2
371	117	11	17	3
904	117	4	17	4
852	117	12	17	4
293	117	13	17	3
642	117	2	17	4
924	117	4	17	2
831	117	11	17	3
588	117	8	17	4
490	117	10	17	1
214	117	14	17	4
62	117	2	17	4
677	117	17	17	4
294	117	14	17	4
610	117	10	17	4
450	117	10	17	4
552	117	12	17	3
807	117	7	17	4
633	117	13	17	3
403	117	3	17	4
274	117	14	17	4
339	117	19	17	3
671	117	11	17	3
657	117	17	17	4
637	117	17	17	2
768	117	8	17	4
422	117	2	17	2
332	117	12	17	4
287	117	7	17	5
747	117	7	17	2
425	117	5	17	3
178	117	18	17	4
622	117	2	17	4
463	117	3	17	3
56	117	16	17	5
602	117	2	17	5
779	117	19	17	4
234	137	14	17	3
707	137	7	17	5
711	137	11	17	5
468	137	8	17	4
136	137	16	17	5
201	137	1	17	4
639	137	19	17	3
416	137	16	17	3
664	137	4	17	3
167	137	7	17	5
758	137	18	17	5
296	137	16	17	4
668	137	8	17	3
723	137	3	17	3
343	137	3	17	4
131	137	11	17	1
370	137	10	17	4
379	137	19	17	5
269	137	9	17	4
894	137	14	17	5
360	137	0	17	5
581	137	1	17	5
347	137	7	17	2
420	137	0	17	4
680	137	0	17	4
227	137	7	17	5
458	137	18	17	5
592	137	12	17	5
58	137	18	17	5
654	137	14	17	4
473	137	13	17	4
74	137	14	17	3
825	137	5	17	2
334	137	14	17	2
474	137	14	17	5
207	137	7	17	3
76	137	16	17	5
470	137	10	17	3
156	137	16	17	4
138	137	18	17	5
874	137	14	17	4
184	137	4	17	5
936	137	16	17	4
486	137	6	17	4
297	137	17	17	5
295	137	15	17	4
154	137	14	17	3
430	137	10	17	3
558	137	18	17	4
151	137	11	17	5
422	137	2	17	5
160	137	0	17	4
864	137	4	17	4
789	137	9	17	2
560	137	0	17	4
17	137	17	17	4
919	137	19	17	2
624	137	4	17	4
719	137	19	17	1
479	137	19	17	4
629	137	9	17	5
460	137	0	17	5
498	137	18	17	3
910	137	10	17	3
763	137	3	17	4
116	137	16	17	2
463	137	3	17	2
95	137	15	17	3
277	137	17	17	3
805	137	5	17	5
144	137	4	17	4
667	137	7	17	3
940	137	0	17	3
315	137	15	17	5
79	137	19	17	4
63	137	3	17	4
840	137	0	17	5
303	137	3	17	4
89	137	9	17	1
59	137	19	17	5
733	137	13	17	5
228	137	8	17	1
157	137	17	17	5
655	137	15	17	4
514	137	14	17	3
931	137	11	17	3
590	137	10	17	5
457	137	17	17	5
181	137	1	17	2
383	137	3	17	5
607	137	7	17	4
243	137	3	17	3
187	137	7	17	5
737	137	17	17	5
18	137	18	17	5
433	137	13	17	5
576	137	16	17	3
115	137	15	17	5
382	137	2	17	2
748	137	8	17	3
666	137	6	17	4
883	137	3	17	5
189	137	9	17	4
75	137	15	17	4
880	137	0	17	4
478	137	18	17	4
363	137	3	17	5
402	137	2	17	4
257	137	17	17	4
119	137	19	17	5
889	137	9	17	4
930	137	10	17	2
13	137	13	17	5
900	137	0	17	3
492	137	12	17	4
264	137	4	17	3
365	137	5	17	3
566	137	6	17	5
325	137	5	17	5
239	137	19	17	5
10	137	10	17	4
132	137	12	17	4
537	137	17	17	4
354	137	14	17	3
605	137	5	17	5
503	137	3	17	5
374	137	14	17	2
345	137	5	17	4
765	137	5	17	5
249	137	9	17	4
658	137	18	17	3
299	137	19	17	4
937	137	17	17	3
538	137	18	17	3
699	137	19	17	4
312	137	12	17	3
785	137	5	17	2
506	137	6	17	2
794	137	14	17	5
279	137	19	17	4
771	137	11	17	4
286	137	6	17	4
90	137	10	17	5
535	137	15	17	4
916	137	16	17	5
634	137	14	17	3
121	137	1	17	5
271	137	11	17	4
318	137	18	17	4
43	137	3	17	4
429	137	9	17	5
214	137	14	17	4
449	137	9	17	5
15	137	15	17	4
1	137	1	17	5
344	137	4	17	5
437	137	17	17	5
888	137	8	17	4
198	137	18	17	4
158	137	18	17	5
905	137	5	17	3
401	137	1	17	3
342	137	2	17	2
293	137	13	17	3
878	137	18	17	3
490	137	10	17	3
329	137	9	17	5
108	137	8	17	5
918	137	18	17	5
6	137	6	17	5
650	137	10	17	3
746	157	6	17	4
301	157	1	17	2
806	157	6	17	3
903	157	3	17	4
573	157	13	17	4
447	157	7	17	4
749	157	9	17	3
851	157	11	17	4
215	157	15	17	4
727	157	7	17	3
276	157	16	17	5
716	157	16	17	3
201	157	1	17	4
243	157	3	17	5
234	157	14	17	2
864	157	4	17	4
425	157	5	17	2
222	157	2	17	4
379	157	19	17	4
213	157	13	17	4
763	157	3	17	4
659	157	19	17	4
269	157	9	17	3
778	157	18	17	3
322	157	2	17	5
933	157	13	17	4
18	157	18	17	3
804	157	4	17	4
886	157	6	17	4
823	157	3	17	5
711	157	11	17	3
435	157	15	17	4
543	157	3	17	3
62	157	2	17	3
417	157	17	17	4
606	157	6	17	4
12	157	12	17	5
495	157	15	17	5
188	157	8	17	3
479	157	19	17	5
399	157	19	17	3
592	157	12	17	5
916	157	16	17	4
843	157	3	17	2
603	157	3	17	1
436	157	16	17	5
313	157	13	17	3
189	157	9	17	4
777	157	17	17	3
288	157	8	17	4
416	157	16	17	4
429	157	9	17	4
715	157	15	17	4
932	157	12	17	4
840	157	0	17	4
934	157	14	17	2
450	157	10	17	3
835	157	15	17	4
468	157	8	17	4
406	157	6	17	3
297	157	17	17	2
665	157	5	17	3
401	157	1	17	3
788	157	8	17	5
407	157	7	17	2
847	157	7	17	1
64	157	4	17	4
339	157	19	17	4
664	157	4	17	3
721	157	1	17	3
892	157	12	17	5
790	157	10	17	2
343	157	3	17	4
593	157	13	17	3
152	157	12	17	5
308	157	8	17	5
360	157	0	17	4
312	157	12	17	1
650	157	10	17	3
13	157	13	17	3
244	157	4	17	4
693	157	13	17	4
608	157	8	17	1
44	157	4	17	4
318	157	18	17	5
653	157	13	17	5
566	157	6	17	5
627	157	7	17	4
655	157	15	17	3
124	157	4	17	2
280	157	0	17	3
87	157	7	17	3
682	157	2	17	4
899	157	19	17	4
224	157	4	17	4
178	157	18	17	5
295	157	15	17	5
114	157	14	17	2
346	157	6	17	3
267	157	7	17	5
347	157	7	17	5
551	157	11	17	4
833	157	13	17	2
7	157	7	17	5
160	157	0	17	5
601	157	1	17	3
499	157	19	17	3
156	157	16	17	4
896	157	16	17	4
757	157	17	17	3
453	157	13	17	4
514	157	14	17	4
328	157	8	17	5
92	157	12	17	4
622	157	2	17	4
109	157	9	17	4
890	157	10	17	4
378	157	18	17	3
94	157	14	17	5
457	157	17	17	5
694	157	14	17	4
1	157	1	17	4
194	157	14	17	4
293	157	13	17	5
10	157	10	17	5
85	157	5	17	3
561	157	1	17	4
886	177	6	17	4
514	177	14	17	3
115	177	15	17	5
776	177	16	17	4
712	177	12	17	2
158	177	18	17	4
95	177	15	17	3
186	177	6	17	4
87	177	7	17	5
263	177	3	17	4
786	177	6	17	4
543	177	3	17	4
407	177	7	17	4
934	177	14	17	3
566	177	6	17	4
889	177	9	17	4
698	177	18	17	1
881	177	1	17	4
371	177	11	17	4
830	177	10	17	4
94	177	14	17	5
271	177	11	17	3
567	177	7	17	4
343	177	3	17	4
288	177	8	17	3
312	177	12	17	3
330	177	10	17	4
745	177	5	17	3
233	177	13	17	4
932	177	12	17	4
645	177	5	17	4
871	177	11	17	5
545	177	5	17	3
308	177	8	17	5
665	177	5	17	3
313	177	13	17	4
767	177	7	17	5
200	177	0	17	4
506	177	6	17	5
551	177	11	17	5
346	177	6	17	4
505	177	5	17	3
293	177	13	17	4
382	177	2	17	4
183	177	3	17	5
391	177	11	17	4
870	177	10	17	4
326	177	6	17	3
892	177	12	17	4
897	177	17	17	5
903	177	3	17	4
882	177	2	17	5
59	177	19	17	4
643	177	3	17	4
328	177	8	17	3
456	177	16	17	4
450	177	10	17	4
13	177	13	17	5
325	177	5	17	5
833	177	13	17	5
659	177	19	17	5
653	177	13	17	3
693	177	13	17	3
727	177	7	17	4
532	177	12	17	4
472	177	12	17	4
774	177	14	17	4
172	177	12	17	4
311	177	11	17	5
788	177	8	17	3
442	177	2	17	4
425	177	5	17	3
71	177	11	17	2
862	177	2	17	4
193	177	13	17	4
405	177	5	17	1
23	177	3	17	4
267	177	7	17	5
648	177	8	17	5
916	177	16	17	3
758	177	18	17	5
194	177	14	17	3
7	177	7	17	4
90	177	10	17	5
650	177	10	17	2
379	177	19	17	4
6	177	6	17	4
109	177	9	17	4
600	177	0	17	5
694	177	14	17	5
435	177	15	17	5
373	177	13	17	3
766	177	6	17	3
804	177	4	17	5
819	177	19	17	4
8	177	8	17	4
633	177	13	17	3
25	177	5	17	3
197	177	17	17	5
429	177	9	17	4
666	177	6	17	3
18	177	18	17	3
72	177	12	17	4
533	177	13	17	4
806	177	6	17	3
207	177	7	17	3
234	177	14	17	3
385	177	5	17	4
899	177	19	17	3
499	177	19	17	3
933	177	13	17	4
880	177	0	17	5
660	177	0	17	2
380	177	0	17	3
479	177	19	17	4
671	177	11	17	4
716	177	16	17	2
647	177	7	17	5
627	177	7	17	5
738	177	18	17	4
807	177	7	17	4
161	177	1	17	2
347	177	7	17	5
497	177	17	17	4
1	177	1	17	5
826	177	6	17	5
537	177	17	17	3
148	177	8	17	2
843	177	3	17	3
846	177	6	17	3
269	177	9	17	5
553	177	13	17	4
397	177	17	17	5
586	177	6	17	3
527	177	7	17	5
320	177	0	17	5
188	177	8	17	4
912	197	12	17	5
215	197	15	17	4
487	197	7	17	3
748	197	8	17	3
751	197	11	17	3
450	197	10	17	5
322	197	2	17	5
416	197	16	17	5
532	197	12	17	5
122	197	2	17	5
409	197	9	17	3
237	197	17	17	4
452	197	12	17	5
694	197	14	17	5
387	197	7	17	2
639	197	19	17	3
44	197	4	17	4
918	197	18	17	2
345	197	5	17	4
503	197	3	17	5
383	197	3	17	5
316	197	16	17	4
184	197	4	17	4
480	197	0	17	3
514	197	14	17	4
849	197	9	17	5
338	197	18	17	5
1	197	1	17	5
326	197	6	17	1
276	197	16	17	5
429	197	9	17	4
114	197	14	17	4
766	197	6	17	3
758	197	18	17	3
233	197	13	17	5
932	197	12	17	5
625	197	5	17	5
497	197	17	17	3
457	197	17	17	5
666	197	6	17	4
419	197	19	17	5
325	197	5	17	4
360	197	0	17	5
536	197	16	17	3
771	197	11	17	1
848	197	8	17	5
313	197	13	17	5
73	197	13	17	5
156	197	16	17	5
59	197	19	17	5
392	197	12	17	5
97	197	17	17	3
877	197	17	17	4
361	197	1	17	5
187	197	7	17	4
154	197	14	17	5
840	197	0	17	5
85	197	5	17	5
739	197	19	17	1
648	197	8	17	3
25	197	5	17	3
592	197	12	17	5
60	197	0	17	4
189	197	9	17	5
305	197	5	17	2
704	197	4	17	5
659	197	19	17	5
7	197	7	17	4
833	197	13	17	3
559	197	19	17	4
874	197	14	17	4
391	197	11	17	5
421	197	1	17	3
831	197	11	17	4
76	197	16	17	5
174	197	14	17	5
899	197	19	17	4
271	197	11	17	4
716	197	16	17	5
208	197	8	17	5
484	197	4	17	4
778	197	18	17	4
382	197	2	17	4
398	197	18	17	5
608	197	8	17	5
330	197	10	17	5
798	197	18	17	2
343	197	3	17	4
177	197	17	17	4
796	197	16	17	3
354	197	14	17	4
376	197	16	17	4
6	197	6	17	5
454	197	14	17	4
867	197	7	17	4
373	197	13	17	3
629	197	9	17	5
437	197	17	17	5
244	197	4	17	4
297	197	17	17	3
72	197	12	17	5
504	197	4	17	4
763	197	3	17	4
942	197	2	17	5
774	197	14	17	1
653	197	13	17	3
805	197	5	17	5
210	197	10	17	5
561	197	1	17	4
280	197	0	17	2
710	197	10	17	4
533	197	13	17	5
537	197	17	17	4
121	197	1	17	4
321	197	1	17	5
64	197	4	17	3
298	197	18	17	4
327	197	7	17	4
69	197	9	17	5
308	197	8	17	3
90	197	10	17	5
721	197	1	17	4
914	197	14	17	4
664	197	4	17	4
524	197	4	17	4
456	197	16	17	4
883	197	3	17	4
312	197	12	17	4
385	197	5	17	4
843	197	3	17	2
389	197	9	17	5
643	197	3	17	4
655	197	15	17	3
65	197	5	17	5
707	197	7	17	4
185	197	5	17	5
128	197	8	17	4
70	197	10	17	4
667	197	7	17	4
621	197	1	17	4
194	197	14	17	4
288	197	8	17	5
871	197	11	17	3
660	197	0	17	3
378	197	18	17	3
397	197	17	17	5
89	197	9	17	5
474	197	14	17	5
846	197	6	17	4
301	197	1	17	5
406	197	6	17	4
455	197	15	17	5
738	197	18	17	4
749	197	9	17	4
380	197	0	17	3
213	197	13	17	5
342	197	2	17	4
560	197	0	17	4
606	197	6	17	3
235	197	15	17	5
567	197	7	17	5
864	197	4	17	4
618	197	18	17	3
830	197	10	17	4
212	197	12	17	5
339	197	19	17	5
835	197	15	17	5
479	197	19	17	4
661	197	1	17	4
535	197	15	17	5
498	197	18	17	5
334	197	14	17	4
292	197	12	17	5
329	197	9	17	4
405	197	5	17	4
523	197	3	17	5
95	197	15	17	4
934	197	14	17	5
645	197	5	17	5
615	197	15	17	4
690	197	10	17	4
123	197	3	17	5
371	197	11	17	4
374	197	14	17	5
198	197	18	17	4
13	197	13	17	4
307	197	7	17	4
543	197	3	17	4
483	197	3	17	3
269	197	9	17	5
870	197	10	17	5
911	197	11	17	4
151	197	11	17	5
756	197	16	17	2
379	197	19	17	5
878	197	18	17	4
711	197	11	17	4
311	197	11	17	4
318	197	18	17	5
401	197	1	17	4
786	197	6	17	3
16	197	16	17	5
557	197	17	17	5
161	197	1	17	3
481	197	1	17	3
553	197	13	17	5
234	197	14	17	5
731	197	11	17	5
201	197	1	17	4
804	197	4	17	4
527	197	7	17	4
802	197	2	17	3
82	197	2	17	4
178	197	18	17	2
539	197	19	17	5
207	197	7	17	4
144	197	4	17	4
562	197	2	17	4
686	197	6	17	5
299	197	19	17	3
18	197	18	17	4
10	197	10	17	5
488	197	8	17	2
71	197	11	17	5
693	197	13	17	3
929	197	9	17	3
862	197	2	17	4
232	197	12	17	4
426	197	6	17	4
407	197	7	17	4
854	197	14	17	4
650	197	10	17	4
806	197	6	17	4
823	197	3	17	5
727	197	7	17	3
881	197	1	17	3
627	197	7	17	5
647	197	7	17	5
263	197	3	17	4
497	217	17	17	4
455	217	15	17	4
177	217	17	17	3
766	217	6	17	4
916	217	16	17	4
327	217	7	17	3
7	217	7	17	4
774	217	14	17	2
118	217	18	17	3
435	217	15	17	4
927	217	7	17	1
500	217	0	17	4
276	217	16	17	4
270	217	10	17	5
62	217	2	17	2
373	217	13	17	3
295	217	15	17	4
28	217	8	17	3
886	217	6	17	2
823	217	3	17	3
880	217	0	17	4
367	217	7	17	5
255	217	15	17	2
943	217	3	17	3
380	217	0	17	2
881	217	1	17	3
790	217	10	17	4
709	217	9	17	5
586	217	6	17	5
561	217	1	17	3
21	217	1	17	3
280	217	0	17	3
343	217	3	17	3
222	217	2	17	3
145	217	5	17	3
268	217	8	17	2
715	217	15	17	2
417	217	17	17	4
381	217	1	17	2
102	217	2	17	2
437	217	17	17	3
416	217	16	17	4
158	217	18	17	5
472	217	12	17	5
684	217	4	17	2
843	217	3	17	4
922	217	2	17	3
536	217	16	17	3
889	217	9	17	4
394	217	14	17	5
368	217	8	17	5
363	217	3	17	2
92	217	12	17	3
802	217	2	17	3
64	217	4	17	2
925	217	5	17	2
94	217	14	17	4
795	217	15	17	1
496	217	16	17	5
201	217	1	17	3
385	217	5	17	2
833	217	13	17	2
405	217	5	17	1
406	217	6	17	4
334	217	14	17	2
13	217	13	17	1
429	217	9	17	3
682	217	2	17	4
378	217	18	17	3
70	217	10	17	4
366	217	6	17	5
1	217	1	17	3
456	217	16	17	3
773	217	13	17	3
864	217	4	17	4
815	217	15	17	3
267	217	7	17	4
23	217	3	17	2
642	217	2	17	2
588	217	8	17	4
293	217	13	17	3
436	217	16	17	4
577	217	17	17	5
622	217	2	17	4
650	217	10	17	3
919	217	19	17	4
286	217	6	17	3
425	217	5	17	1
301	217	1	17	3
648	217	8	17	2
617	217	17	17	1
43	217	3	17	2
442	217	2	17	3
711	217	11	17	4
130	217	10	17	3
422	217	2	17	3
545	217	5	17	5
387	217	7	17	3
389	217	9	17	3
269	217	9	17	2
727	217	7	17	3
805	217	5	17	2
551	217	11	17	1
198	217	18	17	4
339	217	19	17	3
262	217	2	17	3
868	217	8	17	2
757	217	17	17	3
184	217	4	17	3
776	217	16	17	4
660	217	0	17	2
407	217	7	17	4
49	217	9	17	3
796	217	16	17	4
758	217	18	17	2
495	217	15	17	5
896	217	16	17	2
244	217	4	17	5
846	217	6	17	4
264	217	4	17	3
533	237	13	17	2
916	237	16	17	3
318	237	18	17	5
573	237	13	17	4
582	237	2	17	3
590	237	10	17	3
90	237	10	17	4
203	237	3	17	3
371	237	11	17	5
748	237	8	17	4
287	237	7	17	5
883	237	3	17	3
661	237	1	17	4
11	237	11	17	4
16	237	16	17	5
423	237	3	17	4
43	237	3	17	4
550	237	10	17	3
602	237	2	17	4
919	237	19	17	4
592	237	12	17	4
92	237	12	17	4
771	237	11	17	5
113	237	13	17	3
620	237	0	17	4
769	237	9	17	3
274	237	14	17	4
152	237	12	17	5
917	237	17	17	5
336	237	16	17	5
326	237	6	17	2
768	237	8	17	4
552	237	12	17	4
463	237	3	17	4
671	237	11	17	5
294	237	14	17	4
563	237	3	17	5
56	237	16	17	5
422	237	2	17	4
677	237	17	17	4
663	237	3	17	4
376	237	16	17	3
525	237	5	17	4
403	237	3	17	5
299	237	19	17	2
831	237	11	17	4
835	237	15	17	4
924	237	4	17	4
703	237	3	17	5
788	237	8	17	4
62	237	2	17	3
904	237	4	17	5
588	237	8	17	2
885	237	5	17	5
238	237	18	17	3
701	237	1	17	5
633	237	13	17	4
42	237	2	17	4
642	237	2	17	5
939	237	19	17	5
923	237	3	17	4
383	237	3	17	4
402	237	2	17	4
314	237	14	17	5
647	237	7	17	3
697	237	17	17	5
293	237	13	17	3
537	237	17	17	3
223	237	3	17	5
269	237	9	17	2
344	237	4	17	3
864	237	4	17	4
378	237	18	17	4
593	237	13	17	4
548	237	8	17	4
429	237	9	17	3
490	237	10	17	1
888	237	8	17	5
24	237	4	17	4
871	237	11	17	3
399	237	19	17	3
346	237	6	17	4
793	237	13	17	3
721	237	1	17	3
891	237	11	17	5
682	237	2	17	3
249	237	9	17	5
363	237	3	17	2
749	237	9	17	3
517	237	17	17	1
334	237	14	17	4
450	237	10	17	5
342	237	2	17	4
198	237	18	17	2
501	237	1	17	4
74	237	14	17	4
251	237	11	17	5
931	237	11	17	3
483	237	3	17	3
44	237	4	17	3
722	237	2	17	4
742	237	2	17	4
430	237	10	17	5
591	237	11	17	3
391	237	11	17	4
762	237	2	17	3
186	237	6	17	2
52	237	12	17	4
717	237	17	17	5
468	237	8	17	4
497	237	17	17	3
207	237	7	17	4
627	237	7	17	4
6	237	6	17	2
804	237	4	17	4
406	237	6	17	1
63	237	3	17	3
349	237	9	17	2
365	237	5	17	3
60	237	0	17	4
719	237	19	17	2
398	237	18	17	3
59	237	19	17	3
144	237	4	17	4
388	237	8	17	5
900	237	0	17	4
612	237	12	17	3
182	237	2	17	3
630	237	10	17	5
930	237	10	17	3
477	237	17	17	4
716	237	16	17	5
907	237	7	17	5
345	237	5	17	4
190	237	10	17	5
374	237	14	17	5
80	237	0	17	4
194	237	14	17	3
193	237	13	17	4
393	237	13	17	4
730	237	10	17	3
348	237	8	17	4
890	237	10	17	3
313	237	13	17	2
764	237	4	17	4
136	237	16	17	4
896	237	16	17	5
943	237	3	17	4
744	237	4	17	4
120	237	0	17	3
538	237	18	17	4
605	237	5	17	3
262	237	2	17	3
735	237	15	17	4
253	237	13	17	4
130	237	10	17	5
271	237	11	17	4
82	237	2	17	3
174	237	14	17	4
486	237	6	17	4
361	237	1	17	4
160	237	0	17	3
761	237	1	17	5
882	237	2	17	5
64	237	4	17	4
328	237	8	17	4
305	237	5	17	2
439	237	19	17	5
438	237	18	17	5
457	237	17	17	4
434	237	14	17	5
243	237	3	17	2
167	237	7	17	4
889	237	9	17	4
437	237	17	17	4
684	237	4	17	5
396	237	16	17	4
69	237	9	17	3
551	237	11	17	4
910	237	10	17	4
879	237	19	17	4
101	237	1	17	5
632	237	12	17	3
922	237	2	17	4
242	237	2	17	4
137	237	17	17	4
877	237	17	17	4
664	237	4	17	2
184	237	4	17	4
285	237	5	17	4
308	237	8	17	3
927	237	7	17	4
176	237	16	17	3
265	237	5	17	5
454	237	14	17	4
458	237	18	17	4
291	237	11	17	4
225	237	5	17	5
78	237	18	17	5
759	237	19	17	3
760	237	0	17	3
263	237	3	17	2
15	237	15	17	3
185	237	5	17	4
66	237	6	17	4
921	237	1	17	3
880	237	0	17	4
288	237	8	17	4
141	237	1	17	4
837	237	17	17	3
893	237	13	17	4
121	237	1	17	5
644	237	4	17	4
89	237	9	17	4
343	237	3	17	4
786	237	6	17	5
635	237	15	17	3
216	237	16	17	5
145	237	5	17	5
75	237	15	17	2
95	237	15	17	2
2	237	2	17	4
823	237	3	17	4
934	237	14	17	4
937	237	17	17	4
678	237	18	17	3
653	237	13	17	2
576	237	16	17	4
615	237	15	17	4
99	237	19	17	5
926	237	6	17	3
821	237	1	17	5
624	237	4	17	4
474	237	14	17	4
401	237	1	17	3
347	237	7	17	4
494	237	14	17	4
906	237	6	17	4
491	237	11	17	3
280	237	0	17	3
913	237	13	17	4
549	237	9	17	4
26	237	6	17	3
715	237	15	17	4
765	237	5	17	3
586	237	6	17	4
796	237	16	17	5
478	237	18	17	5
639	237	19	17	1
17	237	17	17	2
298	237	18	17	5
162	237	2	17	4
13	237	13	17	5
115	237	15	17	2
800	237	0	17	4
514	237	14	17	4
330	237	10	17	4
569	237	9	17	4
524	237	4	17	3
7	237	7	17	5
230	237	10	17	5
188	237	8	17	3
304	237	4	17	5
672	237	12	17	2
595	237	15	17	3
453	237	13	17	4
868	237	8	17	1
139	237	19	17	3
534	237	14	17	4
296	237	16	17	5
84	237	4	17	4
503	237	3	17	4
554	237	14	17	3
886	237	6	17	4
360	237	0	17	4
357	237	17	17	5
224	237	4	17	3
498	237	18	17	2
85	237	5	17	3
594	237	14	17	3
599	237	19	17	5
215	237	15	17	4
57	237	17	17	4
606	237	6	17	4
235	237	15	17	4
54	237	14	17	4
452	237	12	17	2
327	237	7	17	4
236	237	16	17	4
614	237	14	17	2
455	237	15	17	3
839	237	19	17	3
790	237	10	17	4
128	237	8	17	4
58	237	18	17	4
825	237	5	17	4
634	237	14	17	5
119	237	19	17	5
894	237	14	17	4
504	237	4	17	3
901	237	1	17	3
432	237	12	17	5
65	237	5	17	4
763	237	3	17	3
806	237	6	17	2
164	237	4	17	2
108	237	8	17	3
68	237	8	17	5
18	237	18	17	3
869	237	9	17	4
45	237	5	17	4
618	237	18	17	4
276	237	16	17	5
303	237	3	17	5
654	237	14	17	4
535	237	15	17	4
484	237	4	17	3
72	237	12	17	3
159	237	19	17	3
244	237	4	17	5
104	237	4	17	3
297	237	17	17	4
295	237	15	17	4
938	237	18	17	2
181	237	1	17	5
277	237	17	17	4
256	237	16	17	4
480	237	0	17	2
694	237	14	17	4
666	237	6	17	3
854	237	14	17	3
543	237	3	17	4
758	237	18	17	4
257	237	17	17	2
487	237	7	17	4
714	237	14	17	3
665	237	5	17	3
222	237	2	17	4
178	237	18	17	4
395	237	15	17	4
655	237	15	17	3
905	237	5	17	3
936	237	16	17	4
447	237	7	17	4
834	237	14	17	5
109	237	9	17	4
117	237	17	17	4
500	237	0	17	3
332	237	12	17	5
690	237	10	17	4
81	237	1	17	4
878	237	18	17	3
250	237	10	17	2
754	237	14	17	3
706	237	6	17	4
935	237	15	17	5
792	237	12	17	3
530	237	10	17	4
416	237	16	17	3
708	237	8	17	5
286	237	6	17	2
462	237	2	17	5
689	237	9	17	3
266	237	6	17	3
1	237	1	17	2
270	237	10	17	1
872	237	12	17	4
445	237	5	17	2
518	237	18	17	4
731	237	11	17	4
728	237	8	17	4
899	237	19	17	4
413	237	13	17	4
201	237	1	17	4
892	237	12	17	4
234	237	14	17	3
542	237	2	17	4
637	237	17	17	2
577	237	17	17	4
505	237	5	17	3
301	237	1	17	4
733	237	13	17	3
829	237	9	17	3
751	237	11	17	2
389	257	9	17	3
233	257	13	17	4
825	257	5	17	4
62	257	2	17	2
6	257	6	17	2
94	257	14	17	4
54	257	14	17	4
182	257	2	17	3
705	257	5	17	4
222	257	2	17	4
2	257	2	17	4
26	257	6	17	3
665	257	5	17	3
797	257	17	17	5
66	257	6	17	3
757	257	17	17	4
625	257	5	17	4
271	257	11	17	4
186	257	6	17	4
342	257	2	17	2
251	257	11	17	3
545	257	5	17	5
211	257	11	17	5
697	257	17	17	5
671	257	11	17	5
214	257	14	17	3
402	257	2	17	4
525	257	5	17	4
422	257	2	17	4
768	257	8	17	4
637	257	17	17	2
246	257	6	17	4
711	257	11	17	3
465	257	5	17	4
482	257	2	17	4
668	257	8	17	3
286	257	6	17	3
445	257	5	17	2
425	257	5	17	3
71	257	11	17	5
582	257	2	17	3
751	257	11	17	4
602	257	2	17	4
254	257	14	17	3
306	257	6	17	4
622	257	2	17	3
557	257	17	17	2
294	257	14	17	3
642	257	2	17	5
314	257	14	17	5
864	257	4	17	4
548	257	8	17	5
844	257	4	17	4
682	257	2	17	2
334	257	14	17	4
931	257	11	17	4
497	257	17	17	4
804	257	4	17	5
354	257	14	17	3
468	257	8	17	4
385	257	5	17	3
782	257	2	17	3
374	257	14	17	3
862	257	2	17	5
394	257	14	17	4
120	257	0	17	2
486	257	6	17	3
457	257	17	17	3
902	257	2	17	3
305	257	5	17	2
454	257	14	17	4
922	257	2	17	4
308	257	8	17	4
265	257	5	17	4
15	257	15	17	4
644	257	4	17	5
55	257	15	17	3
145	257	5	17	5
474	257	14	17	3
624	257	4	17	3
268	257	8	17	4
95	257	15	17	5
564	257	4	17	4
300	257	0	17	4
320	257	0	17	4
248	257	8	17	3
417	257	17	17	3
514	257	14	17	4
586	257	6	17	3
360	257	0	17	4
168	257	8	17	5
337	257	17	17	3
606	257	6	17	5
297	257	17	17	3
504	257	4	17	5
275	257	15	17	3
45	257	5	17	5
654	257	14	17	4
666	257	6	17	3
484	257	4	17	5
25	257	5	17	4
5	257	5	17	5
938	257	18	17	5
674	257	14	17	4
277	257	17	17	3
460	257	0	17	2
480	257	0	17	4
464	257	4	17	4
395	257	15	17	5
714	257	14	17	3
936	257	16	17	3
500	257	0	17	3
435	257	15	17	4
726	257	6	17	3
540	257	0	17	4
838	257	18	17	5
794	257	14	17	4
455	257	15	17	4
560	257	0	17	3
916	257	16	17	3
580	257	0	17	5
896	257	16	17	4
798	257	18	17	4
137	257	17	17	5
854	257	14	17	3
117	257	17	17	5
806	257	6	17	4
894	257	14	17	3
57	257	17	17	5
758	257	18	17	5
660	257	0	17	4
738	257	18	17	3
796	257	16	17	5
718	257	18	17	4
698	257	18	17	3
680	257	0	17	4
941	257	1	17	4
934	257	14	17	4
658	257	18	17	4
921	257	1	17	3
655	257	15	17	3
901	257	1	17	4
800	257	0	17	4
840	257	0	17	3
736	257	16	17	3
144	257	4	17	4
860	257	0	17	3
104	257	4	17	4
881	257	1	17	5
716	257	16	17	5
676	257	16	17	5
715	257	15	17	4
880	257	0	17	5
576	257	16	17	4
438	257	18	17	4
30	257	10	17	4
44	257	4	17	4
795	257	15	17	3
70	257	10	17	4
378	257	18	17	4
247	257	7	17	4
815	257	15	17	3
939	257	19	17	5
835	257	15	17	3
919	257	19	17	4
701	257	1	17	4
23	257	3	17	3
287	257	7	17	4
43	257	3	17	4
307	257	7	17	5
416	257	16	17	3
935	257	15	17	2
318	257	18	17	5
621	257	1	17	5
32	257	12	17	4
899	257	19	17	4
63	257	3	17	3
52	257	12	17	3
859	257	19	17	2
298	257	18	17	4
839	257	19	17	3
238	257	18	17	4
327	257	7	17	2
347	257	7	17	4
779	257	19	17	4
130	257	10	17	4
759	257	19	17	4
103	257	3	17	3
601	257	1	17	2
92	257	12	17	2
178	257	18	17	5
183	257	3	17	2
203	257	3	17	3
336	257	16	17	4
223	257	3	17	4
192	257	12	17	4
659	257	19	17	2
296	257	16	17	5
210	257	10	17	5
541	257	1	17	5
78	257	18	17	4
303	257	3	17	4
407	257	7	17	4
619	257	19	17	3
58	257	18	17	5
38	257	18	17	1
447	257	7	17	3
332	257	12	17	4
521	257	1	17	3
467	257	7	17	4
501	257	1	17	4
559	257	19	17	3
487	257	7	17	4
276	257	16	17	4
270	257	10	17	4
392	257	12	17	5
507	257	7	17	5
290	257	10	17	4
499	257	19	17	5
432	257	12	17	5
323	257	3	17	2
401	257	1	17	2
310	257	10	17	5
330	257	10	17	5
479	257	19	17	4
567	257	7	17	3
343	257	3	17	3
216	257	16	17	3
472	257	12	17	4
196	257	16	17	2
176	257	16	17	1
370	257	10	17	5
459	257	19	17	5
439	257	19	17	4
419	257	19	17	4
363	257	3	17	2
136	257	16	17	3
116	257	16	17	3
793	257	13	17	4
647	257	7	17	2
403	257	3	17	2
552	257	12	17	3
379	257	19	17	4
592	257	12	17	4
463	257	3	17	4
339	257	19	17	4
483	257	3	17	2
889	257	9	17	4
221	257	1	17	4
653	257	13	17	3
652	257	12	17	2
727	257	7	17	2
470	257	10	17	4
692	257	12	17	4
523	257	3	17	5
490	257	10	17	3
299	257	19	17	2
829	257	9	17	4
550	257	10	17	4
852	257	12	17	4
563	257	3	17	5
533	257	13	17	4
807	257	7	17	4
749	257	9	17	3
630	257	10	17	3
279	257	19	17	5
650	257	10	17	3
513	257	13	17	4
847	257	7	17	3
867	257	7	17	4
493	257	13	17	5
473	257	13	17	4
887	257	7	17	5
453	257	13	17	3
689	257	9	17	5
413	257	13	17	4
669	257	9	17	3
703	257	3	17	5
649	257	9	17	5
161	257	1	17	3
927	257	7	17	5
141	257	1	17	3
121	257	1	17	5
393	257	13	17	4
89	257	9	17	5
569	257	9	17	4
119	257	19	17	4
730	257	10	17	5
101	257	1	17	4
109	257	9	17	5
770	257	10	17	4
79	257	19	17	3
1	257	1	17	4
429	257	9	17	4
249	257	9	17	3
53	257	13	17	4
883	257	3	17	5
113	257	13	17	5
293	257	13	17	2
930	257	10	17	4
910	257	10	17	3
213	257	13	17	4
923	257	3	17	5
113	277	13	17	3
678	277	18	17	3
622	277	2	17	4
11	277	11	17	5
331	277	11	17	4
274	277	14	17	4
224	277	4	17	3
303	277	3	17	3
919	277	19	17	5
416	277	16	17	5
429	277	9	17	4
297	277	17	17	3
43	277	3	17	1
924	277	4	17	3
119	277	19	17	4
883	277	3	17	4
483	277	3	17	3
454	277	14	17	2
532	277	12	17	5
537	277	17	17	2
181	277	1	17	1
63	277	3	17	4
486	277	6	17	3
184	277	4	17	3
548	277	8	17	3
52	277	12	17	5
158	277	18	17	4
85	277	5	17	2
59	277	19	17	4
296	277	16	17	5
252	277	12	17	4
839	277	19	17	2
271	277	11	17	4
387	277	7	17	4
561	277	1	17	3
334	277	14	17	3
365	277	5	17	4
192	277	12	17	3
560	277	0	17	3
569	277	9	17	2
699	277	19	17	3
406	277	6	17	3
906	277	6	17	3
390	277	10	17	2
697	277	17	17	5
490	277	10	17	3
907	277	7	17	5
894	277	14	17	4
234	277	14	17	3
151	277	11	17	4
711	277	11	17	5
735	277	15	17	3
524	277	4	17	3
89	277	9	17	4
455	277	15	17	4
629	277	9	17	5
496	277	16	17	5
343	277	3	17	4
286	277	6	17	4
330	277	10	17	4
837	277	17	17	2
535	277	15	17	5
733	277	13	17	1
710	277	10	17	4
2	277	2	17	4
450	277	10	17	3
503	277	3	17	4
378	277	18	17	4
572	277	12	17	1
470	277	10	17	4
526	277	6	17	2
460	297	0	17	3
503	297	3	17	5
189	297	9	17	3
334	297	14	17	5
329	297	9	17	4
701	297	1	17	4
392	297	12	17	4
204	297	4	17	5
15	297	15	17	3
919	297	19	17	4
299	297	19	17	3
743	297	3	17	5
937	297	17	17	4
345	297	5	17	4
430	297	10	17	4
931	297	11	17	4
354	297	14	17	4
416	297	16	17	4
782	297	2	17	3
894	297	14	17	4
296	297	16	17	4
6	297	6	17	3
144	297	4	17	4
533	297	13	17	4
889	297	9	17	3
343	297	3	17	5
592	297	12	17	5
2	297	2	17	4
116	297	16	17	3
707	297	7	17	3
342	297	2	17	3
613	297	13	17	5
733	297	13	17	3
486	297	6	17	4
758	297	18	17	4
413	297	13	17	5
567	297	7	17	3
87	297	7	17	3
139	297	19	17	5
293	297	13	17	4
360	297	0	17	4
176	297	16	17	3
131	297	11	17	4
854	297	14	17	4
770	297	10	17	5
655	297	15	17	4
344	297	4	17	4
840	297	0	17	5
468	297	8	17	4
934	297	14	17	5
537	317	17	17	3
298	317	18	17	4
272	317	12	17	4
343	317	3	17	5
6	317	6	17	3
913	317	13	17	4
659	317	19	17	4
627	317	7	17	5
903	317	3	17	4
610	317	10	17	3
864	317	4	17	4
243	317	3	17	5
763	317	3	17	3
334	317	14	17	3
259	317	19	17	5
711	317	11	17	4
345	317	5	17	4
212	317	12	17	5
682	317	2	17	4
561	317	1	17	3
455	317	15	17	3
508	317	8	17	4
347	317	7	17	1
889	317	9	17	4
416	317	16	17	5
683	317	3	17	4
379	317	19	17	5
109	317	9	17	2
373	317	13	17	4
378	317	18	17	5
916	317	16	17	4
184	317	4	17	3
178	317	18	17	4
707	317	7	17	3
387	317	7	17	4
406	317	6	17	4
128	317	8	17	4
249	317	9	17	5
896	317	16	17	4
846	317	6	17	3
84	317	4	17	3
629	317	9	17	4
363	317	3	17	5
847	317	7	17	3
189	317	9	17	4
194	317	14	17	4
878	317	18	17	4
933	317	13	17	4
85	317	5	17	3
435	317	15	17	2
788	317	8	17	4
94	317	14	17	5
458	317	18	17	5
151	317	11	17	5
527	317	7	17	4
156	317	16	17	4
7	317	7	17	4
805	317	5	17	4
577	317	17	17	5
474	317	14	17	4
90	317	10	17	4
907	317	7	17	5
13	317	13	17	5
664	317	4	17	3
271	317	11	17	3
721	317	1	17	4
18	317	18	17	5
11	317	11	17	4
43	317	3	17	2
870	317	10	17	4
551	317	11	17	5
538	317	18	17	4
3	317	3	17	2
493	317	13	17	3
608	317	8	17	5
276	317	16	17	4
201	317	1	17	3
339	317	19	17	4
234	317	14	17	2
207	317	7	17	4
868	317	8	17	5
326	317	6	17	3
686	317	6	17	5
288	317	8	17	4
244	317	4	17	5
393	317	13	17	4
655	317	15	17	3
831	317	11	17	4
633	317	13	17	3
454	317	14	17	4
239	317	19	17	5
790	317	10	17	4
405	317	5	17	4
118	317	18	17	5
305	317	5	17	4
328	317	8	17	4
654	317	14	17	4
293	317	13	17	4
44	317	4	17	4
115	317	15	17	5
498	317	18	17	3
940	317	0	17	4
206	337	6	17	2
871	337	11	17	3
149	337	9	17	2
557	337	17	17	5
181	337	1	17	1
449	337	9	17	4
40	337	0	17	4
537	337	17	17	3
126	337	6	17	5
385	337	5	17	4
334	337	14	17	4
655	337	15	17	2
608	337	8	17	4
451	337	11	17	2
498	337	18	17	4
805	337	5	17	2
685	337	5	17	2
3	337	3	17	1
911	357	11	17	4
854	357	14	17	4
97	357	17	17	5
640	357	0	17	5
874	357	14	17	5
535	357	15	17	2
846	357	6	17	4
311	357	11	17	5
244	357	4	17	5
575	357	15	17	5
660	357	0	17	2
77	357	17	17	3
555	357	15	17	4
121	357	1	17	5
738	357	18	17	4
806	357	6	17	3
796	357	16	17	4
836	357	16	17	5
903	357	3	17	5
910	357	10	17	4
592	357	12	17	4
450	357	10	17	5
94	357	14	17	5
213	357	13	17	5
693	357	13	17	5
16	357	16	17	5
892	357	12	17	5
665	357	5	17	4
379	357	19	17	5
908	357	8	17	3
753	357	13	17	4
667	357	7	17	5
114	357	14	17	4
222	357	2	17	4
777	357	17	17	5
645	357	5	17	5
154	357	14	17	4
773	357	13	17	4
647	357	7	17	5
532	357	12	17	5
383	357	3	17	5
625	357	5	17	3
301	357	1	17	5
605	357	5	17	5
321	357	1	17	4
194	357	14	17	4
912	357	12	17	5
551	357	11	17	5
737	357	17	17	5
650	357	10	17	4
848	357	8	17	5
271	357	11	17	5
571	357	11	17	4
342	357	2	17	3
591	357	11	17	5
42	357	2	17	5
788	357	8	17	4
211	357	11	17	2
382	357	2	17	4
567	357	7	17	2
833	357	13	17	4
156	357	16	17	4
214	357	14	17	5
748	357	8	17	3
151	357	11	17	5
459	357	19	17	4
201	357	1	17	4
234	357	14	17	4
465	357	5	17	4
617	357	17	17	4
216	357	16	17	4
913	357	13	17	5
343	357	3	17	5
479	357	19	17	4
286	357	6	17	4
643	357	3	17	5
542	357	2	17	5
527	357	7	17	5
293	357	13	17	4
14	357	14	17	2
330	357	10	17	4
425	357	5	17	5
153	357	13	17	5
533	357	13	17	3
290	357	10	17	3
731	357	11	17	5
401	357	1	17	4
91	357	11	17	5
562	357	2	17	1
933	357	13	17	4
71	357	11	17	5
18	357	18	17	4
747	357	7	17	5
412	357	12	17	4
648	357	8	17	2
499	357	19	17	5
890	357	10	17	5
269	357	9	17	5
11	357	11	17	5
539	357	19	17	4
254	357	14	17	3
276	357	16	17	5
493	357	13	17	5
932	357	12	17	5
608	357	8	17	5
303	357	3	17	5
870	357	10	17	5
250	357	10	17	4
642	357	2	17	2
409	357	9	17	5
593	357	13	17	5
73	357	13	17	5
312	357	12	17	5
537	357	17	17	4
233	357	13	17	5
230	357	10	17	5
405	357	5	17	5
639	357	19	17	3
407	357	7	17	4
864	357	4	17	5
138	357	18	17	4
543	357	3	17	4
272	357	12	17	5
59	357	19	17	5
210	357	10	17	5
263	357	3	17	5
6	357	6	17	4
296	357	16	17	5
259	357	19	17	5
659	357	19	17	4
232	357	12	17	4
316	357	16	17	4
682	357	2	17	3
679	357	19	17	5
371	357	11	17	5
508	357	8	17	5
387	357	7	17	5
663	357	3	17	5
488	357	8	17	4
313	357	13	17	5
406	357	6	17	4
130	357	10	17	5
391	357	11	17	5
561	357	1	17	3
804	357	4	17	5
376	357	16	17	4
82	357	2	17	4
20	357	0	17	1
719	357	19	17	4
385	357	5	17	4
163	357	3	17	4
530	357	10	17	5
198	357	18	17	5
429	357	9	17	5
60	357	0	17	4
468	357	8	17	5
347	357	7	17	5
249	357	9	17	4
601	357	1	17	4
453	357	13	17	5
466	357	6	17	4
862	357	2	17	3
72	357	12	17	4
298	357	18	17	5
327	357	7	17	4
669	357	9	17	4
328	357	8	17	4
899	357	19	17	4
325	357	5	17	4
882	357	2	17	4
416	357	16	17	5
457	357	17	17	5
305	357	5	17	5
653	357	13	17	4
308	357	8	17	4
285	357	5	17	5
200	357	0	17	5
942	357	2	17	4
454	357	14	17	3
318	357	18	17	4
875	357	15	17	5
661	357	1	17	4
632	357	12	17	4
90	357	10	17	5
358	357	18	17	4
474	357	14	17	5
288	357	8	17	5
835	357	15	17	5
456	357	16	17	4
268	357	8	17	4
4	357	4	17	4
417	357	17	17	5
494	357	14	17	5
721	357	1	17	5
95	357	15	17	4
23	357	3	17	3
125	357	5	17	3
815	357	15	17	5
115	357	15	17	5
24	357	4	17	5
514	357	14	17	4
122	357	2	17	3
188	357	8	17	4
207	357	7	17	5
741	357	1	17	5
940	357	0	17	4
44	357	4	17	4
398	357	18	17	4
690	357	10	17	5
397	357	17	17	5
516	357	16	17	3
393	357	13	17	2
10	357	10	17	5
215	357	15	17	4
821	357	1	17	5
458	357	18	17	3
360	357	0	17	5
843	357	3	17	2
148	357	8	17	5
13	357	13	17	3
629	357	9	17	4
889	357	9	17	4
594	357	14	17	4
478	357	18	17	5
886	357	6	17	4
880	357	0	17	5
655	357	15	17	4
85	357	5	17	4
41	357	1	17	4
380	357	0	17	4
297	357	17	17	4
504	357	4	17	4
48	357	8	17	5
25	357	5	17	4
881	357	1	17	5
295	357	15	17	4
763	357	3	17	4
7	357	7	17	5
62	357	2	17	4
373	357	13	17	4
716	357	16	17	5
144	357	4	17	4
749	357	9	17	4
666	357	6	17	4
694	357	14	17	5
109	357	9	17	2
840	357	0	17	5
237	357	17	17	4
805	357	5	17	5
686	357	6	17	5
344	357	4	17	5
184	357	4	17	5
710	357	10	17	4
435	357	15	17	4
780	357	0	17	5
774	357	14	17	2
339	357	19	17	5
583	357	3	17	5
766	357	6	17	4
615	357	15	17	5
495	357	15	17	5
698	357	18	17	4
630	357	10	17	3
786	357	6	17	5
405	377	5	17	1
468	377	8	17	2
222	377	2	17	1
5	377	5	17	1
393	377	13	17	3
705	377	5	17	4
798	377	18	17	3
22	377	2	17	1
314	377	14	17	3
13	377	13	17	1
846	377	6	17	2
642	377	2	17	3
648	377	8	17	3
405	397	5	17	4
826	397	6	17	3
279	397	19	17	4
543	397	3	17	3
586	397	6	17	3
727	397	7	17	2
326	397	6	17	3
276	397	16	17	1
268	397	8	17	2
110	397	10	17	3
303	397	3	17	1
5	397	5	17	2
716	417	16	17	3
751	417	11	17	2
378	417	18	17	3
670	417	10	17	4
95	417	15	17	3
892	417	12	17	3
291	417	11	17	4
286	417	6	17	3
379	417	19	17	5
815	417	15	17	5
918	417	18	17	2
495	417	15	17	3
70	417	10	17	3
269	417	9	17	2
885	417	5	17	3
472	417	12	17	4
234	417	14	17	3
398	417	18	17	3
496	417	16	17	1
340	417	0	17	5
393	417	13	17	3
94	417	14	17	3
711	417	11	17	4
373	417	13	17	3
807	417	7	17	3
151	417	11	17	3
13	417	13	17	2
665	417	5	17	3
847	417	7	17	2
85	417	5	17	3
363	417	3	17	1
796	417	16	17	4
798	417	18	17	3
712	417	12	17	4
916	417	16	17	2
128	417	8	17	4
194	417	14	17	2
311	417	11	17	3
561	417	1	17	2
497	417	17	17	2
385	417	5	17	2
655	417	15	17	2
313	417	13	17	2
174	417	14	17	4
504	417	4	17	3
650	417	10	17	3
927	417	7	17	4
60	417	0	17	4
790	417	10	17	2
457	417	17	17	4
7	417	7	17	3
593	417	13	17	5
537	417	17	17	2
262	417	2	17	2
416	417	16	17	3
314	417	14	17	4
405	417	5	17	2
621	417	1	17	3
805	417	5	17	2
541	417	1	17	4
881	417	1	17	2
437	417	17	17	5
642	417	2	17	3
295	417	15	17	5
5	417	5	17	3
588	417	8	17	5
450	417	10	17	4
506	417	6	17	4
846	417	6	17	4
308	417	8	17	3
276	417	16	17	4
254	417	14	17	3
868	417	8	17	1
405	437	5	17	1
13	437	13	17	1
21	437	1	17	1
5	437	5	17	1
776	437	16	17	1
761	457	1	17	1
211	457	11	17	4
8	457	8	17	1
21	457	1	17	1
721	457	1	17	3
451	457	11	17	2
677	457	17	17	1
531	457	11	17	1
489	457	9	17	3
397	457	17	17	1
510	457	10	17	2
13	457	13	17	1
374	457	14	17	1
5	457	5	17	1
429	457	9	17	1
222	457	2	17	1
450	457	10	17	2
644	457	4	17	4
254	457	14	17	2
592	457	12	17	1
433	457	13	17	1
602	457	2	17	3
537	457	17	17	1
181	457	1	17	1
800	457	0	17	2
708	457	8	17	4
546	457	6	17	1
401	477	1	17	1
883	477	3	17	5
870	477	10	17	4
648	477	8	17	3
265	477	5	17	3
532	477	12	17	4
634	477	14	17	3
203	477	3	17	4
186	477	6	17	4
699	477	19	17	3
289	477	9	17	2
250	477	10	17	3
268	477	8	17	3
523	477	3	17	3
606	477	6	17	4
880	477	0	17	3
471	477	11	17	5
75	477	15	17	4
130	477	10	17	4
897	477	17	17	3
387	477	7	17	1
610	477	10	17	2
94	477	14	17	2
416	477	16	17	4
14	477	14	17	4
223	477	3	17	3
548	477	8	17	1
919	477	19	17	4
13	477	13	17	4
403	477	3	17	4
243	477	3	17	4
450	477	10	17	4
389	477	9	17	4
374	477	14	17	1
82	477	2	17	3
181	477	1	17	1
348	477	8	17	3
938	477	18	17	1
308	477	8	17	4
463	477	3	17	2
25	477	5	17	4
83	477	3	17	2
749	477	9	17	3
582	477	2	17	4
298	477	18	17	4
93	477	13	17	5
145	477	5	17	2
222	477	2	17	2
303	477	3	17	3
597	477	17	17	5
714	477	14	17	2
472	477	12	17	5
234	477	14	17	1
271	477	11	17	3
805	477	5	17	4
892	477	12	17	4
6	477	6	17	1
771	477	11	17	5
534	477	14	17	3
901	477	1	17	3
642	477	2	17	5
795	477	15	17	3
796	477	16	17	2
541	477	1	17	4
195	477	15	17	2
807	477	7	17	4
618	477	18	17	2
465	477	5	17	4
562	477	2	17	4
761	477	1	17	1
770	477	10	17	4
434	477	14	17	5
286	477	6	17	3
658	477	18	17	3
459	477	19	17	1
754	477	14	17	5
57	477	17	17	4
533	477	13	17	4
422	477	2	17	4
59	477	19	17	3
24	477	4	17	5
314	477	14	17	3
881	477	1	17	4
246	477	6	17	4
684	477	4	17	5
84	477	4	17	4
624	477	4	17	3
927	477	7	17	3
393	477	13	17	3
344	477	4	17	3
49	477	9	17	2
887	477	7	17	1
87	477	7	17	3
612	477	12	17	2
630	477	10	17	4
389	497	9	17	4
889	497	9	17	4
450	497	10	17	5
892	497	12	17	4
321	497	1	17	5
6	497	6	17	4
370	497	10	17	3
567	497	7	17	5
897	497	17	17	3
932	497	12	17	5
18	497	18	17	4
499	497	19	17	2
58	497	18	17	2
138	497	18	17	5
561	497	1	17	4
239	497	19	17	4
327	497	7	17	4
641	497	1	17	5
338	497	18	17	3
90	497	10	17	5
398	497	18	17	3
10	497	10	17	4
907	497	7	17	5
393	497	13	17	4
716	497	16	17	3
840	497	0	17	4
7	497	7	17	4
618	497	18	17	2
780	497	0	17	2
184	497	4	17	4
391	497	11	17	3
846	497	6	17	5
698	497	18	17	3
786	497	6	17	4
896	497	16	17	3
766	497	6	17	3
13	497	13	17	5
838	497	18	17	5
878	497	18	17	2
295	497	15	17	5
373	497	13	17	3
128	497	8	17	3
340	497	0	17	5
524	497	4	17	2
474	497	14	17	5
313	497	13	17	4
506	497	6	17	5
437	497	17	17	5
454	497	14	17	3
664	497	4	17	3
902	497	2	17	5
704	497	4	17	3
160	497	0	17	4
354	497	14	17	4
385	497	5	17	5
537	497	17	17	4
568	497	8	17	2
409	497	9	17	3
648	497	8	17	4
751	497	11	17	4
617	497	17	17	3
151	497	11	17	5
293	497	13	17	4
234	497	14	17	4
269	497	9	17	3
870	497	10	17	4
553	497	13	17	4
747	497	7	17	5
76	517	16	17	5
458	517	18	17	4
848	517	8	17	5
405	517	5	17	3
215	517	15	17	5
524	517	4	17	4
60	517	0	17	4
218	517	18	17	3
738	517	18	17	3
327	517	7	17	2
325	517	5	17	4
669	517	9	17	3
308	517	8	17	4
207	517	7	17	3
318	517	18	17	3
506	517	6	17	2
338	517	18	17	5
189	517	9	17	4
208	517	8	17	3
929	517	9	17	5
437	517	17	17	4
90	517	10	17	3
378	517	18	17	3
474	517	14	17	4
342	517	2	17	5
591	517	11	17	4
194	517	14	17	3
680	517	0	17	4
361	517	1	17	5
833	517	13	17	2
264	517	4	17	5
747	517	7	17	5
184	517	4	17	4
89	517	9	17	5
748	517	8	17	3
878	517	18	17	4
823	517	3	17	5
151	517	11	17	2
912	517	12	17	4
234	517	14	17	3
6	517	6	17	4
535	517	15	17	4
381	517	1	17	4
615	517	15	17	5
279	517	19	17	4
567	517	7	17	5
379	517	19	17	4
13	517	13	17	5
269	517	9	17	4
452	517	12	17	2
527	517	7	17	5
500	517	0	17	4
918	517	18	17	3
299	517	19	17	4
758	517	18	17	3
707	517	7	17	3
480	517	0	17	4
392	517	12	17	5
840	517	0	17	4
694	517	14	17	4
421	517	1	17	2
18	517	18	17	2
655	517	15	17	4
608	517	8	17	4
666	517	6	17	4
303	517	3	17	5
870	517	10	17	2
14	517	14	17	4
650	517	10	17	3
11	517	11	17	2
716	517	16	17	5
639	517	19	17	2
883	517	3	17	4
98	517	18	17	5
860	517	0	17	4
389	517	9	17	4
537	517	17	17	4
504	517	4	17	4
271	517	11	17	3
796	517	16	17	2
498	517	18	17	4
625	517	5	17	3
85	517	5	17	5
653	517	13	17	1
59	517	19	17	5
210	517	10	17	4
138	517	18	17	4
659	517	19	17	5
932	517	12	17	5
406	517	6	17	2
383	517	3	17	5
334	537	14	17	4
417	537	17	17	4
327	537	7	17	4
363	537	3	17	1
94	537	14	17	4
805	537	5	17	5
286	537	6	17	4
201	537	1	17	3
312	537	12	17	5
244	537	4	17	5
269	537	9	17	5
504	537	4	17	3
606	537	6	17	2
774	537	14	17	2
405	537	5	17	1
222	537	2	17	4
561	537	1	17	4
308	537	8	17	4
344	537	4	17	4
854	537	14	17	3
916	537	16	17	4
119	537	19	17	5
429	537	9	17	4
436	537	16	17	4
7	537	7	17	3
751	537	11	17	4
401	537	1	17	4
655	537	15	17	3
669	537	9	17	3
6	537	6	17	4
450	557	10	17	5
363	557	3	17	1
828	557	8	17	2
794	557	14	17	4
896	557	16	17	3
500	557	0	17	3
234	557	14	17	1
877	557	17	17	4
405	557	5	17	1
305	557	5	17	4
585	557	5	17	4
312	557	12	17	5
7	557	7	17	4
537	557	17	17	3
385	557	5	17	2
916	557	16	17	4
49	557	9	17	3
373	577	13	17	1
334	577	14	17	2
622	577	2	17	2
336	577	16	17	1
92	577	12	17	3
497	577	17	17	2
216	577	16	17	1
621	577	1	17	3
642	577	2	17	4
933	577	13	17	1
279	577	19	17	1
394	577	14	17	2
49	577	9	17	1
393	577	13	17	4
795	577	15	17	3
790	577	10	17	2
880	577	0	17	3
299	577	19	17	3
125	577	5	17	2
378	577	18	17	2
303	577	3	17	3
405	577	5	17	3
833	577	13	17	1
766	577	6	17	3
87	577	7	17	4
435	577	15	17	3
774	577	14	17	2
222	577	2	17	1
102	577	2	17	3
254	577	14	17	1
291	577	11	17	1
174	577	14	17	1
495	577	15	17	1
11	577	11	17	3
276	577	16	17	2
7	577	7	17	2
286	577	6	17	2
472	577	12	17	3
864	577	4	17	3
798	577	18	17	2
379	577	19	17	4
896	597	16	17	4
101	597	1	17	3
109	597	9	17	2
117	597	17	17	4
137	597	17	17	5
796	597	16	17	5
825	597	5	17	5
580	597	0	17	1
157	597	17	17	3
455	597	15	17	3
119	597	19	17	4
769	597	9	17	2
560	597	0	17	2
618	597	18	17	4
13	597	13	17	3
324	597	4	17	4
540	597	0	17	4
774	597	14	17	2
746	597	6	17	4
344	597	4	17	2
435	597	15	17	3
800	597	0	17	4
916	597	16	17	2
533	597	13	17	3
217	597	17	17	4
714	597	14	17	3
159	597	19	17	5
164	597	4	17	4
938	597	18	17	3
674	597	14	17	3
7	597	7	17	3
484	597	4	17	3
654	597	14	17	4
144	597	4	17	4
45	597	5	17	3
880	597	0	17	3
634	597	14	17	4
275	597	15	17	3
255	597	15	17	4
792	597	12	17	3
458	597	18	17	3
84	597	4	17	3
141	597	1	17	4
357	597	17	17	4
821	597	1	17	3
168	597	8	17	3
554	597	14	17	4
393	597	13	17	3
534	597	14	17	5
320	597	0	17	3
207	597	7	17	3
99	597	19	17	4
145	597	5	17	4
95	597	15	17	3
70	597	10	17	3
564	597	4	17	4
23	597	3	17	3
624	597	4	17	3
54	597	14	17	2
268	597	8	17	2
417	597	17	17	3
939	597	19	17	4
267	597	7	17	3
378	597	18	17	3
75	597	15	17	3
55	597	15	17	2
644	597	4	17	4
653	597	13	17	4
200	597	0	17	4
245	597	5	17	4
895	597	15	17	2
308	597	8	17	3
935	597	15	17	4
305	597	5	17	2
899	597	19	17	2
43	597	3	17	3
727	597	7	17	3
882	597	2	17	4
486	597	6	17	3
328	597	8	17	3
457	597	17	17	3
416	597	16	17	3
394	597	14	17	2
790	597	10	17	3
879	597	19	17	2
862	597	2	17	3
374	597	14	17	4
83	597	3	17	2
764	597	4	17	4
130	597	10	17	4
804	597	4	17	3
92	597	12	17	2
347	597	7	17	3
249	597	9	17	2
593	597	13	17	2
497	597	17	17	3
20	597	0	17	3
396	597	16	17	4
62	597	2	17	2
722	597	2	17	3
181	597	1	17	3
699	597	19	17	3
689	597	9	17	4
517	597	17	17	4
844	597	4	17	3
887	597	7	17	5
59	597	19	17	2
223	597	3	17	4
891	597	11	17	3
864	597	4	17	4
178	597	18	17	4
386	597	6	17	3
663	597	3	17	3
682	597	2	17	1
346	597	6	17	3
548	597	8	17	4
190	597	10	17	2
561	597	1	17	3
314	597	14	17	4
642	597	2	17	4
851	597	11	17	4
619	597	19	17	4
521	597	1	17	2
588	597	8	17	4
447	597	7	17	3
294	597	14	17	3
332	597	12	17	5
303	597	3	17	1
11	597	11	17	2
501	597	1	17	3
274	597	14	17	3
622	597	2	17	5
276	597	16	17	3
269	597	9	17	1
425	597	5	17	1
487	597	7	17	4
201	597	1	17	2
493	597	13	17	4
805	597	5	17	3
751	597	11	17	2
286	597	6	17	3
82	597	2	17	3
256	597	16	17	4
582	597	2	17	3
507	597	7	17	5
933	597	13	17	1
709	597	9	17	4
452	597	12	17	5
650	597	10	17	3
445	597	5	17	1
708	597	8	17	2
472	597	12	17	5
893	597	13	17	4
459	597	19	17	3
299	597	19	17	3
768	597	8	17	2
525	597	5	17	3
246	597	6	17	2
833	597	13	17	1
671	597	11	17	4
788	597	8	17	3
231	597	11	17	3
251	597	11	17	3
717	597	17	17	4
399	597	19	17	3
627	597	7	17	3
807	597	7	17	4
605	597	5	17	3
793	597	13	17	3
174	597	14	17	3
363	597	3	17	4
625	597	5	17	2
279	597	19	17	5
450	597	10	17	4
897	597	17	17	5
66	597	6	17	3
102	597	2	17	3
643	597	3	17	2
403	597	3	17	2
551	597	11	17	4
222	597	2	17	1
162	597	2	17	4
817	597	17	17	2
665	597	5	17	3
301	597	1	17	3
56	597	16	17	3
291	597	11	17	3
26	597	6	17	2
865	597	5	17	1
213	597	13	17	5
463	597	3	17	2
94	597	14	17	2
630	597	10	17	4
705	597	5	17	4
592	597	12	17	2
910	597	10	17	3
261	597	1	17	4
889	597	9	17	3
872	597	12	17	4
852	597	12	17	3
57	597	17	17	3
37	597	17	17	5
758	597	18	17	2
718	597	18	17	5
595	597	15	17	2
854	597	14	17	2
567	617	7	17	4
694	617	14	17	4
262	617	2	17	3
561	617	1	17	4
932	617	12	17	4
934	617	14	17	4
90	617	10	17	4
419	617	19	17	4
7	617	7	17	5
13	617	13	17	3
474	617	14	17	3
560	617	0	17	3
10	617	10	17	5
553	617	13	17	4
426	617	6	17	3
60	617	0	17	4
234	617	14	17	3
138	617	18	17	4
648	637	8	17	2
606	637	6	17	3
94	637	14	17	3
7	637	7	17	4
749	637	9	17	1
709	637	9	17	3
840	637	0	17	3
379	637	19	17	2
372	637	12	17	4
264	637	4	17	4
843	637	3	17	2
38	637	18	17	2
896	637	16	17	2
366	637	6	17	5
429	637	9	17	3
374	637	14	17	4
495	637	15	17	3
21	637	1	17	4
201	637	1	17	3
328	637	8	17	3
145	637	5	17	3
604	637	4	17	4
435	637	15	17	4
890	637	10	17	3
788	637	8	17	2
222	637	2	17	2
450	637	10	17	4
367	637	7	17	3
368	637	8	17	2
339	637	19	17	4
804	637	4	17	3
13	637	13	17	2
617	637	17	17	3
308	637	8	17	3
293	637	13	17	3
776	637	16	17	3
60	637	0	17	4
650	637	10	17	3
218	657	18	17	5
802	657	2	17	4
660	657	0	17	2
669	657	9	17	5
123	657	3	17	4
426	657	6	17	5
29	657	9	17	4
836	657	16	17	5
329	657	9	17	3
804	657	4	17	4
10	657	10	17	4
313	657	13	17	4
561	657	1	17	4
880	657	0	17	4
934	657	14	17	3
13	657	13	17	4
753	657	13	17	5
497	657	17	17	3
385	657	5	17	4
354	657	14	17	4
405	657	5	17	1
807	657	7	17	4
592	657	12	17	4
172	657	12	17	3
682	657	2	17	4
908	657	8	17	4
406	657	6	17	5
334	657	14	17	4
528	657	8	17	5
87	657	7	17	4
94	657	14	17	5
659	657	19	17	5
886	657	6	17	5
650	657	10	17	4
407	657	7	17	4
73	657	13	17	5
210	657	10	17	4
292	657	12	17	5
548	657	8	17	5
346	657	6	17	4
389	657	9	17	5
537	657	17	17	3
498	657	18	17	3
326	657	6	17	5
312	657	12	17	5
870	657	10	17	5
409	657	9	17	3
553	657	13	17	5
25	657	5	17	4
16	657	16	17	5
655	657	15	17	3
491	657	11	17	5
82	657	2	17	4
352	657	12	17	4
840	657	0	17	5
653	657	13	17	4
7	657	7	17	4
392	657	12	17	5
666	657	6	17	4
694	657	14	17	4
421	657	1	17	4
867	657	7	17	5
499	657	19	17	5
256	657	16	17	5
59	657	19	17	4
315	657	15	17	4
269	657	9	17	4
450	657	10	17	4
527	657	7	17	4
913	657	13	17	5
343	657	3	17	5
91	657	11	17	4
932	657	12	17	5
567	657	7	17	5
350	657	10	17	5
846	657	6	17	5
151	657	11	17	5
293	657	13	17	4
339	657	19	17	4
748	657	8	17	4
780	657	0	17	3
776	657	16	17	3
381	657	1	17	4
234	657	14	17	4
767	657	7	17	4
833	657	13	17	4
363	657	3	17	5
889	657	9	17	4
370	657	10	17	3
492	657	12	17	3
361	657	1	17	5
342	657	2	17	5
194	657	14	17	4
788	657	8	17	4
271	657	11	17	4
115	657	15	17	3
571	657	11	17	4
95	657	15	17	5
321	657	1	17	4
474	657	14	17	5
670	657	10	17	5
890	657	10	17	5
90	657	10	17	5
524	657	4	17	4
125	657	5	17	3
664	657	4	17	5
940	657	0	17	4
397	657	17	17	5
506	657	6	17	5
843	657	3	17	3
661	657	1	17	4
189	657	9	17	5
454	657	14	17	3
758	657	18	17	5
437	657	17	17	5
641	657	1	17	4
704	657	4	17	4
535	657	15	17	5
308	657	8	17	4
416	657	16	17	5
383	657	3	17	5
573	657	13	17	4
184	657	4	17	4
318	657	18	17	5
49	657	9	17	5
52	657	12	17	5
328	657	8	17	4
744	657	4	17	5
862	657	2	17	5
433	657	13	17	5
85	657	5	17	4
7	677	7	17	3
314	697	14	17	3
886	697	6	17	1
738	697	18	17	2
269	697	9	17	4
870	697	10	17	4
399	697	19	17	2
119	697	19	17	5
709	697	9	17	5
437	697	17	17	4
172	697	12	17	3
387	697	7	17	1
201	697	1	17	4
271	697	11	17	4
618	697	18	17	3
318	697	18	17	5
435	697	15	17	4
682	697	2	17	4
216	697	16	17	4
693	697	13	17	4
10	697	10	17	3
846	697	6	17	5
474	697	14	17	4
429	697	9	17	3
276	697	16	17	2
453	697	13	17	4
244	697	4	17	4
887	697	7	17	1
405	697	5	17	1
588	697	8	17	5
303	697	3	17	3
537	697	17	17	2
85	697	5	17	3
715	697	15	17	2
907	697	7	17	5
880	697	0	17	2
280	697	0	17	5
456	697	16	17	4
62	697	2	17	4
627	697	7	17	5
916	697	16	17	4
551	717	11	17	3
121	717	1	17	5
699	717	19	17	1
630	717	10	17	3
837	717	17	17	1
291	717	11	17	3
938	717	18	17	2
606	717	6	17	3
11	717	11	17	2
222	717	2	17	1
59	717	19	17	2
718	717	18	17	4
935	717	15	17	4
200	717	0	17	4
552	717	12	17	3
188	717	8	17	4
655	717	15	17	1
81	717	1	17	2
374	717	14	17	3
164	717	4	17	3
648	717	8	17	4
236	717	16	17	3
141	717	1	17	4
897	717	17	17	1
554	717	14	17	3
223	717	3	17	1
534	717	14	17	5
936	717	16	17	2
457	717	17	17	3
82	717	2	17	1
181	717	1	17	1
57	717	17	17	4
637	717	17	17	3
422	717	2	17	3
595	717	15	17	2
130	717	10	17	3
92	717	12	17	3
450	717	10	17	4
825	717	5	17	4
382	717	2	17	3
899	717	19	17	1
796	717	16	17	3
119	717	19	17	3
186	717	6	17	3
101	717	1	17	3
393	717	13	17	3
268	717	8	17	1
396	717	16	17	3
943	717	3	17	4
546	717	6	17	5
486	717	6	17	2
145	717	5	17	3
939	717	19	17	4
435	717	15	17	3
872	717	12	17	4
416	717	16	17	2
919	717	19	17	3
891	717	11	17	4
269	717	9	17	1
458	717	18	17	1
548	717	8	17	4
83	717	3	17	4
190	717	10	17	3
44	717	4	17	3
682	717	2	17	3
864	717	4	17	3
504	717	4	17	4
245	717	5	17	4
614	717	14	17	4
49	717	9	17	2
453	717	13	17	2
21	717	1	17	1
634	717	14	17	4
314	717	14	17	3
851	717	11	17	3
764	717	4	17	3
664	717	4	17	1
689	717	9	17	3
38	717	18	17	1
332	717	12	17	3
905	717	5	17	1
518	717	18	17	5
11	737	11	17	4
889	737	9	17	3
301	737	1	17	2
94	737	14	17	4
89	737	9	17	1
416	737	16	17	3
918	737	18	17	3
286	737	6	17	4
828	737	8	17	1
325	737	5	17	4
437	737	17	17	1
916	737	16	17	3
751	737	11	17	4
758	737	18	17	3
846	737	6	17	4
387	737	7	17	3
361	737	1	17	4
180	737	0	17	3
862	737	2	17	4
543	737	3	17	3
773	737	13	17	3
861	737	1	17	3
194	737	14	17	4
405	737	5	17	1
406	737	6	17	3
407	737	7	17	4
92	737	12	17	4
201	737	1	17	2
456	737	16	17	3
221	737	1	17	4
95	737	15	17	3
122	737	2	17	4
622	737	2	17	5
295	737	15	17	5
13	737	13	17	4
890	737	10	17	3
763	737	3	17	2
474	737	14	17	4
363	737	3	17	1
145	737	5	17	2
840	737	0	17	4
650	737	10	17	2
49	737	9	17	1
393	737	13	17	2
804	737	4	17	3
561	737	1	17	3
877	737	17	17	1
682	737	2	17	3
243	737	3	17	3
276	737	16	17	4
653	737	13	17	1
339	737	19	17	3
354	737	14	17	4
447	737	7	17	4
18	737	18	17	3
398	737	18	17	2
44	737	4	17	1
345	737	5	17	3
429	737	9	17	4
405	757	5	17	1
854	757	14	17	3
807	757	7	17	4
13	757	13	17	3
201	777	1	17	1
405	777	5	17	1
13	777	13	17	1
368	777	8	17	2
864	797	4	17	3
158	797	18	17	3
417	797	17	17	3
109	797	9	17	3
627	797	7	17	4
497	797	17	17	3
102	797	2	17	2
796	797	16	17	3
795	797	15	17	3
56	797	16	17	4
13	797	13	17	5
394	797	14	17	3
495	797	15	17	4
217	797	17	17	4
682	797	2	17	2
435	797	15	17	3
279	797	19	17	4
705	797	5	17	4
804	797	4	17	4
892	797	12	17	4
660	797	0	17	2
453	797	13	17	1
195	797	15	17	3
921	797	1	17	3
276	797	16	17	3
94	797	14	17	2
301	797	1	17	4
653	797	13	17	2
622	797	2	17	2
393	797	13	17	3
648	797	8	17	3
21	817	1	17	3
13	817	13	17	1
399	817	19	17	4
312	837	12	17	4
398	837	18	17	4
392	837	12	17	5
815	837	15	17	5
846	837	6	17	5
524	837	4	17	2
184	837	4	17	3
151	837	11	17	4
13	837	13	17	4
830	837	10	17	5
90	837	10	17	5
537	837	17	17	3
766	837	6	17	3
313	837	13	17	4
25	837	5	17	4
454	837	14	17	2
716	837	16	17	4
326	837	6	17	4
758	837	18	17	4
194	837	14	17	4
749	837	9	17	5
234	837	14	17	3
659	837	19	17	3
892	837	12	17	5
450	837	10	17	4
13	857	13	17	3
13	877	13	17	2
159	877	19	17	3
784	877	4	17	4
587	877	7	17	2
451	877	11	17	4
631	877	11	17	2
609	877	9	17	5
761	877	1	17	2
341	877	1	17	3
724	877	4	17	1
544	877	4	17	2
787	877	7	17	2
145	877	5	17	2
66	877	6	17	1
181	877	1	17	2
646	877	6	17	3
919	877	19	17	3
324	877	4	17	1
721	877	1	17	3
782	877	2	17	3
35	877	15	17	2
195	877	15	17	3
550	877	10	17	4
188	877	8	17	2
425	877	5	17	3
894	877	14	17	3
284	877	4	17	2
592	877	12	17	2
635	877	15	17	3
405	877	5	17	1
928	877	8	17	5
334	877	14	17	3
274	877	14	17	3
831	877	11	17	2
428	877	8	17	5
579	877	19	17	1
863	877	3	17	1
632	877	12	17	1
688	877	8	17	5
281	877	1	17	4
409	877	9	17	2
21	877	1	17	2
813	877	13	17	1
589	877	9	17	4
258	877	18	17	3
845	877	5	17	2
472	877	12	17	3
853	877	13	17	2
413	877	13	17	3
293	877	13	17	2
178	877	18	17	2
541	877	1	17	1
489	897	9	17	2
13	897	13	17	1
751	917	11	17	2
416	917	16	17	4
119	917	19	17	4
532	917	12	17	4
179	917	19	17	3
551	917	11	17	3
13	917	13	17	4
79	937	19	17	2
451	937	11	17	4
871	937	11	17	3
782	937	2	17	1
724	937	4	17	3
15	937	15	17	4
35	937	15	17	4
440	937	0	17	5
615	937	15	17	2
675	937	15	17	1
755	937	15	17	4
875	937	15	17	4
919	937	19	17	4
759	937	19	17	4
112	937	12	17	4
732	937	12	17	4
229	937	9	17	2
39	937	19	17	5
173	937	13	17	4
409	937	9	17	2
770	937	10	17	4
121	937	1	17	4
181	937	1	17	3
787	937	7	17	3
587	937	7	17	4
427	937	7	17	5
356	937	16	17	2
416	937	16	17	2
721	937	1	17	3
147	937	7	17	3
616	937	16	17	4
861	937	1	17	4
894	937	14	17	4
754	937	14	17	4
334	937	14	17	3
537	937	17	17	3
174	937	14	17	5
18	957	18	17	3
405	957	5	17	1
682	977	2	17	3
279	977	19	17	4
181	977	1	17	1
119	977	19	17	3
872	977	12	17	3
749	977	9	17	4
393	977	13	17	4
593	977	13	17	3
727	977	7	17	2
291	977	11	17	2
693	977	13	17	3
423	977	3	17	1
552	977	12	17	3
399	977	19	17	3
833	977	13	17	2
472	977	12	17	3
903	977	3	17	1
790	977	10	17	1
256	977	16	17	4
276	977	16	17	2
190	977	10	17	2
21	977	1	17	2
186	977	6	17	3
223	977	3	17	2
699	977	19	17	2
396	977	16	17	3
92	977	12	17	2
347	977	7	17	5
83	977	3	17	3
378	977	18	17	3
715	977	15	17	2
224	977	4	17	2
796	977	16	17	2
758	977	18	17	2
42	977	2	17	2
622	977	2	17	2
117	977	17	17	3
435	977	15	17	2
634	977	14	17	3
357	977	17	17	5
293	977	13	17	2
851	977	11	17	3
145	977	5	17	3
346	977	6	17	3
546	977	6	17	5
280	977	0	17	3
644	977	4	17	4
862	977	2	17	4
374	977	14	17	1
389	997	9	17	3
49	997	9	17	1
393	997	13	17	1
758	997	18	17	4
125	997	5	17	2
405	997	5	17	1
295	997	15	17	3
207	997	7	17	1
314	997	14	17	1
648	997	8	17	1
303	997	3	17	2
22	997	2	17	1
194	997	14	17	3
94	997	14	17	4
747	997	7	17	3
416	997	16	17	3
663	1017	3	17	2
181	1017	1	17	1
834	1017	14	17	2
221	1017	1	17	4
453	1017	13	17	3
339	1017	19	17	5
244	1017	4	17	4
279	1017	19	17	3
590	1017	10	17	4
75	1017	15	17	5
69	1017	9	17	5
429	1017	9	17	3
789	1017	9	17	3
354	1017	14	17	3
467	1017	7	17	2
174	1017	14	17	2
130	1017	10	17	3
833	1017	13	17	4
345	1017	5	17	2
331	1017	11	17	2
591	1017	11	17	3
323	1017	3	17	3
382	1017	2	17	4
327	1017	7	17	2
79	1017	19	17	3
291	1017	11	17	4
463	1017	3	17	2
774	1017	14	17	3
227	1017	7	17	4
151	1017	11	17	2
456	1017	16	17	4
214	1017	14	17	4
923	1017	3	17	5
422	1017	2	17	4
486	1017	6	17	3
293	1017	13	17	3
880	1017	0	17	3
592	1017	12	17	4
104	1017	4	17	1
27	1017	7	17	4
518	1017	18	17	3
655	1017	15	17	3
336	1017	16	17	5
933	1017	13	17	3
269	1017	9	17	5
805	1017	5	17	3
365	1017	5	17	4
624	1017	4	17	3
385	1017	5	17	3
49	1017	9	17	3
933	1037	13	17	1
125	1037	5	17	2
303	1037	3	17	3
868	1037	8	17	1
38	1037	18	17	4
405	1037	5	17	3
336	1037	16	17	1
268	1037	8	17	2
642	1037	2	17	2
92	1037	12	17	2
416	1037	16	17	2
378	1037	18	17	2
476	1037	16	17	1
760	1037	0	17	5
934	1037	14	17	1
796	1037	16	17	2
453	1037	13	17	1
279	1037	19	17	1
712	1037	12	17	4
159	1037	19	17	2
450	1037	10	17	2
385	1037	5	17	1
504	1037	4	17	1
457	1037	17	17	2
881	1057	1	17	1
293	1057	13	17	2
456	1057	16	17	3
43	1057	3	17	2
56	1057	16	17	3
500	1057	0	17	3
314	1057	14	17	2
452	1057	12	17	1
101	1057	1	17	2
417	1057	17	17	2
222	1057	2	17	4
342	1057	2	17	2
699	1057	19	17	3
796	1057	16	17	2
145	1057	5	17	1
336	1057	16	17	4
764	1057	4	17	1
117	1057	17	17	2
256	1057	16	17	2
244	1057	4	17	4
907	1057	7	17	3
181	1057	1	17	2
49	1077	9	17	4
291	1077	11	17	4
497	1077	17	17	4
145	1077	5	17	3
854	1077	14	17	3
62	1077	2	17	3
416	1077	16	17	1
790	1077	10	17	3
936	1097	16	17	5
387	1097	7	17	3
581	1097	1	17	4
470	1097	10	17	3
889	1097	9	17	3
181	1097	1	17	1
327	1097	7	17	4
773	1097	13	17	4
176	1097	16	17	4
90	1097	10	17	4
385	1097	5	17	5
592	1097	12	17	4
409	1097	9	17	2
501	1097	1	17	5
303	1097	3	17	3
445	1097	5	17	1
655	1097	15	17	3
58	1097	18	17	5
271	1117	11	17	3
345	1117	5	17	4
862	1117	2	17	4
463	1117	3	17	1
733	1117	13	17	2
349	1117	9	17	3
381	1117	1	17	4
343	1117	3	17	3
198	1117	18	17	3
825	1117	5	17	3
226	1117	6	17	3
189	1117	9	17	5
59	1117	19	17	4
711	1117	11	17	4
708	1117	8	17	4
181	1117	1	17	2
161	1117	1	17	3
184	1117	4	17	2
137	1117	17	17	2
334	1137	14	17	4
354	1137	14	17	4
871	1137	11	17	3
365	1137	5	17	5
486	1137	6	17	5
568	1137	8	17	4
85	1137	5	17	4
460	1137	0	17	3
257	1137	17	17	5
918	1137	18	17	5
344	1137	4	17	3
455	1137	15	17	3
184	1137	4	17	5
655	1137	15	17	3
940	1137	0	17	3
209	1137	9	17	4
90	1137	10	17	2
919	1137	19	17	4
63	1137	3	17	5
717	1137	17	17	5
192	1137	12	17	4
250	1137	10	17	5
242	1137	2	17	5
399	1137	19	17	4
572	1137	12	17	3
119	1137	19	17	5
201	1137	1	17	4
847	1137	7	17	5
181	1137	1	17	1
363	1157	3	17	2
495	1157	15	17	4
76	1157	16	17	1
496	1157	16	17	1
613	1157	13	17	2
92	1157	12	17	2
178	1157	18	17	3
109	1157	9	17	4
843	1157	3	17	3
497	1157	17	17	2
922	1157	2	17	2
805	1157	5	17	5
130	1157	10	17	3
907	1157	7	17	5
332	1157	12	17	4
880	1157	0	17	4
276	1157	16	17	2
303	1157	3	17	2
320	1157	0	17	4
761	1157	1	17	5
815	1157	15	17	2
453	1157	13	17	2
268	1157	8	17	1
417	1157	17	17	4
291	1157	11	17	3
517	1177	17	17	5
405	1177	5	17	1
804	1177	4	17	3
497	1177	17	17	1
87	1177	7	17	1
881	1177	1	17	1
533	1177	13	17	1
880	1197	0	17	3
761	1197	1	17	3
389	1197	9	17	3
178	1197	18	17	4
223	1197	3	17	3
374	1197	14	17	4
207	1197	7	17	4
393	1197	13	17	3
411	1197	11	17	4
891	1197	11	17	5
919	1197	19	17	4
119	1197	19	17	4
90	1197	10	17	4
354	1197	14	17	3
160	1197	0	17	4
168	1197	8	17	5
360	1197	0	17	3
486	1197	6	17	4
569	1197	9	17	4
265	1197	5	17	2
630	1197	10	17	3
634	1197	14	17	4
537	1197	17	17	3
674	1197	14	17	3
277	1197	17	17	4
450	1197	10	17	3
463	1197	3	17	4
703	1197	3	17	3
821	1197	1	17	5
754	1197	14	17	3
725	1197	5	17	3
308	1197	8	17	4
455	1197	15	17	4
181	1197	1	17	1
854	1197	14	17	3
406	1197	6	17	3
434	1197	14	17	5
871	1197	11	17	3
796	1197	16	17	3
792	1197	12	17	4
655	1197	15	17	3
144	1197	4	17	4
494	1197	14	17	3
151	1197	11	17	5
243	1197	3	17	4
886	1217	6	17	4
551	1217	11	17	1
487	1217	7	17	3
671	1217	11	17	4
328	1217	8	17	3
200	1217	0	17	4
880	1217	0	17	3
727	1217	7	17	3
864	1217	4	17	3
297	1217	17	17	1
796	1217	16	17	3
715	1217	15	17	2
375	1217	15	17	4
346	1217	6	17	4
374	1217	14	17	2
435	1217	15	17	3
682	1217	2	17	3
916	1217	16	17	1
94	1217	14	17	3
405	1217	5	17	3
429	1217	9	17	2
881	1217	1	17	5
303	1217	3	17	1
280	1217	0	17	5
221	1217	1	17	4
135	1217	15	17	2
399	1217	19	17	4
896	1217	16	17	2
145	1217	5	17	2
293	1217	13	17	1
532	1217	12	17	4
95	1217	15	17	3
314	1217	14	17	2
130	1217	10	17	4
183	1217	3	17	3
311	1217	11	17	3
291	1217	11	17	3
823	1217	3	17	1
416	1217	16	17	4
261	1237	1	17	3
507	1237	7	17	5
100	1237	0	17	3
863	1237	3	17	4
782	1237	2	17	3
646	1237	6	17	3
782	1257	2	17	1
707	1257	7	17	2
116	1257	16	17	1
655	1257	15	17	3
880	1277	0	17	4
919	1277	19	17	4
130	1277	10	17	4
788	1277	8	17	3
291	1277	11	17	4
328	1277	8	17	3
923	1277	3	17	5
186	1277	6	17	4
599	1277	19	17	4
504	1277	4	17	4
939	1277	19	17	5
357	1277	17	17	5
445	1277	5	17	2
181	1277	1	17	2
606	1277	6	17	3
552	1277	12	17	3
851	1277	11	17	2
374	1277	14	17	3
761	1277	1	17	1
151	1297	11	17	1
314	1297	14	17	4
280	1297	0	17	4
184	1297	4	17	2
846	1297	6	17	3
659	1297	19	17	2
450	1297	10	17	4
796	1297	16	17	2
405	1297	5	17	1
311	1297	11	17	4
798	1297	18	17	3
295	1297	15	17	4
405	1317	5	17	1
181	1317	1	17	1
503	1317	3	17	4
921	1317	1	17	2
798	1337	18	17	3
303	1337	3	17	1
393	1337	13	17	3
416	1337	16	17	1
532	1337	12	17	3
749	1337	9	17	3
648	1337	8	17	3
851	1337	11	17	3
181	1337	1	17	1
242	1357	2	17	5
599	1357	19	17	2
181	1357	1	17	1
592	1377	12	17	3
463	1377	3	17	4
936	1377	16	17	5
181	1377	1	17	1
932	1397	12	17	4
184	1397	4	17	3
269	1397	9	17	4
234	1397	14	17	4
707	1397	7	17	1
195	1417	15	17	3
782	1417	2	17	2
405	1437	5	17	1
682	1437	2	17	2
279	1437	19	17	3
566	1437	6	17	2
336	1437	16	17	2
221	1437	1	17	3
504	1437	4	17	2
896	1437	16	17	1
727	1437	7	17	2
234	1457	14	17	3
268	1477	8	17	2
782	1477	2	17	3
747	1497	7	17	4
279	1497	19	17	2
314	1517	14	17	4
577	1517	17	17	3
798	1517	18	17	4
405	1517	5	17	1
416	1517	16	17	2
819	1537	19	17	5
409	1537	9	17	4
782	1537	2	17	3
387	1537	7	17	4
405	1557	5	17	1
405	1577	5	17	1
828	1597	8	17	3
833	1597	13	17	5
425	1597	5	17	3
671	1597	11	17	1
916	1597	16	17	3
724	1617	4	17	1
519	1617	19	17	5
655	1637	15	17	3
727	1657	7	17	3
854	1677	14	17	3
