92	13	12	13	4
17	13	17	13	3
769	13	9	13	4
895	13	15	13	5
25	13	5	13	4
474	13	14	13	5
416	13	16	13	5
188	13	8	13	4
1	13	1	13	5
406	13	6	13	2
18	13	18	13	5
104	13	4	13	3
463	13	3	13	3
637	13	17	13	1
733	13	13	13	3
592	13	12	13	5
572	13	12	13	4
176	13	16	13	4
123	13	3	13	3
306	13	6	13	4
62	13	2	13	4
659	13	19	13	4
763	13	3	13	3
552	13	12	13	3
115	13	15	13	5
381	13	1	13	4
305	13	5	13	3
773	13	13	13	4
666	13	6	13	4
402	13	2	13	3
847	13	7	13	3
75	13	15	13	5
269	13	9	13	4
160	13	0	13	4
596	13	16	13	2
174	13	14	13	3
138	13	18	13	4
74	13	14	13	4
288	13	8	13	5
458	13	18	13	4
196	13	16	13	2
378	13	18	13	3
280	13	0	13	5
735	13	15	13	4
699	13	19	13	4
268	13	8	13	3
936	13	16	13	4
514	13	14	13	3
837	13	17	13	4
181	13	1	13	2
249	13	9	13	4
716	13	16	13	2
49	13	9	13	3
642	13	2	13	4
336	13	16	13	3
334	13	14	13	3
297	13	17	13	3
924	13	4	13	3
398	13	18	13	3
13	13	13	13	5
668	13	8	13	4
219	13	19	13	1
823	13	3	13	5
590	13	10	13	4
447	13	7	13	5
468	13	8	13	4
758	13	18	13	5
654	13	14	13	1
903	13	3	13	5
500	13	0	13	5
470	13	10	13	4
227	13	7	13	5
343	13	3	13	5
508	13	8	13	4
747	13	7	13	3
14	13	14	13	4
59	13	19	13	5
108	13	8	13	3
663	13	3	13	3
794	13	14	13	4
829	13	9	13	4
889	13	9	13	4
707	13	7	13	4
26	13	6	13	3
540	13	0	13	4
244	13	4	13	4
354	13	14	13	3
542	13	2	13	4
569	13	9	13	3
450	13	10	13	3
437	13	17	13	4
439	13	19	13	3
521	13	1	13	2
537	13	17	13	4
555	13	15	13	5
501	13	1	13	4
881	13	1	13	4
486	13	6	13	4
548	13	8	13	1
533	13	13	13	3
58	13	18	13	3
23	13	3	13	4
271	13	11	13	4
648	13	8	13	3
560	13	0	13	3
365	13	5	13	3
189	13	9	13	4
194	13	14	13	4
102	13	2	13	3
805	13	5	13	3
279	13	19	13	3
551	13	11	13	1
457	13	17	13	3
45	13	5	13	5
296	13	16	13	3
615	13	15	13	4
401	13	1	13	2
901	13	1	13	1
742	13	2	13	4
790	13	10	13	3
894	13	14	13	4
63	13	3	13	4
360	13	0	13	3
417	13	17	13	2
2	13	2	13	4
85	13	5	13	3
460	13	0	13	3
213	13	13	13	4
184	13	4	13	3
151	13	11	13	3
635	13	15	13	2
883	13	3	13	4
662	13	2	13	4
214	13	14	13	3
145	13	5	13	5
207	13	7	13	3
387	13	7	13	4
345	13	5	13	4
286	13	6	13	2
689	13	9	13	1
52	13	12	13	5
315	13	15	13	4
234	13	14	13	3
543	13	3	13	3
676	13	16	13	1
792	13	12	13	4
60	13	0	13	4
342	13	2	13	3
79	13	19	13	3
150	13	10	13	4
870	13	10	13	4
299	13	19	13	4
89	13	9	13	2
591	13	11	13	4
834	13	14	13	2
864	13	4	13	4
15	13	15	13	1
869	13	9	13	3
554	13	14	13	2
524	13	4	13	4
10	13	10	13	3
497	13	17	13	2
87	13	7	13	3
722	13	2	13	2
934	13	14	13	5
243	13	3	13	4
887	13	7	13	1
854	13	14	13	3
634	13	14	13	4
327	13	7	13	2
844	13	4	13	3
833	13	13	13	2
764	13	4	13	2
561	13	1	13	3
82	13	2	13	2
270	13	10	13	4
6	13	6	13	2
344	13	4	13	3
303	13	3	13	4
503	13	3	13	3
518	13	18	13	4
456	13	16	13	4
655	13	15	13	3
390	13	10	13	2
207	33	7	13	2
648	33	8	13	1
387	33	7	13	3
506	33	6	13	3
280	33	0	13	3
897	33	17	13	5
336	33	16	13	3
151	33	11	13	5
268	33	8	13	3
425	33	5	13	4
442	33	2	13	3
87	33	7	13	3
476	33	16	13	4
551	33	11	13	5
59	33	19	13	3
293	33	13	13	2
466	33	6	13	4
805	33	5	13	5
152	33	12	13	5
267	33	7	13	5
276	33	16	13	4
916	33	16	13	2
846	33	6	13	5
823	33	3	13	3
393	33	13	13	3
496	33	16	13	4
90	33	10	13	4
889	33	9	13	5
345	33	5	13	4
198	33	18	13	3
221	33	1	13	4
456	33	16	13	4
264	33	4	13	3
435	33	15	13	3
796	33	16	13	3
291	33	11	13	4
758	33	18	13	4
16	33	16	13	2
201	33	1	13	4
197	33	17	13	2
682	33	2	13	4
886	33	6	13	4
453	33	13	13	4
640	33	0	13	3
394	33	14	13	4
218	33	18	13	4
62	33	2	13	1
326	33	6	13	2
279	33	19	13	4
826	33	6	13	3
586	33	6	13	5
643	33	3	13	3
521	33	1	13	4
619	33	19	13	3
450	33	10	13	5
405	33	5	13	1
665	33	5	13	2
660	33	0	13	2
303	33	3	13	4
322	33	2	13	4
882	33	2	13	2
497	33	17	13	4
301	33	1	13	4
110	33	10	13	4
896	33	16	13	2
327	33	7	13	3
627	33	7	13	1
200	33	0	13	4
618	33	18	13	2
193	33	13	13	3
251	33	11	13	3
13	33	13	13	5
621	33	1	13	4
144	33	4	13	5
320	33	0	13	4
117	33	17	13	4
130	33	10	13	5
135	33	15	13	3
880	33	0	13	3
115	33	15	13	4
346	33	6	13	5
10	33	10	13	4
94	33	14	13	3
715	33	15	13	3
95	33	15	13	3
1	33	1	13	4
804	33	4	13	4
606	33	6	13	4
671	33	11	13	5
488	33	8	13	2
727	33	7	13	3
399	33	19	13	3
217	33	17	13	4
566	33	6	13	2
305	33	5	13	3
833	33	13	13	2
472	33	12	13	5
59	53	19	13	5
249	53	9	13	4
94	53	14	13	4
92	53	12	13	3
276	53	16	13	4
118	53	18	13	5
619	53	19	13	2
826	53	6	13	5
664	53	4	13	3
332	53	12	13	3
757	53	17	13	3
314	53	14	13	1
297	53	17	13	3
586	53	6	13	5
487	53	7	13	2
303	53	3	13	3
270	53	10	13	4
217	53	17	13	1
372	53	12	13	5
368	53	8	13	2
442	53	2	13	3
425	53	5	13	4
886	53	6	13	1
85	53	5	13	3
933	53	13	13	1
102	53	2	13	2
343	53	3	13	5
802	53	2	13	4
346	53	6	13	1
709	53	9	13	3
378	53	18	13	3
387	53	7	13	4
388	53	8	13	5
422	53	2	13	4
833	53	13	13	1
21	53	1	13	4
366	53	6	13	5
268	53	8	13	3
399	53	19	13	4
896	53	16	13	1
145	53	5	13	2
280	53	0	13	5
326	53	6	13	1
13	53	13	13	1
671	53	11	13	3
506	53	6	13	4
561	53	1	13	3
367	53	7	13	4
715	53	15	13	1
773	53	13	13	3
846	53	6	13	3
537	53	17	13	2
690	53	10	13	2
130	53	10	13	3
880	53	0	13	4
158	53	18	13	1
361	53	1	13	2
693	53	13	13	4
429	53	9	13	1
642	53	2	13	2
186	53	6	13	1
498	53	18	13	4
870	53	10	13	2
62	53	2	13	2
788	53	8	13	1
655	53	15	13	2
339	53	19	13	4
286	53	6	13	2
385	53	5	13	1
653	53	13	13	2
1	53	1	13	3
180	53	0	13	5
621	53	1	13	4
546	53	6	13	5
543	53	3	13	3
796	53	16	13	1
405	53	5	13	2
617	53	17	13	1
627	53	7	13	4
943	53	3	13	3
7	53	7	13	5
406	53	6	13	4
497	53	17	13	3
416	53	16	13	2
56	53	16	13	3
756	53	16	13	3
533	53	13	13	1
814	53	14	13	4
864	53	4	13	4
222	53	2	13	5
389	53	9	13	2
643	53	3	13	4
504	53	4	13	4
255	53	15	13	3
682	53	2	13	2
640	53	0	13	4
766	53	6	13	4
453	53	13	13	3
495	53	15	13	1
22	53	2	13	3
301	53	1	13	1
49	53	9	13	4
244	53	4	13	3
457	53	17	13	4
758	53	18	13	4
267	53	7	13	4
207	53	7	13	1
727	53	7	13	1
600	53	0	13	4
883	53	3	13	5
496	53	16	13	3
221	53	1	13	4
455	53	15	13	1
109	53	9	13	4
269	53	9	13	1
293	53	13	13	3
456	53	16	13	4
295	53	15	13	1
823	53	3	13	5
484	53	4	13	1
881	53	1	13	2
774	53	14	13	4
435	53	15	13	3
916	53	16	13	4
291	53	11	13	5
201	53	1	13	3
843	53	3	13	2
776	53	16	13	2
398	73	18	13	3
125	73	5	13	5
363	73	3	13	2
399	73	19	13	3
102	73	2	13	3
933	73	13	13	4
13	73	13	13	3
151	73	11	13	4
790	73	10	13	4
308	73	8	13	3
268	73	8	13	3
334	73	14	13	3
330	73	10	13	5
95	73	15	13	4
194	73	14	13	3
234	73	14	13	2
297	73	17	13	2
314	73	14	13	4
715	73	15	13	4
588	73	8	13	3
65	73	5	13	4
788	73	8	13	3
313	73	13	13	5
347	73	7	13	2
82	73	2	13	4
411	73	11	13	4
435	73	15	13	3
339	73	19	13	3
405	73	5	13	5
1	73	1	13	3
344	73	4	13	3
286	73	6	13	5
167	73	7	13	2
210	73	10	13	5
642	73	2	13	4
690	73	10	13	2
632	73	12	13	3
899	73	19	13	4
144	73	4	13	3
406	73	6	13	2
87	73	7	13	3
454	73	14	13	3
712	73	12	13	5
943	73	3	13	3
487	73	7	13	3
593	73	13	13	2
299	73	19	13	2
559	73	19	13	4
43	73	3	13	4
311	73	11	13	4
618	73	18	13	3
807	73	7	13	3
864	73	4	13	5
193	73	13	13	3
222	73	2	13	4
514	73	14	13	4
416	73	16	13	3
545	73	5	13	4
647	73	7	13	5
332	73	12	13	4
700	73	0	13	3
621	73	1	13	5
56	73	16	13	4
682	73	2	13	5
892	73	12	13	3
536	73	16	13	4
271	73	11	13	2
42	73	2	13	4
371	73	11	13	5
128	73	8	13	3
303	73	3	13	3
279	73	19	13	4
417	73	17	13	3
7	73	7	13	3
747	73	7	13	4
60	73	0	13	4
664	73	4	13	2
749	73	9	13	4
650	73	10	13	3
178	73	18	13	5
394	73	14	13	3
542	73	2	13	3
846	73	6	13	4
301	73	1	13	4
328	73	8	13	4
505	73	5	13	4
716	73	16	13	4
474	73	14	13	3
450	73	10	13	3
896	73	16	13	3
453	73	13	13	4
92	73	12	13	3
541	73	1	13	4
868	73	8	13	1
436	73	16	13	4
897	73	17	13	3
763	73	3	13	3
198	73	18	13	3
727	73	7	13	4
295	73	15	13	4
276	73	16	13	3
916	73	16	13	3
551	73	11	13	2
407	73	7	13	4
484	73	4	13	4
393	73	13	13	4
798	73	18	13	4
889	73	9	13	3
59	73	19	13	4
476	73	16	13	4
508	73	8	13	3
521	73	1	13	3
679	73	19	13	4
901	73	1	13	5
659	73	19	13	4
293	73	13	13	2
645	73	5	13	3
207	73	7	13	3
684	73	4	13	4
562	73	2	13	4
506	73	6	13	4
497	73	17	13	3
23	73	3	13	3
472	73	12	13	4
280	73	0	13	3
378	73	18	13	3
429	73	9	13	3
452	73	12	13	3
354	93	14	13	4
467	93	7	13	4
937	93	17	13	4
160	93	0	13	5
94	93	14	13	4
936	93	16	13	5
150	93	10	13	4
606	93	6	13	4
157	93	17	13	3
805	93	5	13	5
422	93	2	13	4
655	93	15	13	3
64	93	4	13	2
432	93	12	13	2
637	93	17	13	3
470	93	10	13	4
453	93	13	13	2
707	93	7	13	5
561	93	1	13	4
14	93	14	13	3
387	93	7	13	5
76	93	16	13	4
79	93	19	13	2
847	93	7	13	1
399	93	19	13	3
889	93	9	13	3
323	93	3	13	4
299	93	19	13	2
130	93	10	13	5
919	93	19	13	5
758	93	18	13	5
181	93	1	13	1
269	93	9	13	3
379	93	19	13	3
151	93	11	13	5
838	93	18	13	3
911	93	11	13	4
501	93	1	13	4
203	93	3	13	4
46	93	6	13	4
662	93	2	13	5
406	93	6	13	4
234	93	14	13	3
270	93	10	13	5
624	93	4	13	5
439	93	19	13	4
864	93	4	13	3
463	93	3	13	4
490	93	10	13	4
115	93	15	13	3
249	93	9	13	4
747	93	7	13	4
78	93	18	13	4
500	93	0	13	4
478	93	18	13	4
315	93	15	13	5
789	93	9	13	4
214	93	14	13	4
195	93	15	13	3
325	93	5	13	4
385	93	5	13	3
527	93	7	13	4
592	93	12	13	4
363	93	3	13	4
537	93	17	13	3
770	93	10	13	5
119	93	19	13	4
634	93	14	13	5
198	93	18	13	3
839	93	19	13	4
49	93	9	13	5
294	93	14	13	4
429	93	9	13	4
618	93	18	13	3
854	93	14	13	5
201	93	1	13	5
345	93	5	13	4
894	93	14	13	4
303	93	3	13	5
608	93	8	13	4
277	93	17	13	4
327	93	7	13	4
52	93	12	13	4
314	93	14	13	1
416	93	16	13	4
81	93	1	13	3
264	93	4	13	5
199	93	19	13	4
222	93	2	13	2
243	93	3	13	2
7	93	7	13	5
880	93	0	13	4
735	93	15	13	2
582	93	2	13	5
445	93	5	13	1
184	93	4	13	4
89	93	9	13	2
534	93	14	13	1
227	93	7	13	5
216	93	16	13	4
144	93	4	13	1
833	93	13	13	4
342	93	2	13	4
92	93	12	13	4
291	93	11	13	4
176	93	16	13	5
773	93	13	13	3
560	93	0	13	3
10	93	10	13	4
486	93	6	13	4
1	93	1	13	5
334	93	14	13	4
257	113	17	13	4
387	113	7	13	4
585	113	5	13	3
1	113	1	13	5
883	113	3	13	4
930	113	10	13	5
655	113	15	13	3
894	113	14	13	4
18	113	18	13	5
588	133	8	13	5
566	133	6	13	4
90	133	10	13	5
313	133	13	13	5
610	133	10	13	4
524	133	4	13	5
312	133	12	13	5
23	133	3	13	4
899	133	19	13	3
815	133	15	13	5
286	133	6	13	4
848	133	8	13	4
38	133	18	13	2
504	133	4	13	5
406	133	6	13	5
479	133	19	13	2
849	133	9	13	5
398	133	18	13	3
189	133	9	13	5
25	133	5	13	3
161	133	1	13	2
148	133	8	13	5
82	133	2	13	4
537	133	17	13	4
932	133	12	13	4
233	133	13	13	5
556	133	16	13	5
381	133	1	13	5
350	133	10	13	5
846	133	6	13	4
308	133	8	13	3
535	133	15	13	5
749	133	9	13	4
533	133	13	13	5
194	133	14	13	3
128	133	8	13	5
301	133	1	13	4
921	133	1	13	5
298	133	18	13	3
389	133	9	13	5
213	133	13	13	3
890	133	10	13	5
450	133	10	13	5
496	133	16	13	5
892	133	12	13	3
698	133	18	13	2
500	133	0	13	3
642	133	2	13	5
666	133	6	13	3
178	133	18	13	4
325	133	5	13	3
409	133	9	13	4
864	133	4	13	5
426	133	6	13	5
97	133	17	13	1
522	133	2	13	3
748	133	8	13	3
77	133	17	13	2
648	133	8	13	4
387	133	7	13	2
328	133	8	13	5
44	133	4	13	4
416	133	16	13	2
293	133	13	13	3
487	133	7	13	4
342	133	2	13	4
6	133	6	13	4
378	133	18	13	5
151	133	11	13	5
290	133	10	13	3
391	133	11	13	4
331	133	11	13	3
694	133	14	13	5
311	133	11	13	3
18	133	18	13	5
747	133	7	13	5
503	133	3	13	5
577	133	17	13	4
263	133	3	13	5
175	133	15	13	4
167	133	7	13	5
138	133	18	13	4
798	133	18	13	3
601	133	1	13	4
554	133	14	13	4
339	133	19	13	4
632	133	12	13	4
763	133	3	13	3
43	133	3	13	4
295	133	15	13	4
321	133	1	13	5
272	133	12	13	1
1	133	1	13	4
882	133	2	13	5
234	133	14	13	3
539	133	19	13	4
330	133	10	13	5
875	133	15	13	4
897	133	17	13	4
456	133	16	13	3
561	133	1	13	3
94	133	14	13	4
854	133	14	13	3
297	133	17	13	4
843	133	3	13	3
429	133	9	13	3
650	133	10	13	4
835	133	15	13	5
665	133	5	13	3
711	133	11	13	5
896	133	16	13	2
788	133	8	13	5
436	133	16	13	3
454	133	14	13	4
847	133	7	13	3
346	133	6	13	5
536	133	16	13	4
12	133	12	13	4
608	133	8	13	4
716	133	16	13	5
379	133	19	13	4
807	133	7	13	5
269	133	9	13	3
7	133	7	13	5
327	133	7	13	4
804	133	4	13	3
707	133	7	13	2
562	133	2	13	2
488	133	8	13	4
271	133	11	13	4
232	133	12	13	4
766	133	6	13	3
731	133	11	13	1
457	133	17	13	4
683	133	3	13	5
245	133	5	13	2
236	133	16	13	5
618	133	18	13	4
495	133	15	13	3
401	133	1	13	4
881	133	1	13	4
239	133	19	13	3
669	133	9	13	4
918	133	18	13	1
868	133	8	13	2
780	133	0	13	5
152	133	12	13	5
318	133	18	13	4
169	133	9	13	4
593	133	13	13	4
447	133	7	13	4
385	133	5	13	1
605	133	5	13	5
338	133	18	13	4
908	133	8	13	5
806	133	6	13	5
437	133	17	13	5
10	133	10	13	5
85	133	5	13	4
505	133	5	13	5
59	133	19	13	3
254	133	14	13	5
246	133	6	13	3
95	133	15	13	3
207	133	7	13	4
786	133	6	13	5
354	133	14	13	3
222	133	2	13	1
567	133	7	13	4
60	133	0	13	4
655	133	15	13	4
514	153	14	13	4
248	153	8	13	3
407	153	7	13	4
350	153	10	13	3
622	153	2	13	4
478	153	18	13	3
334	153	14	13	4
885	153	5	13	2
851	153	11	13	3
601	153	1	13	4
655	153	15	13	2
1	153	1	13	3
379	153	19	13	4
370	153	10	13	2
854	153	14	13	4
499	153	19	13	4
18	153	18	13	4
850	153	10	13	4
7	153	7	13	5
87	153	7	13	5
73	153	13	13	3
236	153	16	13	2
796	153	16	13	5
342	153	2	13	4
860	153	0	13	4
642	153	2	13	3
152	153	12	13	4
210	153	10	13	5
503	153	3	13	2
934	153	14	13	5
406	153	6	13	3
437	153	17	13	5
488	153	8	13	2
795	153	15	13	3
539	153	19	13	5
924	153	4	13	4
97	153	17	13	5
896	153	16	13	4
899	153	19	13	5
339	153	19	13	4
922	153	2	13	4
538	153	18	13	4
653	153	13	13	2
188	153	8	13	5
666	153	6	13	4
385	153	5	13	4
409	153	9	13	4
96	153	16	13	4
5	153	5	13	5
286	153	6	13	5
840	153	0	13	3
481	153	1	13	5
886	153	6	13	3
144	153	4	13	5
10	153	10	13	4
523	153	3	13	4
321	153	1	13	4
222	153	2	13	4
60	153	0	13	3
749	153	9	13	4
24	153	4	13	4
536	153	16	13	4
543	153	3	13	3
918	153	18	13	1
336	153	16	13	5
559	153	19	13	3
387	153	7	13	4
299	153	19	13	3
23	153	3	13	4
593	153	13	13	5
43	153	3	13	5
184	153	4	13	3
327	153	7	13	4
605	153	5	13	4
296	153	16	13	4
193	153	13	13	4
815	153	15	13	4
638	153	18	13	3
563	153	3	13	4
298	153	18	13	3
38	153	18	13	5
279	153	19	13	5
326	153	6	13	4
650	153	10	13	4
629	153	9	13	5
62	153	2	13	4
630	153	10	13	3
694	153	14	13	4
454	153	14	13	3
234	153	14	13	3
553	153	13	13	5
561	153	1	13	3
757	153	17	13	3
615	153	15	13	4
551	153	11	13	3
892	153	12	13	5
664	153	4	13	4
623	153	3	13	3
333	153	13	13	4
308	153	8	13	5
579	153	19	13	4
401	153	1	13	2
235	153	15	13	4
346	153	6	13	3
56	153	16	13	4
890	153	10	13	3
305	153	5	13	3
207	153	7	13	5
698	153	18	13	2
58	153	18	13	5
95	153	15	13	5
268	153	8	13	5
328	153	8	13	2
805	153	5	13	4
151	153	11	13	3
303	153	3	13	5
562	153	2	13	4
416	153	16	13	4
442	153	2	13	3
307	153	7	13	5
468	153	8	13	5
160	153	0	13	3
92	153	12	13	4
389	153	9	13	3
660	153	0	13	4
748	153	8	13	4
114	153	14	13	3
435	153	15	13	3
262	153	2	13	3
250	153	10	13	2
707	153	7	13	3
738	153	18	13	4
643	153	3	13	4
297	153	17	13	5
521	153	1	13	4
218	153	18	13	4
535	153	15	13	4
244	153	4	13	4
291	153	11	13	4
280	153	0	13	5
639	153	19	13	3
932	153	12	13	4
301	153	1	13	3
85	153	5	13	3
22	153	2	13	5
177	153	17	13	4
178	153	18	13	4
312	153	12	13	2
253	153	13	13	3
716	153	16	13	4
848	153	8	13	5
878	153	18	13	5
354	153	14	13	3
610	153	10	13	5
276	153	16	13	4
930	153	10	13	2
31	153	11	13	4
292	153	12	13	4
504	153	4	13	3
313	153	13	13	3
77	153	17	13	5
864	153	4	13	5
690	153	10	13	5
102	153	2	13	2
447	153	7	13	4
648	153	8	13	4
758	153	18	13	5
751	153	11	13	4
659	153	19	13	4
495	153	15	13	5
508	153	8	13	3
450	153	10	13	5
806	153	6	13	4
19	153	19	13	4
727	153	7	13	4
763	153	3	13	4
497	153	17	13	4
843	153	3	13	3
883	153	3	13	5
267	153	7	13	5
330	153	10	13	5
293	153	13	13	4
28	153	8	13	3
264	153	4	13	5
679	153	19	13	2
393	153	13	13	3
777	153	17	13	1
198	153	18	13	4
916	153	16	13	3
263	153	3	13	3
378	153	18	13	4
180	153	0	13	1
230	153	10	13	5
747	153	7	13	4
804	153	4	13	4
721	153	1	13	4
911	153	11	13	5
889	153	9	13	5
295	153	15	13	5
374	153	14	13	5
868	153	8	13	2
731	153	11	13	3
484	153	4	13	5
71	153	11	13	4
90	153	10	13	5
790	153	10	13	3
940	153	0	13	2
343	153	3	13	5
216	153	16	13	4
429	153	9	13	4
492	153	12	13	4
6	153	6	13	4
586	153	6	13	2
838	153	18	13	4
527	153	7	13	5
566	153	6	13	2
654	153	14	13	4
94	153	14	13	5
833	153	13	13	3
363	153	3	13	3
44	153	4	13	4
847	153	7	13	4
788	153	8	13	3
682	153	2	13	3
479	153	19	13	4
64	153	4	13	3
398	153	18	13	4
829	153	9	13	4
269	153	9	13	3
532	153	12	13	4
417	153	17	13	5
194	153	14	13	3
237	153	17	13	3
469	153	9	13	4
196	153	16	13	5
452	153	12	13	4
125	153	5	13	2
933	153	13	13	3
13	153	13	13	4
41	153	1	13	4
606	153	6	13	3
373	153	13	13	5
888	153	8	13	4
399	153	19	13	2
290	153	10	13	3
773	153	13	13	5
823	153	3	13	4
566	173	6	13	3
815	173	15	13	5
299	173	19	13	5
283	173	3	13	5
593	173	13	13	5
495	173	15	13	5
606	173	6	13	5
709	173	9	13	4
429	173	9	13	4
60	173	0	13	4
271	173	11	13	4
481	173	1	13	4
311	173	11	13	5
292	173	12	13	5
232	173	12	13	4
711	173	11	13	3
628	173	8	13	3
592	173	12	13	5
59	173	19	13	5
524	173	4	13	4
659	173	19	13	4
514	173	14	13	5
321	173	1	13	4
401	173	1	13	3
391	173	11	13	4
622	173	2	13	5
234	173	14	13	3
707	173	7	13	2
253	173	13	13	5
899	173	19	13	3
618	173	18	13	3
679	173	19	13	5
664	173	4	13	4
588	173	8	13	5
433	173	13	13	4
868	173	8	13	4
885	173	5	13	4
65	173	5	13	3
620	173	0	13	5
795	173	15	13	4
110	173	10	13	1
293	173	13	13	5
49	173	9	13	3
469	173	9	13	4
875	173	15	13	5
340	173	0	13	5
286	173	6	13	4
712	173	12	13	5
275	173	15	13	3
554	173	14	13	3
561	173	1	13	4
831	173	11	13	3
420	173	0	13	3
7	173	7	13	5
934	173	14	13	3
346	173	6	13	3
41	173	1	13	4
661	173	1	13	4
766	173	6	13	4
352	173	12	13	1
499	173	19	13	5
385	173	5	13	4
315	173	15	13	4
645	173	5	13	4
907	173	7	13	4
897	173	17	13	3
11	173	11	13	5
345	173	5	13	5
601	173	1	13	5
378	173	18	13	5
642	173	2	13	5
223	173	3	13	5
95	173	15	13	5
326	173	6	13	5
943	173	3	13	5
727	173	7	13	5
505	173	5	13	3
57	173	17	13	5
650	173	10	13	5
737	173	17	13	4
144	173	4	13	5
92	173	12	13	3
889	173	9	13	5
201	173	1	13	3
840	173	0	13	5
178	173	18	13	5
264	173	4	13	5
850	173	10	13	5
541	173	1	13	5
864	173	4	13	5
704	173	4	13	4
194	173	14	13	5
577	173	17	13	5
96	173	16	13	3
629	173	9	13	5
508	173	8	13	4
804	173	4	13	4
928	173	8	13	4
417	173	17	13	5
916	173	16	13	4
933	173	13	13	3
666	173	6	13	4
28	173	8	13	3
503	173	3	13	5
6	173	6	13	5
940	173	0	13	4
350	173	10	13	4
249	173	9	13	5
73	173	13	13	5
484	173	4	13	5
1	173	1	13	5
710	173	10	13	3
886	173	6	13	5
648	173	8	13	5
686	173	6	13	5
538	173	18	13	3
336	173	16	13	5
339	173	19	13	5
838	173	18	13	5
85	173	5	13	3
221	173	1	13	4
632	173	12	13	5
295	173	15	13	5
354	173	14	13	3
398	173	18	13	4
542	173	2	13	4
913	173	13	13	5
269	173	9	13	1
303	173	3	13	5
763	173	3	13	4
450	173	10	13	5
379	173	19	13	5
130	173	10	13	3
455	173	15	13	4
676	173	16	13	5
89	173	9	13	5
654	173	14	13	5
392	173	12	13	4
5	173	5	13	4
921	173	1	13	5
305	173	5	13	3
883	173	3	13	4
222	173	2	13	5
198	173	18	13	4
497	173	17	13	5
751	173	11	13	4
409	173	9	13	3
412	173	12	13	5
77	173	17	13	5
117	173	17	13	5
487	173	7	13	4
243	173	3	13	3
715	173	15	13	5
586	173	6	13	3
177	173	17	13	4
747	173	7	13	3
188	173	8	13	5
419	173	19	13	5
393	173	13	13	5
924	173	4	13	5
844	173	4	13	5
406	173	6	13	2
276	173	16	13	5
189	173	9	13	5
361	173	1	13	5
567	173	7	13	4
70	173	10	13	4
407	173	7	13	5
124	173	4	13	2
734	173	14	13	3
753	173	13	13	5
51	173	11	13	5
537	173	17	13	4
109	173	9	13	5
705	173	5	13	2
721	173	1	13	5
23	173	3	13	5
506	173	6	13	4
625	173	5	13	3
196	173	16	13	2
158	173	18	13	5
545	173	5	13	5
320	173	0	13	5
373	173	13	13	5
288	173	8	13	3
145	173	5	13	5
786	173	6	13	4
374	173	14	13	3
904	173	4	13	3
363	173	3	13	5
798	173	18	13	5
911	173	11	13	5
152	173	12	13	5
698	173	18	13	5
762	173	2	13	5
796	173	16	13	5
643	173	3	13	4
882	173	2	13	5
892	173	12	13	5
522	173	2	13	4
278	173	18	13	5
128	173	8	13	5
896	173	16	13	5
452	173	12	13	4
416	173	16	13	5
62	173	2	13	5
280	173	0	13	3
521	173	1	13	4
468	173	8	13	5
748	173	8	13	4
279	173	19	13	5
270	173	10	13	5
377	173	17	13	5
483	173	3	13	4
214	173	14	13	4
716	173	16	13	4
621	173	1	13	4
97	173	17	13	3
301	173	1	13	4
890	173	10	13	4
805	173	5	13	4
58	173	18	13	5
575	173	15	13	5
307	173	7	13	5
125	173	5	13	5
387	173	7	13	4
268	173	8	13	4
213	173	13	13	5
180	173	0	13	5
25	173	5	13	4
807	173	7	13	3
862	173	2	13	5
771	173	11	13	4
738	173	18	13	5
454	173	14	13	2
246	173	6	13	5
332	173	12	13	5
823	173	3	13	5
135	173	15	13	4
479	173	19	13	5
912	173	12	13	4
389	173	9	13	3
218	173	18	13	3
421	173	1	13	1
457	173	17	13	5
202	173	2	13	2
768	173	8	13	5
647	173	7	13	5
660	173	0	13	5
932	173	12	13	3
24	173	4	13	5
496	173	16	13	5
472	173	12	13	5
94	173	14	13	4
848	173	8	13	5
64	173	4	13	5
99	173	19	13	4
535	173	15	13	5
880	173	0	13	3
42	173	2	13	5
43	173	3	13	5
741	173	1	13	2
799	173	19	13	5
102	173	2	13	3
877	173	17	13	4
291	173	11	13	5
493	173	13	13	4
405	173	5	13	5
854	173	14	13	4
297	173	17	13	4
98	173	18	13	1
488	173	8	13	4
435	173	15	13	5
370	173	10	13	3
700	173	0	13	5
334	173	14	13	4
56	173	16	13	4
474	173	14	13	5
749	173	9	13	5
684	173	4	13	3
556	173	16	13	3
830	173	10	13	4
847	173	7	13	5
908	173	8	13	3
44	173	4	13	5
756	173	16	13	3
316	173	16	13	1
314	173	14	13	1
579	173	19	13	5
682	173	2	13	4
210	173	10	13	4
476	173	16	13	5
347	173	7	13	2
562	173	2	13	5
259	173	19	13	4
846	173	6	13	4
603	173	3	13	4
312	173	12	13	3
758	173	18	13	5
466	173	6	13	3
437	173	17	13	4
764	173	4	13	3
843	173	3	13	2
757	173	17	13	4
344	173	4	13	5
244	173	4	13	4
640	173	0	13	5
871	173	11	13	5
13	173	13	13	2
187	173	7	13	5
528	173	8	13	5
151	173	11	13	5
394	173	14	13	5
327	173	7	13	4
148	173	8	13	5
639	173	19	13	1
399	173	19	13	3
922	173	2	13	5
207	173	7	13	3
663	173	3	13	3
22	173	2	13	5
200	173	0	13	5
790	173	10	13	3
14	173	14	13	4
738	193	18	13	5
91	193	11	13	3
704	193	4	13	5
862	193	2	13	4
882	193	2	13	5
942	193	2	13	5
200	193	0	13	4
881	193	1	13	5
308	193	8	13	3
676	193	16	13	5
650	193	10	13	3
734	193	14	13	4
429	193	9	13	4
95	193	15	13	3
122	193	2	13	4
524	193	4	13	4
830	193	10	13	5
1	193	1	13	4
506	193	6	13	4
194	193	14	13	4
175	193	15	13	4
630	193	10	13	3
870	193	10	13	5
311	193	11	13	5
807	193	7	13	4
804	193	4	13	4
360	193	0	13	5
943	193	3	13	4
213	193	13	13	4
235	193	15	13	5
545	193	5	13	3
325	193	5	13	4
890	193	10	13	4
233	193	13	13	4
128	193	8	13	3
629	193	9	13	5
774	193	14	13	5
48	193	8	13	2
666	193	6	13	4
225	193	5	13	4
293	193	13	13	3
757	193	17	13	4
201	193	1	13	3
59	193	19	13	4
313	193	13	13	4
13	193	13	13	5
488	193	8	13	3
457	193	17	13	5
7	193	7	13	5
776	193	16	13	3
843	193	3	13	3
70	193	10	13	4
916	193	16	13	4
889	193	9	13	4
90	193	10	13	4
911	193	11	13	4
119	193	19	13	4
868	193	8	13	2
374	193	14	13	4
823	193	3	13	5
435	193	15	13	3
551	193	11	13	5
222	193	2	13	4
455	193	15	13	4
505	193	5	13	3
450	193	10	13	5
716	193	16	13	5
778	193	18	13	4
354	193	14	13	3
244	193	4	13	4
528	193	8	13	4
766	193	6	13	3
535	193	15	13	4
932	193	12	13	3
85	193	5	13	3
307	193	7	13	3
897	193	17	13	3
533	193	13	13	4
224	193	4	13	4
234	193	14	13	4
271	193	11	13	5
56	193	16	13	5
279	193	19	13	2
301	193	1	13	3
934	193	14	13	4
593	193	13	13	4
618	193	18	13	4
474	193	14	13	4
321	193	1	13	3
627	193	7	13	5
655	193	15	13	3
144	193	4	13	4
406	193	6	13	4
694	193	14	13	4
6	193	6	13	3
653	193	13	13	4
342	193	2	13	5
851	193	11	13	4
116	193	16	13	4
788	193	8	13	4
693	193	13	13	4
592	193	12	13	5
379	193	19	13	4
370	193	10	13	4
753	193	13	13	4
796	193	16	13	3
458	193	18	13	4
383	193	3	13	4
846	193	6	13	5
350	193	10	13	4
363	193	3	13	3
715	193	15	13	5
330	193	10	13	5
492	193	12	13	4
334	193	14	13	4
378	193	18	13	4
527	193	7	13	3
44	193	4	13	3
940	193	0	13	3
815	193	15	13	4
472	193	12	13	5
94	193	14	13	5
748	193	8	13	3
290	193	10	13	4
343	193	3	13	4
919	193	19	13	2
479	193	19	13	3
835	193	15	13	4
933	193	13	13	4
499	193	19	13	4
97	193	17	13	4
412	193	12	13	4
387	193	7	13	5
454	193	14	13	2
18	193	18	13	5
318	193	18	13	3
561	193	1	13	3
899	193	19	13	3
608	193	8	13	4
151	193	11	13	4
298	193	18	13	5
751	193	11	13	5
405	193	5	13	4
711	193	11	13	4
58	193	18	13	3
648	193	8	13	4
639	193	19	13	3
198	193	18	13	4
92	193	12	13	4
118	193	18	13	5
292	193	12	13	4
276	193	16	13	4
272	193	12	13	4
178	193	18	13	4
705	193	5	13	3
407	193	7	13	3
537	193	17	13	4
440	213	0	13	4
214	213	14	13	4
213	213	13	13	5
625	213	5	13	4
840	213	0	13	4
607	213	7	13	4
536	213	16	13	5
299	213	19	13	5
731	213	11	13	5
128	213	8	13	3
574	213	14	13	4
894	213	14	13	4
892	213	12	13	3
885	213	5	13	3
62	213	2	13	4
119	213	19	13	5
878	213	18	13	3
796	213	16	13	4
160	213	0	13	4
169	213	9	13	5
940	213	0	13	4
195	213	15	13	4
180	213	0	13	5
380	213	0	13	2
474	213	14	13	4
666	213	6	13	4
934	213	14	13	4
535	213	15	13	5
630	213	10	13	2
334	213	14	13	4
151	213	11	13	5
378	213	18	13	5
653	213	13	13	2
932	213	12	13	3
312	213	12	13	5
383	213	3	13	5
523	213	3	13	5
339	213	19	13	4
748	213	8	13	3
608	213	8	13	4
758	213	18	13	5
455	213	15	13	4
23	213	3	13	3
344	213	4	13	4
449	213	9	13	3
90	213	10	13	5
916	213	16	13	4
537	213	17	13	4
763	213	3	13	4
527	213	7	13	4
846	213	6	13	3
321	213	1	13	4
871	213	11	13	3
373	213	13	13	4
790	213	10	13	3
89	213	9	13	4
269	213	9	13	5
452	213	12	13	4
821	213	1	13	5
639	213	19	13	5
80	213	0	13	3
298	213	18	13	3
647	213	7	13	3
566	213	6	13	5
804	213	4	13	3
585	213	5	13	5
918	213	18	13	5
318	213	18	13	4
503	213	3	13	5
416	213	16	13	5
161	213	1	13	2
479	213	19	13	4
187	213	7	13	4
421	213	1	13	3
270	213	10	13	5
358	213	18	13	5
295	213	15	13	5
316	213	16	13	5
553	213	13	13	5
437	213	17	13	4
144	213	4	13	4
528	213	8	13	4
711	213	11	13	5
18	213	18	13	5
499	213	19	13	3
311	213	11	13	4
655	213	15	13	4
361	213	1	13	5
85	213	5	13	4
405	213	5	13	2
406	213	6	13	2
409	213	9	13	4
49	213	9	13	3
354	213	14	13	5
875	213	15	13	4
346	213	6	13	3
308	213	8	13	4
338	213	18	13	5
565	213	5	13	4
7	213	7	13	3
194	213	14	13	2
568	213	8	13	4
293	213	13	13	3
805	213	5	13	3
73	213	13	13	4
622	213	2	13	5
861	213	1	13	5
716	213	16	13	5
884	213	4	13	4
330	213	10	13	5
829	213	9	13	4
751	213	11	13	5
734	213	14	13	5
538	213	18	13	3
297	213	17	13	3
234	213	14	13	3
58	213	18	13	5
184	213	4	13	5
1	213	1	13	2
14	213	14	13	5
201	213	1	13	4
235	213	15	13	4
828	213	8	13	2
6	213	6	13	4
712	213	12	13	3
11	213	11	13	4
480	213	0	13	5
450	213	10	13	4
524	213	4	13	4
883	213	3	13	2
391	213	11	13	4
615	213	15	13	5
899	213	19	13	4
106	213	6	13	4
308	233	8	13	3
559	233	19	13	3
727	233	7	13	4
102	233	2	13	3
705	233	5	13	3
690	233	10	13	3
823	233	3	13	4
8	233	8	13	4
293	233	13	13	2
158	233	18	13	3
207	233	7	13	3
405	233	5	13	1
276	233	16	13	3
916	233	16	13	3
332	233	12	13	4
72	233	12	13	4
506	233	6	13	4
109	233	9	13	4
619	233	19	13	4
326	233	6	13	4
450	233	10	13	3
303	233	3	13	4
94	233	14	13	3
653	233	13	13	3
885	233	5	13	3
627	233	7	13	2
650	233	10	13	2
37	233	17	13	4
618	233	18	13	3
1	233	1	13	2
188	233	8	13	3
943	233	3	13	5
130	233	10	13	4
497	233	17	13	2
379	233	19	13	3
655	233	15	13	3
347	233	7	13	5
543	233	3	13	4
632	233	12	13	3
327	233	7	13	3
773	233	13	13	1
301	233	1	13	4
394	233	14	13	3
563	233	3	13	4
715	233	15	13	3
749	233	9	13	5
399	233	19	13	3
280	233	0	13	4
56	233	16	13	1
774	233	14	13	2
339	233	19	13	1
429	233	9	13	3
682	233	2	13	2
830	233	10	13	3
95	233	15	13	4
561	233	1	13	1
447	233	7	13	4
268	233	8	13	3
110	233	10	13	4
892	233	12	13	5
5	233	5	13	4
425	233	5	13	2
234	233	14	13	2
586	233	6	13	4
671	233	11	13	4
886	233	6	13	3
643	233	3	13	4
135	233	15	13	3
13	233	13	13	4
757	233	17	13	3
833	233	13	13	2
472	233	12	13	4
548	233	8	13	5
738	233	18	13	3
709	233	9	13	3
230	233	10	13	1
790	233	10	13	3
378	233	18	13	2
551	233	11	13	4
346	233	6	13	4
815	233	15	13	3
622	233	2	13	4
279	233	19	13	5
796	233	16	13	4
453	233	13	13	2
880	233	0	13	4
746	233	6	13	4
87	233	7	13	4
933	233	13	13	2
495	233	15	13	4
640	233	0	13	4
297	233	17	13	2
16	233	16	13	5
197	233	17	13	4
83	233	3	13	4
311	233	11	13	4
256	233	16	13	4
387	233	7	13	3
846	233	6	13	5
804	233	4	13	4
320	233	0	13	4
826	233	6	13	4
201	233	1	13	4
545	233	5	13	4
503	233	3	13	5
881	233	1	13	3
267	233	7	13	4
868	233	8	13	2
222	233	2	13	2
92	233	12	13	3
22	233	2	13	3
896	233	16	13	2
621	233	1	13	3
593	233	13	13	2
178	233	18	13	4
375	233	15	13	4
806	233	6	13	2
374	233	14	13	3
600	233	0	13	2
642	233	2	13	4
373	233	13	13	3
217	233	17	13	4
393	233	13	13	3
484	233	4	13	5
189	253	9	13	4
50	253	10	13	5
733	253	13	13	3
437	253	17	13	1
936	253	16	13	5
1	253	1	13	5
430	253	10	13	1
385	253	5	13	3
869	253	9	13	4
416	253	16	13	3
782	253	2	13	2
770	253	10	13	5
460	253	0	13	3
592	253	12	13	1
870	253	10	13	4
622	253	2	13	3
758	253	18	13	5
557	253	17	13	3
919	253	19	13	3
736	253	16	13	5
214	253	14	13	5
558	253	18	13	5
581	253	1	13	5
116	253	16	13	3
270	253	10	13	5
463	253	3	13	5
758	273	18	13	4
538	273	18	13	3
870	273	10	13	3
655	273	15	13	4
291	273	11	13	3
234	273	14	13	3
175	273	15	13	2
276	273	16	13	4
518	273	18	13	5
113	273	13	13	4
327	273	7	13	2
435	273	15	13	5
54	273	14	13	4
2	273	2	13	4
99	273	19	13	5
490	273	10	13	1
886	273	6	13	2
201	273	1	13	2
542	273	2	13	3
774	273	14	13	1
897	273	17	13	3
823	273	3	13	3
344	273	4	13	4
227	273	7	13	3
294	273	14	13	3
467	273	7	13	4
160	273	0	13	5
218	273	18	13	4
8	273	8	13	3
805	273	5	13	2
470	273	10	13	3
537	273	17	13	3
221	273	1	13	5
699	273	19	13	3
324	273	4	13	5
92	273	12	13	4
207	273	7	13	4
183	273	3	13	4
328	273	8	13	3
501	273	1	13	4
393	273	13	13	3
94	273	14	13	4
346	273	6	13	4
487	273	7	13	5
497	273	17	13	4
619	273	19	13	4
315	273	15	13	3
178	273	18	13	3
308	273	8	13	2
277	273	17	13	5
456	273	16	13	3
87	273	7	13	3
303	273	3	13	3
106	273	6	13	3
293	273	13	13	4
249	273	9	13	4
460	273	0	13	4
657	273	17	13	3
332	273	12	13	5
764	273	4	13	3
689	273	9	13	3
889	273	9	13	4
159	273	19	13	5
730	273	10	13	2
450	273	10	13	3
905	273	5	13	3
936	273	16	13	3
352	273	12	13	2
69	273	9	13	3
521	273	1	13	3
297	273	17	13	4
62	273	2	13	4
743	273	3	13	3
81	273	1	13	4
372	273	12	13	5
777	273	17	13	4
436	273	16	13	4
145	273	5	13	5
586	273	6	13	5
883	273	3	13	4
825	273	5	13	5
637	273	17	13	3
868	273	8	13	3
374	273	14	13	2
806	273	6	13	4
387	273	7	13	4
55	273	15	13	5
413	273	13	13	2
561	273	1	13	5
433	273	13	13	3
267	273	7	13	4
867	273	7	13	3
903	273	3	13	3
749	273	9	13	4
453	273	13	13	4
479	273	19	13	4
385	273	5	13	2
323	273	3	13	4
75	273	15	13	5
13	273	13	13	3
190	273	10	13	4
790	273	10	13	5
253	273	13	13	3
158	273	18	13	3
16	273	16	13	5
473	273	13	13	5
624	273	4	13	4
236	273	16	13	1
7	273	7	13	3
933	273	13	13	3
442	273	2	13	4
663	273	3	13	4
449	273	9	13	4
416	273	16	13	4
255	273	15	13	2
910	273	10	13	3
401	273	1	13	2
150	273	10	13	4
913	273	13	13	3
924	273	4	13	3
422	273	2	13	5
794	273	14	13	4
566	273	6	13	5
526	273	6	13	2
417	273	17	13	3
336	273	16	13	5
643	273	3	13	3
534	273	14	13	5
378	273	18	13	4
493	273	13	13	4
831	273	11	13	3
90	273	10	13	3
486	273	6	13	3
21	273	1	13	4
279	273	19	13	2
923	273	3	13	5
491	273	11	13	5
709	273	9	13	4
439	273	19	13	2
395	273	15	13	2
157	273	17	13	5
718	273	18	13	3
268	273	8	13	3
551	273	11	13	4
595	273	15	13	3
468	273	8	13	2
741	273	1	13	3
833	273	13	13	3
512	273	12	13	5
399	273	19	13	3
606	273	6	13	4
671	273	11	13	4
554	273	14	13	3
181	273	1	13	1
894	273	14	13	3
357	273	17	13	5
386	273	6	13	3
892	273	12	13	4
402	273	2	13	4
680	273	0	13	3
64	273	4	13	2
603	273	3	13	1
363	273	3	13	3
682	273	2	13	4
213	273	13	13	5
793	273	13	13	3
906	273	6	13	4
916	273	16	13	3
548	273	8	13	5
666	273	6	13	3
658	273	18	13	4
872	273	12	13	3
425	273	5	13	4
697	273	17	13	5
817	273	17	13	5
630	273	10	13	5
567	273	7	13	5
629	273	9	13	2
466	273	6	13	4
301	273	1	13	1
458	273	18	13	4
347	273	7	13	5
627	273	7	13	4
880	273	0	13	5
715	273	15	13	5
796	273	16	13	2
176	273	16	13	4
102	273	2	13	3
524	273	4	13	3
429	273	9	13	4
168	273	8	13	4
896	273	16	13	5
37	273	17	13	3
851	273	11	13	5
84	273	4	13	4
397	273	17	13	4
733	273	13	13	4
115	273	15	13	4
67	273	7	13	4
754	273	14	13	3
104	273	4	13	3
706	273	6	13	3
634	273	14	13	3
195	273	15	13	4
693	273	13	13	3
359	273	19	13	4
265	273	5	13	5
854	273	14	13	4
42	273	2	13	3
445	273	5	13	2
10	273	10	13	4
785	273	5	13	3
569	273	9	13	3
621	273	1	13	4
618	273	18	13	4
938	273	18	13	5
430	273	10	13	4
864	273	4	13	5
59	273	19	13	2
941	273	1	13	3
144	273	4	13	4
592	273	12	13	5
361	273	1	13	3
525	293	5	13	3
533	293	13	13	3
582	293	2	13	5
621	293	1	13	3
157	293	17	13	5
294	293	14	13	4
526	293	6	13	5
417	293	17	13	4
707	293	7	13	4
789	293	9	13	4
345	293	5	13	4
422	293	2	13	3
297	293	17	13	3
880	293	0	13	4
614	293	14	13	3
709	293	9	13	4
392	293	12	13	4
176	293	16	13	5
347	293	7	13	5
923	293	3	13	4
782	293	2	13	2
703	293	3	13	4
104	293	4	13	3
308	293	8	13	4
498	293	18	13	4
501	293	1	13	4
854	293	14	13	5
145	293	5	13	4
277	293	17	13	4
455	293	15	13	4
174	293	14	13	5
324	293	4	13	4
363	293	3	13	4
250	293	10	13	4
178	293	18	13	4
938	293	18	13	3
164	293	4	13	4
454	293	14	13	4
2	293	2	13	4
486	293	6	13	3
425	293	5	13	4
833	293	13	13	4
439	293	19	13	3
267	293	7	13	4
447	293	7	13	4
332	293	12	13	4
858	293	18	13	3
150	293	10	13	4
433	293	13	13	3
859	293	19	13	4
339	293	19	13	5
590	293	10	13	3
323	293	3	13	4
209	293	9	13	4
233	293	13	13	4
303	293	3	13	4
619	293	19	13	3
265	293	5	13	4
894	293	14	13	4
937	293	17	13	4
597	293	17	13	5
919	293	19	13	4
595	293	15	13	4
910	293	10	13	4
423	293	3	13	4
160	293	0	13	5
385	293	5	13	3
387	293	7	13	4
793	293	13	13	4
592	293	12	13	5
903	293	3	13	4
542	293	2	13	3
719	293	19	13	3
182	293	2	13	3
342	293	2	13	4
774	293	14	13	1
207	293	7	13	2
449	293	9	13	4
514	293	14	13	3
605	293	5	13	3
931	293	11	13	4
503	293	3	13	4
682	293	2	13	4
144	293	4	13	4
487	293	7	13	5
736	293	16	13	4
716	293	16	13	4
655	293	15	13	4
470	293	10	13	4
330	293	10	13	3
484	293	4	13	5
430	293	10	13	3
467	293	7	13	4
749	293	9	13	4
540	293	0	13	4
834	293	14	13	3
653	293	13	13	3
733	293	13	13	4
754	293	14	13	4
796	293	16	13	5
460	293	0	13	4
644	293	4	13	4
94	293	14	13	4
334	293	14	13	3
130	293	10	13	5
717	293	17	13	5
593	293	13	13	1
637	293	17	13	3
158	293	18	13	4
76	293	16	13	4
825	293	5	13	3
159	293	19	13	4
26	293	6	13	3
293	293	13	13	4
416	293	16	13	5
222	293	2	13	3
666	293	6	13	3
262	293	2	13	2
665	293	5	13	4
296	293	16	13	5
432	293	12	13	5
567	293	7	13	5
474	293	14	13	4
346	293	6	13	3
761	293	1	13	4
606	293	6	13	5
227	293	7	13	5
758	293	18	13	3
634	293	14	13	3
429	293	9	13	4
548	293	8	13	4
327	293	7	13	3
624	293	4	13	4
473	293	13	13	4
6	293	6	13	3
291	293	11	13	5
458	293	18	13	5
141	293	1	13	2
259	293	19	13	4
490	293	10	13	2
464	293	4	13	5
735	293	15	13	3
468	293	8	13	5
269	293	9	13	3
445	293	5	13	3
131	293	11	13	3
276	293	16	13	4
768	313	8	13	5
280	313	0	13	3
936	313	16	13	4
44	313	4	13	4
624	313	4	13	5
660	313	0	13	4
710	313	10	13	4
443	313	3	13	4
841	313	1	13	5
926	313	6	13	3
636	313	16	13	5
110	313	10	13	5
216	313	16	13	5
14	313	14	13	2
134	313	14	13	5
251	313	11	13	5
809	313	9	13	4
200	313	0	13	5
830	313	10	13	5
894	313	14	13	4
940	313	0	13	5
462	313	2	13	5
33	313	13	13	5
92	313	12	13	5
39	313	19	13	4
687	313	7	13	5
266	313	6	13	4
831	313	11	13	5
74	313	14	13	5
547	313	7	13	5
145	313	5	13	4
410	313	10	13	5
178	313	18	13	5
414	313	14	13	4
537	313	17	13	4
507	313	7	13	5
871	313	11	13	5
141	313	1	13	5
348	313	8	13	5
626	313	6	13	5
512	313	12	13	3
30	313	10	13	5
511	313	11	13	5
780	313	0	13	5
546	313	6	13	2
659	313	19	13	5
866	313	6	13	1
179	313	19	13	4
701	313	1	13	4
475	313	15	13	2
271	313	11	13	4
189	313	9	13	2
400	313	0	13	5
782	313	2	13	5
152	313	12	13	4
661	313	1	13	4
784	313	4	13	5
356	313	16	13	5
616	313	16	13	5
195	313	15	13	5
207	313	7	13	4
593	313	13	13	4
584	313	4	13	5
832	313	12	13	5
505	313	5	13	5
827	313	7	13	3
381	313	1	13	2
609	313	9	13	5
146	313	6	13	4
920	313	0	13	5
117	313	17	13	5
222	313	2	13	4
729	313	9	13	3
260	313	0	13	5
667	313	7	13	3
13	313	13	13	4
88	313	8	13	3
775	313	15	13	4
503	313	3	13	5
747	313	7	13	5
883	313	3	13	3
734	313	14	13	4
588	313	8	13	5
425	313	5	13	1
548	313	8	13	5
284	313	4	13	3
587	313	7	13	5
190	313	10	13	5
206	313	6	13	5
653	313	13	13	4
905	313	5	13	4
489	313	9	13	4
70	313	10	13	4
816	313	16	13	5
143	313	3	13	5
499	313	19	13	5
353	313	13	13	5
94	313	14	13	4
870	313	10	13	4
474	313	14	13	4
397	313	17	13	4
921	313	1	13	5
810	313	10	13	5
299	313	19	13	3
620	313	0	13	5
713	313	13	13	3
43	313	3	13	5
49	313	9	13	3
544	313	4	13	5
838	313	18	13	5
533	313	13	13	5
46	313	6	13	5
531	313	11	13	5
2	313	2	13	5
90	313	10	13	5
683	313	3	13	2
596	313	16	13	5
418	313	18	13	3
603	313	3	13	5
532	313	12	13	5
363	313	3	13	5
384	313	4	13	5
205	313	5	13	3
898	313	18	13	4
214	313	14	13	4
32	313	12	13	4
85	313	5	13	4
394	313	14	13	5
197	313	17	13	4
669	313	9	13	4
863	313	3	13	5
676	313	16	13	4
223	313	3	13	5
618	313	18	13	4
592	313	12	13	5
129	313	9	13	3
293	313	13	13	4
650	313	10	13	4
807	313	7	13	5
432	313	12	13	4
938	313	18	13	5
99	313	19	13	5
564	313	4	13	4
319	313	19	13	5
41	313	1	13	3
329	313	9	13	4
317	313	17	13	4
835	313	15	13	5
408	313	8	13	4
241	313	1	13	4
168	313	8	13	5
872	313	12	13	5
184	313	4	13	4
514	313	14	13	5
335	313	15	13	3
428	313	8	13	5
79	313	19	13	2
383	313	3	13	2
711	313	11	13	4
121	313	1	13	5
322	313	2	13	5
757	313	17	13	3
856	313	16	13	5
828	313	8	13	3
483	313	3	13	2
466	313	6	13	5
147	313	7	13	4
720	313	0	13	3
617	313	17	13	1
232	313	12	13	3
287	313	7	13	4
351	313	11	13	5
543	313	3	13	3
935	313	15	13	5
896	313	16	13	4
26	313	6	13	5
911	313	11	13	2
502	313	2	13	4
801	313	1	13	5
119	313	19	13	5
107	313	7	13	2
440	313	0	13	4
328	313	8	13	4
910	313	10	13	4
741	313	1	13	4
673	313	13	13	4
278	313	18	13	5
112	313	12	13	5
845	313	5	13	4
851	313	11	13	4
461	313	1	13	4
510	313	10	13	5
59	313	19	13	5
454	313	14	13	5
674	313	14	13	5
753	313	13	13	5
407	313	7	13	4
296	313	16	13	5
485	313	5	13	4
610	313	10	13	4
577	313	17	13	4
891	313	11	13	5
515	313	15	13	4
229	313	9	13	2
834	313	14	13	5
258	313	18	13	5
193	313	13	13	4
919	313	19	13	5
589	313	9	13	5
171	313	11	13	4
111	313	11	13	4
191	313	11	13	5
257	313	17	13	5
345	313	5	13	4
228	313	8	13	5
344	313	4	13	3
393	313	13	13	4
914	313	14	13	3
646	313	6	13	5
787	313	7	13	5
758	313	18	13	4
259	313	19	13	5
859	313	19	13	5
695	313	15	13	2
405	313	5	13	4
874	313	14	13	3
377	313	17	13	5
934	313	14	13	3
362	313	2	13	4
105	313	5	13	5
450	313	10	13	5
663	313	3	13	5
58	313	18	13	5
442	313	2	13	3
772	313	12	13	5
655	313	15	13	4
144	313	4	13	5
416	313	16	13	5
116	313	16	13	5
771	313	11	13	3
149	313	9	13	5
501	313	1	13	3
100	313	0	13	5
250	313	10	13	5
915	313	15	13	4
598	313	18	13	5
526	313	6	13	5
368	313	8	13	5
708	313	8	13	5
818	313	18	13	4
233	313	13	13	5
444	313	4	13	4
519	313	19	13	5
585	313	5	13	3
436	313	16	13	5
829	313	9	13	4
166	313	6	13	5
131	313	11	13	5
582	313	2	13	5
463	313	3	13	4
455	313	15	13	4
550	313	10	13	5
38	313	18	13	5
500	313	0	13	3
696	313	16	13	3
551	313	11	13	4
435	313	15	13	5
64	313	4	13	4
91	313	11	13	4
234	313	14	13	4
240	313	0	13	5
285	313	5	13	5
640	313	0	13	5
634	313	14	13	5
327	313	7	13	4
924	313	4	13	4
751	313	11	13	2
796	313	16	13	4
487	313	7	13	3
102	313	2	13	3
842	313	2	13	4
907	313	7	13	5
133	313	13	13	3
621	313	1	13	5
693	313	13	13	5
808	313	8	13	5
201	313	1	13	5
332	313	12	13	5
199	313	19	13	4
820	313	0	13	5
273	313	13	13	3
404	313	4	13	5
388	313	8	13	5
873	313	13	13	5
224	313	4	13	5
236	313	16	13	4
304	313	4	13	5
359	313	19	13	5
578	313	18	13	5
931	313	11	13	4
860	313	0	13	4
423	313	3	13	4
215	313	15	13	5
482	313	2	13	5
619	313	19	13	5
308	313	8	13	3
631	313	11	13	4
702	313	2	13	5
942	313	2	13	3
380	313	0	13	4
254	313	14	13	5
19	313	19	13	2
395	313	15	13	3
126	313	6	13	5
104	313	4	13	4
164	313	4	13	5
815	313	15	13	5
654	313	14	13	5
334	313	14	13	4
325	313	5	13	2
106	313	6	13	4
130	313	10	13	5
738	313	18	13	5
231	313	11	13	3
752	313	12	13	3
136	313	16	13	2
890	313	10	13	5
724	313	4	13	5
642	313	2	13	5
484	313	4	13	5
445	313	5	13	2
441	313	1	13	4
606	313	6	13	5
639	313	19	13	1
276	313	16	13	5
826	313	6	13	5
378	313	18	13	5
392	313	12	13	5
611	313	11	13	3
472	313	12	13	5
717	313	17	13	5
481	313	1	13	4
307	313	7	13	5
354	313	14	13	3
54	313	14	13	4
665	313	5	13	4
294	313	14	13	5
707	313	7	13	2
460	313	0	13	4
157	313	17	13	5
770	333	10	13	5
851	333	11	13	5
33	333	13	13	4
699	333	19	13	3
588	333	8	13	5
177	333	17	13	4
250	333	10	13	4
782	333	2	13	3
863	333	3	13	5
116	333	16	13	2
489	333	9	13	4
548	333	8	13	4
633	333	13	13	3
695	333	15	13	2
105	333	5	13	3
197	333	17	13	2
860	333	0	13	3
10	333	10	13	4
347	333	7	13	5
905	333	5	13	3
281	333	1	13	3
328	333	8	13	3
823	333	3	13	3
510	333	10	13	3
423	333	3	13	3
258	333	18	13	2
249	333	9	13	4
839	333	19	13	4
502	333	2	13	4
126	333	6	13	2
724	333	4	13	4
79	333	19	13	2
15	333	15	13	1
881	333	1	13	5
752	333	12	13	3
298	333	18	13	5
809	333	9	13	3
174	333	14	13	4
579	333	19	13	4
284	333	4	13	3
619	333	19	13	2
404	333	4	13	2
393	333	13	13	4
435	333	15	13	3
332	333	12	13	5
111	333	11	13	4
783	333	3	13	4
936	333	16	13	3
361	333	1	13	2
507	333	7	13	4
201	333	1	13	2
827	333	7	13	3
433	333	13	13	2
871	333	11	13	2
486	333	6	13	2
309	333	9	13	3
697	333	17	13	3
222	333	2	13	5
260	333	0	13	4
682	333	2	13	4
496	333	16	13	3
186	333	6	13	3
46	333	6	13	5
540	333	0	13	4
323	333	3	13	4
74	333	14	13	4
141	333	1	13	5
372	333	12	13	5
551	333	11	13	5
26	333	6	13	3
663	333	3	13	5
178	333	18	13	3
903	333	3	13	4
822	333	2	13	4
253	333	13	13	2
611	333	11	13	4
421	333	1	13	4
706	333	6	13	1
517	333	17	13	3
39	333	19	13	4
329	333	9	13	4
784	333	4	13	4
685	333	5	13	1
907	333	7	13	5
100	333	0	13	3
362	333	2	13	5
142	333	2	13	5
445	333	5	13	2
54	333	14	13	5
149	333	9	13	1
928	333	8	13	3
820	333	0	13	5
606	333	6	13	5
757	333	17	13	4
13	333	13	13	3
629	333	9	13	4
668	333	8	13	3
387	333	7	13	3
605	333	5	13	4
854	333	14	13	3
506	333	6	13	4
634	333	14	13	4
915	333	15	13	3
104	333	4	13	2
864	333	4	13	5
802	333	2	13	4
858	333	18	13	4
335	333	15	13	4
170	333	10	13	4
301	333	1	13	4
652	333	12	13	4
313	333	13	13	4
894	333	14	13	4
721	333	1	13	3
343	333	3	13	3
787	333	7	13	3
608	333	8	13	4
466	333	6	13	4
449	333	9	13	3
236	333	16	13	3
637	333	17	13	3
530	333	10	13	3
69	333	9	13	3
725	333	5	13	5
416	333	16	13	4
459	333	19	13	3
144	333	4	13	3
592	333	12	13	5
179	333	19	13	5
938	333	18	13	4
519	333	19	13	3
569	333	9	13	3
796	333	16	13	5
919	333	19	13	4
3	333	3	13	2
85	333	5	13	1
36	333	16	13	4
346	333	6	13	4
655	333	15	13	2
319	333	19	13	4
493	333	13	13	4
925	333	5	13	3
224	333	4	13	3
853	333	13	13	4
529	333	9	13	4
621	333	1	13	4
624	333	4	13	4
220	333	0	13	3
209	333	9	13	2
334	333	14	13	4
710	333	10	13	3
841	333	1	13	4
422	333	2	13	4
644	333	4	13	3
815	333	15	13	3
831	333	11	13	4
276	333	16	13	4
112	333	12	13	4
61	333	1	13	3
464	333	4	13	4
303	333	3	13	4
547	333	7	13	4
443	333	3	13	5
487	333	7	13	3
388	333	8	13	5
164	333	4	13	5
589	333	9	13	5
206	333	6	13	4
628	333	8	13	5
701	333	1	13	3
739	333	19	13	4
204	333	4	13	1
729	333	9	13	4
282	333	2	13	3
533	333	13	13	4
363	333	3	13	1
616	333	16	13	2
263	333	3	13	2
63	333	3	13	4
920	333	0	13	4
842	333	2	13	4
384	333	4	13	4
302	333	2	13	3
666	333	6	13	3
526	333	6	13	3
110	333	10	13	4
392	333	12	13	4
923	333	3	13	5
181	333	1	13	3
327	333	7	13	2
356	333	16	13	5
413	333	13	13	2
870	333	10	13	3
775	333	15	13	4
902	333	2	13	3
64	333	4	13	3
268	333	8	13	4
205	333	5	13	4
223	333	3	13	4
722	333	2	13	5
40	333	0	13	4
735	333	15	13	4
534	333	14	13	5
877	333	17	13	4
143	333	3	13	5
91	333	11	13	5
451	333	11	13	5
154	333	14	13	3
35	333	15	13	4
294	333	14	13	4
448	333	8	13	2
810	333	10	13	5
367	333	7	13	4
145	333	5	13	2
418	333	18	13	5
353	333	13	13	4
808	333	8	13	4
693	333	13	13	3
635	333	15	13	5
801	333	1	13	5
458	333	18	13	1
424	333	4	13	5
587	333	7	13	4
720	333	0	13	4
299	333	19	13	4
564	333	4	13	3
190	333	10	13	4
159	333	19	13	5
52	333	12	13	4
425	333	5	13	3
747	333	7	13	4
193	333	13	13	1
875	333	15	13	5
532	333	12	13	4
931	333	11	13	5
488	333	8	13	4
626	333	6	13	1
511	333	11	13	4
490	333	10	13	3
345	333	5	13	3
396	333	16	13	4
76	333	16	13	3
812	333	12	13	5
130	333	10	13	5
653	333	13	13	5
113	333	13	13	4
107	333	7	13	3
574	333	14	13	3
717	333	17	13	4
537	333	17	13	2
834	333	14	13	5
841	353	1	13	1
3	353	3	13	1
126	353	6	13	5
587	353	7	13	2
13	353	13	13	4
130	353	10	13	1
416	353	16	13	2
179	353	19	13	1
489	353	9	13	4
758	353	18	13	4
240	353	0	13	1
851	353	11	13	3
611	353	11	13	3
532	353	12	13	2
303	373	3	13	2
457	373	17	13	2
864	373	4	13	2
276	373	16	13	2
622	373	2	13	1
650	373	10	13	1
640	373	0	13	3
109	373	9	13	5
758	373	18	13	4
130	373	10	13	4
807	373	7	13	4
393	373	13	13	4
279	373	19	13	4
648	373	8	13	3
846	373	6	13	3
790	373	10	13	3
417	373	17	13	3
5	373	5	13	3
222	373	2	13	3
102	373	2	13	2
497	373	17	13	4
195	373	15	13	3
56	373	16	13	4
158	373	18	13	2
472	373	12	13	4
532	373	12	13	3
545	373	5	13	3
197	373	17	13	1
943	373	3	13	3
200	373	0	13	4
705	373	5	13	3
217	373	17	13	2
600	373	0	13	3
774	373	14	13	2
450	373	10	13	3
804	373	4	13	2
405	373	5	13	2
301	373	1	13	4
826	373	6	13	3
314	393	14	13	4
373	393	13	13	4
682	393	2	13	4
705	393	5	13	4
87	393	7	13	4
371	393	11	13	2
174	393	14	13	4
417	393	17	13	4
481	393	1	13	3
741	393	1	13	2
59	393	19	13	2
860	393	0	13	2
326	393	6	13	4
318	393	18	13	5
303	393	3	13	4
606	393	6	13	4
721	393	1	13	5
11	393	11	13	4
758	393	18	13	4
222	393	2	13	4
379	393	19	13	4
896	393	16	13	3
747	393	7	13	2
345	393	5	13	3
487	393	7	13	4
18	393	18	13	3
290	393	10	13	3
541	393	1	13	3
528	393	8	13	2
471	393	11	13	5
262	393	2	13	2
70	393	10	13	4
864	393	4	13	3
230	393	10	13	3
43	393	3	13	4
207	393	7	13	4
102	393	2	13	3
521	393	1	13	3
280	393	0	13	4
620	393	0	13	5
378	393	18	13	3
665	393	5	13	3
495	393	15	13	5
566	393	6	13	2
835	393	15	13	5
275	393	15	13	3
934	393	14	13	2
927	393	7	13	5
453	393	13	13	3
933	393	13	13	2
92	393	12	13	3
504	393	4	13	3
283	393	3	13	4
790	393	10	13	2
5	393	5	13	2
313	393	13	13	4
405	393	5	13	4
301	393	1	13	3
128	393	8	13	4
394	393	14	13	4
586	393	6	13	3
476	393	16	13	4
561	393	1	13	2
246	393	6	13	3
307	393	7	13	3
690	393	10	13	4
271	393	11	13	4
244	393	4	13	3
881	393	1	13	4
712	393	12	13	3
684	393	4	13	4
815	393	15	13	4
642	393	2	13	5
152	393	12	13	5
907	393	7	13	5
22	393	2	13	4
551	393	11	13	5
435	393	15	13	2
738	393	18	13	3
545	393	5	13	4
804	393	4	13	3
254	393	14	13	3
887	393	7	13	4
56	393	16	13	4
145	393	5	13	5
363	393	3	13	4
694	393	14	13	3
660	393	0	13	2
330	393	10	13	4
588	393	8	13	4
749	393	9	13	5
429	393	9	13	3
943	393	3	13	2
387	393	7	13	2
472	393	12	13	3
336	393	16	13	3
897	393	17	13	4
643	393	3	13	4
716	393	16	13	3
399	393	19	13	4
437	393	17	13	3
533	393	13	13	4
208	393	8	13	4
450	393	10	13	4
291	393	11	13	3
655	393	15	13	2
807	393	7	13	4
7	393	7	13	4
213	393	13	13	3
591	393	11	13	4
848	393	8	13	5
542	393	2	13	3
110	393	10	13	3
846	393	6	13	3
523	393	3	13	5
95	393	15	13	5
500	393	0	13	3
276	393	16	13	4
279	393	19	13	1
659	393	19	13	3
892	393	12	13	4
625	393	5	13	4
194	393	14	13	2
389	393	9	13	2
286	393	6	13	4
398	393	18	13	5
151	393	11	13	2
94	393	14	13	3
125	393	5	13	4
407	393	7	13	2
731	393	11	13	5
805	393	5	13	3
497	393	17	13	4
878	393	18	13	3
234	393	14	13	2
196	393	16	13	4
885	393	5	13	3
577	393	17	13	4
773	393	13	13	2
200	393	0	13	4
901	393	1	13	5
60	393	0	13	4
648	393	8	13	4
562	393	2	13	2
843	393	3	13	2
184	393	4	13	4
457	393	17	13	3
299	393	19	13	2
524	393	4	13	3
621	393	1	13	3
880	393	0	13	3
13	393	13	13	3
144	393	4	13	4
593	393	13	13	4
193	393	13	13	4
766	393	6	13	3
478	393	18	13	4
130	393	10	13	5
327	393	7	13	3
727	393	7	13	3
416	393	16	13	4
406	393	6	13	4
83	393	3	13	5
882	393	2	13	4
210	393	10	13	3
65	393	5	13	4
267	393	7	13	3
774	393	14	13	1
298	393	18	13	4
653	393	13	13	2
393	393	13	13	3
455	393	15	13	3
38	393	18	13	5
798	393	18	13	3
916	393	16	13	2
886	393	6	13	3
506	393	6	13	3
293	393	13	13	3
796	393	16	13	4
579	393	19	13	4
496	393	16	13	1
484	393	4	13	1
559	393	19	13	2
514	393	14	13	3
308	393	8	13	4
85	393	5	13	4
109	393	9	13	4
311	393	11	13	4
269	393	9	13	1
374	393	14	13	4
711	393	11	13	4
650	393	10	13	3
417	413	17	13	3
399	413	19	13	2
99	413	19	13	3
805	413	5	13	2
256	413	16	13	4
825	413	5	13	3
545	413	5	13	4
279	413	19	13	4
843	413	3	13	2
195	413	15	13	3
367	413	7	13	4
82	413	2	13	1
802	413	2	13	4
201	413	1	13	3
366	413	6	13	4
291	413	11	13	4
130	413	10	13	3
21	413	1	13	2
109	413	9	13	3
617	413	17	13	1
604	413	4	13	3
286	413	6	13	3
26	413	6	13	2
5	413	5	13	3
181	413	1	13	2
435	413	15	13	2
814	413	14	13	2
699	413	19	13	3
246	413	6	13	4
709	413	9	13	2
495	413	15	13	5
49	413	9	13	1
118	413	18	13	4
255	413	15	13	2
13	413	13	13	1
548	413	8	13	3
294	413	14	13	3
368	413	8	13	1
774	413	14	13	1
804	413	4	13	4
75	413	15	13	2
862	413	2	13	4
497	413	17	13	3
276	413	16	13	3
38	413	18	13	1
222	413	2	13	3
320	413	0	13	3
303	413	3	13	2
83	413	3	13	1
727	413	7	13	2
546	413	6	13	4
648	413	8	13	2
42	413	2	13	1
145	413	5	13	3
830	413	10	13	1
163	433	3	13	1
189	433	9	13	5
269	433	9	13	3
99	433	19	13	4
344	433	4	13	4
435	433	15	13	5
373	433	13	13	3
823	433	3	13	4
207	433	7	13	3
645	433	5	13	4
551	433	11	13	5
59	433	19	13	5
666	433	6	13	3
437	433	17	13	3
727	433	7	13	5
450	433	10	13	3
868	433	8	13	4
456	433	16	13	4
246	433	6	13	5
264	433	4	13	5
293	433	13	13	3
805	433	5	13	4
723	433	3	13	3
889	433	9	13	4
48	433	8	13	3
262	433	2	13	4
177	433	17	13	4
219	433	19	13	5
49	433	9	13	5
496	433	16	13	4
758	433	18	13	5
222	433	2	13	4
267	433	7	13	5
897	433	17	13	4
495	433	15	13	4
929	433	9	13	2
90	433	10	13	3
436	433	16	13	5
239	433	19	13	5
253	433	13	13	3
22	433	2	13	3
749	433	9	13	3
244	433	4	13	5
661	433	1	13	5
535	433	15	13	5
128	433	8	13	4
307	433	7	13	5
354	433	14	13	3
56	433	16	13	4
194	433	14	13	3
380	433	0	13	3
682	433	2	13	3
698	433	18	13	4
766	433	6	13	3
864	433	4	13	3
235	433	15	13	4
848	433	8	13	3
327	433	7	13	4
279	433	19	13	4
658	433	18	13	4
187	433	7	13	4
215	433	15	13	3
445	433	5	13	2
7	433	7	13	5
497	433	17	13	3
542	433	2	13	3
524	433	4	13	5
299	433	19	13	5
804	433	4	13	4
195	433	15	13	3
618	433	18	13	2
780	433	0	13	1
417	433	17	13	4
870	433	10	13	3
655	433	15	13	2
342	433	2	13	5
385	433	5	13	4
286	433	6	13	5
712	433	12	13	3
416	433	16	13	4
409	433	9	13	4
339	433	19	13	4
326	433	6	13	2
846	433	6	13	4
42	433	2	13	2
592	433	12	13	5
406	433	6	13	3
73	433	13	13	4
130	433	10	13	3
320	433	0	13	4
334	433	14	13	5
429	433	9	13	3
796	433	16	13	2
370	433	10	13	3
478	433	18	13	3
379	433	19	13	4
458	433	18	13	4
234	433	14	13	2
788	433	8	13	2
394	433	14	13	4
715	433	15	13	2
773	433	13	13	3
567	433	7	13	4
363	433	3	13	4
399	433	19	13	3
87	433	7	13	3
64	433	4	13	2
833	433	13	13	3
414	433	14	13	5
922	433	2	13	4
174	433	14	13	5
216	433	16	13	3
94	433	14	13	4
588	433	8	13	5
795	433	15	13	4
924	433	4	13	5
44	433	4	13	4
378	433	18	13	4
62	433	2	13	5
95	433	15	13	4
268	433	8	13	4
886	433	6	13	2
311	433	11	13	3
158	433	18	13	3
23	433	3	13	5
527	433	7	13	4
815	433	15	13	3
405	433	5	13	4
933	433	13	13	1
60	433	0	13	4
442	433	2	13	4
178	433	18	13	4
303	433	3	13	4
561	433	1	13	1
899	433	19	13	4
407	433	7	13	4
11	433	11	13	4
151	433	11	13	3
514	433	14	13	5
13	433	13	13	4
711	433	11	13	4
305	433	5	13	2
308	433	8	13	5
5	433	5	13	5
328	433	8	13	2
751	433	11	13	3
579	433	19	13	3
38	433	18	13	5
314	433	14	13	3
622	433	2	13	4
862	433	2	13	4
537	433	17	13	4
58	433	18	13	5
118	433	18	13	5
92	433	12	13	5
625	433	5	13	3
276	433	16	13	4
283	433	3	13	4
664	433	4	13	3
180	433	0	13	5
198	433	18	13	2
916	433	16	13	3
806	433	6	13	4
918	433	18	13	2
757	433	17	13	4
315	433	15	13	4
85	433	5	13	3
747	433	7	13	3
476	433	16	13	4
457	433	17	13	5
345	433	5	13	4
268	453	8	13	1
276	453	16	13	1
92	453	12	13	1
5	453	5	13	1
457	453	17	13	2
320	453	0	13	3
130	453	10	13	3
933	453	13	13	1
617	453	17	13	1
453	453	13	13	2
21	453	1	13	2
406	453	6	13	2
532	453	12	13	4
13	453	13	13	2
774	453	14	13	2
405	453	5	13	3
697	473	17	13	5
665	473	5	13	4
795	473	15	13	2
95	473	15	13	4
660	473	0	13	2
896	473	16	13	2
847	473	7	13	2
6	473	6	13	2
82	473	2	13	2
707	473	7	13	4
483	473	3	13	3
880	473	0	13	3
457	473	17	13	4
642	473	2	13	1
938	473	18	13	3
59	473	19	13	3
189	473	9	13	5
897	473	17	13	3
490	473	10	13	2
843	473	3	13	2
70	473	10	13	3
582	473	2	13	3
181	473	1	13	2
345	473	5	13	2
344	473	4	13	4
313	473	13	13	3
634	473	14	13	2
308	473	8	13	3
416	473	16	13	2
840	473	0	13	5
99	473	19	13	4
716	473	16	13	4
823	473	3	13	3
540	473	0	13	3
200	473	0	13	4
119	473	19	13	3
348	473	8	13	3
463	473	3	13	4
648	473	8	13	3
15	473	15	13	1
417	473	17	13	2
881	473	1	13	2
437	473	17	13	5
184	473	4	13	4
911	473	11	13	3
435	473	15	13	3
747	473	7	13	3
601	473	1	13	3
201	473	1	13	3
807	473	7	13	3
45	473	5	13	3
429	473	9	13	3
299	473	19	13	3
365	473	5	13	4
882	473	2	13	3
381	473	1	13	5
63	473	3	13	2
458	473	18	13	4
151	473	11	13	4
865	473	5	13	3
286	473	6	13	3
234	473	14	13	5
654	473	14	13	2
276	473	16	13	4
756	473	16	13	3
298	473	18	13	3
354	473	14	13	3
52	473	12	13	4
798	473	18	13	2
385	473	5	13	3
168	473	8	13	2
43	473	3	13	3
708	473	8	13	1
486	473	6	13	3
57	473	17	13	3
864	473	4	13	4
393	473	13	13	3
148	473	8	13	5
804	473	4	13	4
917	473	17	13	3
852	473	12	13	3
851	473	11	13	4
199	473	19	13	4
13	473	13	13	4
769	473	9	13	3
889	473	9	13	4
770	473	10	13	5
303	473	3	13	4
14	473	14	13	5
606	473	6	13	4
49	473	9	13	3
277	473	17	13	2
289	473	9	13	1
699	473	19	13	3
821	473	1	13	3
275	473	15	13	3
161	473	1	13	1
514	473	14	13	3
56	473	16	13	2
256	473	16	13	5
794	473	14	13	4
561	473	1	13	3
290	473	10	13	1
378	473	18	13	3
569	473	9	13	4
363	473	3	13	4
663	473	3	13	3
75	473	15	13	3
887	473	7	13	4
387	473	7	13	4
449	473	9	13	3
245	473	5	13	2
262	473	2	13	2
624	473	4	13	3
805	473	5	13	4
401	473	1	13	1
357	473	17	13	3
222	473	2	13	1
21	473	1	13	3
62	473	2	13	4
343	473	3	13	3
906	473	6	13	4
330	473	10	13	4
472	473	12	13	4
892	473	12	13	3
459	473	19	13	4
311	493	11	13	4
420	493	0	13	3
6	493	6	13	5
798	493	18	13	3
398	493	18	13	5
234	493	14	13	3
232	493	12	13	4
450	493	10	13	4
704	493	4	13	4
308	493	8	13	3
125	493	5	13	4
536	493	16	13	4
18	493	18	13	5
31	493	11	13	5
932	493	12	13	5
312	493	12	13	5
889	493	9	13	3
271	493	11	13	4
401	493	1	13	4
766	493	6	13	4
60	493	0	13	5
537	493	17	13	4
138	493	18	13	4
295	493	15	13	5
846	493	6	13	5
896	493	16	13	5
556	493	16	13	5
167	493	7	13	4
567	493	7	13	4
426	493	6	13	4
389	493	9	13	5
370	493	10	13	5
326	493	6	13	5
491	493	11	13	4
666	493	6	13	5
650	493	10	13	4
239	493	19	13	5
407	493	7	13	3
488	493	8	13	3
854	493	14	13	5
392	493	12	13	4
429	493	9	13	4
325	493	5	13	4
900	493	0	13	2
840	493	0	13	5
313	493	13	13	3
13	493	13	13	5
381	493	1	13	4
524	493	4	13	4
409	493	9	13	4
72	493	12	13	5
454	493	14	13	2
716	493	16	13	5
10	493	10	13	4
90	493	10	13	5
796	493	16	13	3
747	493	7	13	5
474	493	14	13	4
321	493	1	13	4
568	493	8	13	3
295	513	15	13	4
573	513	13	13	4
804	513	4	13	5
293	513	13	13	5
315	513	15	13	5
354	513	14	13	5
645	513	5	13	5
138	513	18	13	5
527	513	7	13	4
559	513	19	13	5
82	513	2	13	4
883	513	3	13	5
226	513	6	13	3
201	513	1	13	3
561	513	1	13	3
189	513	9	13	4
567	513	7	13	4
85	513	5	13	4
556	513	16	13	4
312	513	12	13	5
7	513	7	13	4
664	513	4	13	4
234	513	14	13	5
537	513	17	13	4
333	513	13	13	4
491	513	11	13	5
239	513	19	13	5
840	513	0	13	5
167	513	7	13	4
321	513	1	13	4
397	513	17	13	5
870	513	10	13	4
543	513	3	13	4
846	513	6	13	5
452	513	12	13	4
889	513	9	13	4
469	513	9	13	5
405	513	5	13	1
641	513	1	13	5
299	513	19	13	4
361	513	1	13	5
698	513	18	13	2
322	513	2	13	4
237	513	17	13	5
60	513	0	13	5
683	513	3	13	5
387	513	7	13	5
10	513	10	13	4
666	513	6	13	4
474	513	14	13	5
338	513	18	13	5
553	513	13	13	4
6	513	6	13	4
639	513	19	13	4
524	513	4	13	4
406	513	6	13	5
420	513	0	13	5
125	513	5	13	4
122	513	2	13	4
417	513	17	13	5
465	513	5	13	5
932	513	12	13	5
583	513	3	13	5
308	513	8	13	3
458	513	18	13	4
383	513	3	13	5
118	513	18	13	5
392	513	12	13	5
18	513	18	13	4
655	513	15	13	3
59	513	19	13	4
76	513	16	13	5
889	533	9	13	3
327	533	7	13	4
592	533	12	13	4
354	533	14	13	5
736	533	16	13	3
934	533	14	13	3
782	533	2	13	2
819	533	19	13	4
655	533	15	13	2
144	533	4	13	4
6	533	6	13	4
707	533	7	13	5
758	533	18	13	4
523	533	3	13	4
385	533	5	13	4
682	553	2	13	3
334	553	14	13	1
712	553	12	13	5
174	553	14	13	5
844	553	4	13	4
184	553	4	13	3
328	553	8	13	3
774	553	14	13	2
541	553	1	13	4
299	553	19	13	3
122	553	2	13	3
593	553	13	13	2
883	553	3	13	4
270	553	10	13	1
193	553	13	13	4
505	553	5	13	4
72	553	12	13	5
497	553	17	13	2
727	553	7	13	2
455	553	15	13	3
128	553	8	13	3
474	553	14	13	2
588	553	8	13	4
684	553	4	13	4
851	553	11	13	4
44	553	4	13	3
904	553	4	13	3
877	553	17	13	4
671	553	11	13	5
244	553	4	13	5
622	553	2	13	3
13	553	13	13	2
796	553	16	13	4
43	553	3	13	4
393	553	13	13	3
311	553	11	13	3
627	553	7	13	3
457	553	17	13	5
293	553	13	13	3
401	553	1	13	5
224	553	4	13	4
907	553	7	13	5
436	553	16	13	3
389	553	9	13	2
788	553	8	13	3
450	553	10	13	2
262	553	2	13	4
537	553	17	13	2
90	553	10	13	2
7	553	7	13	3
188	553	8	13	4
145	553	5	13	3
655	553	15	13	2
416	553	16	13	4
642	553	2	13	5
806	553	6	13	3
878	553	18	13	3
500	553	0	13	2
373	553	13	13	4
639	553	19	13	3
94	553	14	13	3
405	553	5	13	1
477	553	17	13	5
833	573	13	13	1
254	573	14	13	2
380	573	0	13	1
7	573	7	13	5
881	573	1	13	3
524	573	4	13	4
291	573	11	13	4
617	573	17	13	4
495	573	15	13	4
95	573	15	13	1
682	573	2	13	4
368	573	8	13	3
312	573	12	13	5
366	573	6	13	5
804	573	4	13	3
38	573	18	13	1
406	573	6	13	3
375	573	15	13	4
796	573	16	13	4
537	573	17	13	2
13	573	13	13	3
934	573	14	13	2
425	573	5	13	3
653	573	13	13	1
802	573	2	13	4
11	573	11	13	3
339	573	19	13	3
435	573	15	13	1
21	573	1	13	2
774	573	14	13	2
28	573	8	13	4
661	573	1	13	3
405	573	5	13	3
7	593	7	13	5
405	593	5	13	1
825	593	5	13	3
449	593	9	13	4
288	593	8	13	2
181	593	1	13	1
158	593	18	13	4
463	593	3	13	1
60	593	0	13	5
916	593	16	13	4
312	593	12	13	5
387	593	7	13	3
892	613	12	13	5
815	613	15	13	5
766	613	6	13	3
18	613	18	13	5
13	613	13	13	4
666	613	6	13	5
338	613	18	13	3
389	613	9	13	5
932	613	12	13	4
90	613	10	13	4
393	613	13	13	4
426	613	6	13	3
524	613	4	13	4
913	613	13	13	5
731	613	11	13	2
312	613	12	13	5
450	613	10	13	4
830	613	10	13	4
537	613	17	13	3
326	613	6	13	5
308	613	8	13	4
7	613	7	13	4
234	613	14	13	4
60	613	0	13	4
370	613	10	13	2
567	613	7	13	4
698	613	18	13	5
416	633	16	13	4
308	633	8	13	4
326	633	6	13	4
18	633	18	13	5
313	633	13	13	5
907	633	7	13	5
321	633	1	13	5
650	633	10	13	4
406	633	6	13	5
194	633	14	13	3
887	633	7	13	5
221	633	1	13	3
312	633	12	13	5
128	633	8	13	4
246	633	6	13	3
495	633	15	13	5
60	633	0	13	4
766	633	6	13	4
830	633	10	13	4
849	633	9	13	5
796	633	16	13	5
316	633	16	13	4
233	633	13	13	5
503	633	3	13	5
59	633	19	13	3
532	633	12	13	5
64	633	4	13	5
399	633	19	13	3
44	633	4	13	3
151	633	11	13	5
786	633	6	13	4
618	633	18	13	3
848	633	8	13	3
496	633	16	13	3
373	633	13	13	4
426	633	6	13	4
450	633	10	13	5
835	633	15	13	5
709	633	9	13	3
846	633	6	13	3
239	633	19	13	5
892	633	12	13	4
897	633	17	13	5
764	633	4	13	5
862	633	2	13	5
593	633	13	13	5
807	633	7	13	4
632	633	12	13	4
749	633	9	13	4
537	633	17	13	3
716	633	16	13	4
409	633	9	13	4
20	633	0	13	4
7	633	7	13	5
398	633	18	13	4
504	633	4	13	3
843	633	3	13	3
748	633	8	13	4
704	633	4	13	5
648	633	8	13	3
545	633	5	13	3
25	633	5	13	4
230	633	10	13	4
393	633	13	13	2
474	633	14	13	4
488	633	8	13	5
429	633	9	13	3
472	633	12	13	4
454	633	14	13	2
331	653	11	13	3
537	653	17	13	4
666	653	6	13	4
758	653	18	13	3
303	653	3	13	4
567	653	7	13	5
292	653	12	13	4
276	653	16	13	5
308	653	8	13	5
234	653	14	13	3
322	653	2	13	4
870	653	10	13	4
426	653	6	13	4
352	653	12	13	3
474	653	14	13	4
617	653	17	13	4
568	653	8	13	4
293	653	13	13	5
560	653	0	13	4
747	653	7	13	5
753	653	13	13	4
527	653	7	13	4
912	653	12	13	3
312	653	12	13	5
645	653	5	13	5
135	653	15	13	4
405	653	5	13	1
363	653	3	13	3
840	653	0	13	5
7	653	7	13	4
655	653	15	13	3
421	653	1	13	3
833	653	13	13	4
385	653	5	13	4
385	673	5	13	2
577	673	17	13	3
694	673	14	13	4
716	673	16	13	4
450	673	10	13	3
94	673	14	13	3
216	673	16	13	4
429	673	9	13	3
833	673	13	13	4
303	673	3	13	4
627	673	7	13	2
533	673	13	13	3
601	673	1	13	1
316	673	16	13	2
527	673	7	13	4
188	673	8	13	4
399	673	19	13	3
642	673	2	13	2
198	673	18	13	3
312	673	12	13	5
664	673	4	13	3
608	673	8	13	4
764	673	4	13	4
313	673	13	13	4
363	673	3	13	2
92	673	12	13	4
339	673	19	13	5
846	673	6	13	4
435	673	15	13	3
280	673	0	13	4
457	673	17	13	4
456	673	16	13	3
405	673	5	13	5
551	673	11	13	4
693	673	13	13	4
835	673	15	13	4
59	673	19	13	5
122	673	2	13	3
346	673	6	13	3
167	673	7	13	4
201	673	1	13	3
864	673	4	13	3
96	673	16	13	4
426	673	6	13	4
361	673	1	13	4
498	673	18	13	3
537	673	17	13	3
567	673	7	13	3
719	673	19	13	3
62	673	2	13	2
618	673	18	13	3
897	673	17	13	5
650	673	10	13	3
639	673	19	13	4
230	673	10	13	3
381	673	1	13	3
682	673	2	13	3
655	673	15	13	3
315	673	15	13	4
7	673	7	13	3
193	673	13	13	4
887	673	7	13	5
269	673	9	13	4
236	673	16	13	4
60	673	0	13	4
301	673	1	13	4
741	673	1	13	4
308	673	8	13	4
115	673	15	13	3
645	673	5	13	3
145	673	5	13	4
643	673	3	13	4
610	673	10	13	4
774	673	14	13	2
870	673	10	13	5
478	673	18	13	3
566	673	6	13	4
38	673	18	13	5
13	673	13	13	3
234	673	14	13	4
659	673	19	13	4
200	673	0	13	5
561	673	1	13	3
332	673	12	13	5
753	673	13	13	1
244	673	4	13	3
378	693	18	13	4
846	693	6	13	5
339	693	19	13	5
524	693	4	13	5
234	693	14	13	2
618	693	18	13	3
693	693	13	13	3
406	693	6	13	3
566	693	6	13	5
276	693	16	13	4
796	693	16	13	3
201	693	1	13	4
416	693	16	13	3
347	693	7	13	5
429	693	9	13	4
293	693	13	13	4
627	693	7	13	2
537	693	17	13	4
64	693	4	13	3
301	693	1	13	5
851	693	11	13	5
870	693	10	13	4
193	693	13	13	4
389	693	9	13	4
880	693	0	13	5
184	693	4	13	3
381	693	1	13	4
280	693	0	13	3
450	693	10	13	3
216	693	16	13	3
864	693	4	13	4
454	693	14	13	2
399	693	19	13	3
387	693	7	13	5
504	693	4	13	4
222	693	2	13	4
405	693	5	13	2
535	693	15	13	3
709	693	9	13	4
346	693	6	13	4
334	693	14	13	3
663	693	3	13	4
622	693	2	13	4
577	693	17	13	1
493	693	13	13	4
561	693	1	13	3
640	693	0	13	5
903	693	3	13	5
453	693	13	13	5
16	693	16	13	4
177	693	17	13	4
94	693	14	13	4
385	693	5	13	4
436	693	16	13	5
551	693	11	13	5
506	693	6	13	4
682	693	2	13	3
542	693	2	13	4
608	693	8	13	3
214	693	14	13	3
267	693	7	13	4
308	693	8	13	3
393	693	13	13	3
332	693	12	13	5
659	693	19	13	4
303	693	3	13	4
374	693	14	13	5
160	693	0	13	5
194	693	14	13	4
456	693	16	13	3
764	693	4	13	3
90	693	10	13	3
916	693	16	13	3
629	693	9	13	5
328	693	8	13	2
886	693	6	13	4
747	693	7	13	5
757	693	17	13	4
230	693	10	13	2
198	693	18	13	3
314	693	14	13	3
435	693	15	13	3
883	693	3	13	4
655	693	15	13	3
586	693	6	13	3
10	693	10	13	4
653	693	13	13	1
788	693	8	13	2
632	693	12	13	2
397	693	17	13	4
498	693	18	13	3
390	713	10	13	4
606	713	6	13	4
758	713	18	13	3
23	713	3	13	4
486	713	6	13	3
145	713	5	13	4
573	713	13	13	4
357	713	17	13	5
270	713	10	13	5
711	713	11	13	3
268	713	8	13	4
883	713	3	13	3
514	713	14	13	3
487	713	7	13	4
697	713	17	13	5
838	713	18	13	4
870	713	10	13	4
11	713	11	13	5
648	713	8	13	2
525	713	5	13	4
618	713	18	13	4
274	713	14	13	5
708	713	8	13	4
682	713	2	13	3
907	713	7	13	5
104	713	4	13	3
344	713	4	13	3
406	713	6	13	4
627	713	7	13	2
585	713	5	13	4
243	713	3	13	3
305	713	5	13	4
536	713	16	13	4
226	713	6	13	5
565	713	5	13	5
271	713	11	13	4
323	713	3	13	4
733	713	13	13	4
916	713	16	13	3
347	713	7	13	3
537	713	17	13	3
923	713	3	13	5
715	713	15	13	4
831	713	11	13	5
854	713	14	13	4
435	713	15	13	5
597	713	17	13	2
148	713	8	13	3
90	713	10	13	4
815	713	15	13	4
588	713	8	13	3
49	713	9	13	3
894	713	14	13	4
68	713	8	13	2
374	713	14	13	1
181	713	1	13	2
59	713	19	13	5
144	713	4	13	4
505	713	5	13	3
312	713	12	13	5
349	713	9	13	3
450	713	10	13	3
896	713	16	13	2
417	713	17	13	2
839	713	19	13	2
63	713	3	13	3
533	713	13	13	2
416	713	16	13	4
518	713	18	13	5
460	713	0	13	4
884	713	4	13	3
279	713	19	13	3
405	733	5	13	1
167	733	7	13	2
561	733	1	13	3
886	733	6	13	4
11	733	11	13	4
409	733	9	13	4
829	733	9	13	2
354	733	14	13	3
299	733	19	13	3
655	733	15	13	3
180	733	0	13	5
537	733	17	13	3
13	733	13	13	5
305	733	5	13	3
201	733	1	13	3
405	753	5	13	1
458	753	18	13	4
503	753	3	13	1
334	753	14	13	4
12	753	12	13	5
437	753	17	13	4
279	753	19	13	2
756	753	16	13	2
420	753	0	13	5
828	753	8	13	4
608	753	8	13	5
18	753	18	13	4
90	753	10	13	4
327	753	7	13	4
875	753	15	13	3
354	753	14	13	5
299	753	19	13	5
537	753	17	13	2
655	753	15	13	3
239	753	19	13	5
380	753	0	13	4
894	753	14	13	5
449	753	9	13	5
195	753	15	13	3
276	773	16	13	3
291	773	11	13	3
21	773	1	13	3
925	773	5	13	1
655	773	15	13	3
504	773	4	13	3
201	773	1	13	4
366	773	6	13	3
388	773	8	13	3
387	773	7	13	4
58	773	18	13	4
375	773	15	13	3
303	773	3	13	4
13	773	13	13	1
394	773	14	13	4
405	773	5	13	1
422	773	2	13	3
880	793	0	13	4
305	793	5	13	5
456	793	16	13	3
269	793	9	13	4
836	793	16	13	2
405	793	5	13	1
13	793	13	13	5
378	793	18	13	3
655	793	15	13	3
870	793	10	13	5
581	813	1	13	5
94	813	14	13	5
392	813	12	13	3
662	813	2	13	3
58	813	18	13	5
572	813	12	13	4
243	813	3	13	4
770	813	10	13	5
592	813	12	13	4
399	813	19	13	3
125	813	5	13	1
919	813	19	13	4
184	813	4	13	4
342	813	2	13	5
470	813	10	13	3
299	813	19	13	4
486	813	6	13	5
871	813	11	13	3
406	813	6	13	4
181	813	1	13	2
199	813	19	13	3
655	813	15	13	3
907	813	7	13	5
89	813	9	13	5
365	813	5	13	5
936	813	16	13	5
119	813	19	13	4
85	813	5	13	4
636	813	16	13	5
49	813	9	13	3
192	813	12	13	4
131	813	11	13	3
13	813	13	13	1
361	813	1	13	4
90	813	10	13	4
463	813	3	13	4
151	813	11	13	4
78	813	18	13	2
209	813	9	13	5
226	813	6	13	4
748	813	8	13	4
870	813	10	13	4
251	813	11	13	3
535	813	15	13	5
63	813	3	13	5
79	813	19	13	5
303	813	3	13	4
473	813	13	13	3
735	813	15	13	4
312	813	12	13	5
264	813	4	13	4
839	813	19	13	4
14	813	14	13	2
250	813	10	13	5
560	813	0	13	4
886	813	6	13	4
493	833	13	13	2
709	833	9	13	4
825	833	5	13	4
386	833	6	13	3
130	833	10	13	4
592	833	12	13	4
532	833	12	13	4
13	833	13	13	2
880	833	0	13	4
665	833	5	13	3
216	833	16	13	2
37	833	17	13	4
682	833	2	13	1
551	833	11	13	3
521	833	1	13	2
320	833	0	13	1
886	833	6	13	5
342	833	2	13	3
77	833	17	13	1
255	833	15	13	4
291	833	11	13	3
300	833	0	13	4
57	833	17	13	4
303	833	3	13	2
67	833	7	13	4
749	833	9	13	2
663	833	3	13	4
624	833	4	13	4
487	833	7	13	4
851	833	11	13	3
726	833	6	13	5
332	833	12	13	5
697	833	17	13	3
357	833	17	13	4
279	833	19	13	4
621	833	1	13	3
314	833	14	13	4
429	833	9	13	3
181	833	1	13	1
637	833	17	13	1
606	833	6	13	5
393	833	13	13	4
416	833	16	13	3
75	833	15	13	2
889	833	9	13	3
222	833	2	13	2
622	833	2	13	4
244	833	4	13	3
434	833	14	13	4
13	853	13	13	1
249	853	9	13	4
366	853	6	13	5
308	853	8	13	5
276	853	16	13	5
405	853	5	13	1
118	853	18	13	5
425	853	5	13	4
21	853	1	13	5
592	853	12	13	5
397	853	17	13	4
246	853	6	13	5
279	853	19	13	1
201	853	1	13	4
324	873	4	13	5
883	873	3	13	3
537	873	17	13	2
274	873	14	13	3
725	873	5	13	4
724	873	4	13	3
616	873	16	13	3
506	873	6	13	4
760	873	0	13	4
796	873	16	13	3
206	873	6	13	3
36	873	16	13	3
631	873	11	13	2
740	873	0	13	2
451	873	11	13	5
599	873	19	13	5
140	873	0	13	2
517	873	17	13	3
657	873	17	13	3
644	873	4	13	4
392	873	12	13	3
635	873	15	13	3
611	873	11	13	3
21	873	1	13	2
459	873	19	13	4
224	873	4	13	2
529	873	9	13	4
587	873	7	13	3
159	873	19	13	2
450	873	10	13	3
410	873	10	13	4
771	873	11	13	3
552	873	12	13	3
342	873	2	13	3
416	873	16	13	5
314	873	14	13	4
810	873	10	13	3
466	873	6	13	2
129	873	9	13	1
905	873	5	13	3
30	873	10	13	1
637	873	17	13	1
13	873	13	13	1
303	873	3	13	3
730	873	10	13	2
258	873	18	13	5
323	873	3	13	3
812	873	12	13	4
240	873	0	13	2
589	873	9	13	5
99	873	19	13	1
588	873	8	13	3
605	873	5	13	3
351	873	11	13	3
223	873	3	13	3
782	873	2	13	4
685	873	5	13	2
181	873	1	13	1
721	873	1	13	3
750	873	10	13	3
462	873	2	13	4
110	873	10	13	2
264	873	4	13	3
732	873	12	13	5
870	873	10	13	2
454	873	14	13	2
178	873	18	13	3
510	873	10	13	3
853	873	13	13	3
488	873	8	13	3
940	873	0	13	3
128	873	8	13	1
489	873	9	13	3
938	873	18	13	3
442	873	2	13	2
333	873	13	13	3
708	873	8	13	5
841	873	1	13	4
832	873	12	13	2
863	873	3	13	2
234	873	14	13	3
258	893	18	13	1
646	893	6	13	3
515	893	15	13	1
13	893	13	13	3
813	893	13	13	3
304	893	4	13	3
520	893	0	13	2
592	893	12	13	1
393	893	13	13	3
724	893	4	13	3
224	893	4	13	3
872	893	12	13	4
502	893	2	13	2
179	893	19	13	2
13	913	13	13	1
655	913	15	13	4
293	933	13	13	2
891	933	11	13	3
15	933	15	13	1
250	933	10	13	3
456	933	16	13	3
498	933	18	13	3
445	933	5	13	1
833	933	13	13	4
360	933	0	13	3
160	933	0	13	3
699	933	19	13	3
331	933	11	13	3
634	933	14	13	3
363	933	3	13	2
894	933	14	13	3
291	933	11	13	4
727	933	7	13	1
181	933	1	13	1
323	933	3	13	3
733	933	13	13	1
145	933	5	13	1
405	953	5	13	3
42	953	2	13	2
707	953	7	13	4
398	953	18	13	3
435	953	15	13	3
303	953	3	13	3
174	953	14	13	5
387	953	7	13	2
535	953	15	13	5
885	953	5	13	3
210	953	10	13	3
919	953	19	13	3
354	953	14	13	3
655	953	15	13	3
639	953	19	13	2
244	953	4	13	4
537	953	17	13	3
393	953	13	13	4
18	953	18	13	3
798	953	18	13	2
151	953	11	13	5
59	953	19	13	5
653	973	13	13	2
18	973	18	13	3
504	973	4	13	4
848	973	8	13	5
938	993	18	13	5
56	993	16	13	3
417	993	17	13	3
690	993	10	13	3
463	993	3	13	2
330	993	10	13	4
606	993	6	13	5
838	993	18	13	3
550	993	10	13	4
398	993	18	13	3
323	993	3	13	4
63	993	3	13	2
821	993	1	13	4
541	993	1	13	4
407	993	7	13	4
941	993	1	13	4
727	993	7	13	4
250	993	10	13	5
145	993	5	13	3
896	993	16	13	4
804	993	4	13	2
43	993	3	13	3
939	993	19	13	4
622	993	2	13	4
668	993	8	13	4
94	993	14	13	4
92	993	12	13	4
887	993	7	13	5
490	993	10	13	1
45	993	5	13	4
70	993	10	13	3
276	993	16	13	3
771	993	11	13	4
303	993	3	13	2
178	993	18	13	5
290	993	10	13	4
676	993	16	13	5
249	993	9	13	3
223	993	3	13	4
902	993	2	13	3
703	993	3	13	4
815	993	15	13	2
83	993	3	13	2
642	993	2	13	4
736	993	16	13	4
620	993	0	13	5
647	993	7	13	4
203	993	3	13	3
286	993	6	13	2
298	993	18	13	4
207	993	7	13	3
116	993	16	13	2
864	993	4	13	4
21	993	1	13	4
102	993	2	13	2
708	993	8	13	4
798	993	18	13	3
782	993	2	13	3
314	993	14	13	5
246	993	6	13	3
130	993	10	13	5
148	993	8	13	4
459	993	19	13	3
545	993	5	13	2
536	993	16	13	3
624	993	4	13	4
521	1013	1	13	1
782	1013	2	13	3
548	1013	8	13	3
749	1013	9	13	1
141	1013	1	13	1
479	1013	19	13	1
26	1013	6	13	1
116	1013	16	13	3
493	1013	13	13	1
236	1013	16	13	2
699	1013	19	13	3
854	1013	14	13	1
666	1013	6	13	3
301	1013	1	13	3
30	1013	10	13	3
303	1013	3	13	1
332	1013	12	13	3
109	1013	9	13	3
374	1013	14	13	2
555	1013	15	13	4
144	1013	4	13	1
130	1013	10	13	4
459	1013	19	13	3
425	1013	5	13	1
276	1013	16	13	3
851	1013	11	13	2
938	1013	18	13	2
159	1013	19	13	4
825	1013	5	13	2
262	1013	2	13	2
452	1013	12	13	1
363	1013	3	13	3
621	1013	1	13	2
195	1013	15	13	3
887	1013	7	13	4
880	1013	0	13	3
294	1013	14	13	2
290	1013	10	13	2
897	1033	17	13	4
254	1033	14	13	3
642	1033	2	13	3
82	1033	2	13	1
256	1033	16	13	4
178	1033	18	13	2
374	1033	14	13	4
648	1033	8	13	2
145	1033	5	13	1
887	1033	7	13	4
699	1033	19	13	4
186	1033	6	13	3
881	1033	1	13	1
463	1033	3	13	2
324	1033	4	13	4
38	1033	18	13	5
533	1033	13	13	4
450	1033	10	13	3
200	1033	0	13	2
429	1033	9	13	1
181	1033	1	13	1
582	1033	2	13	2
394	1033	14	13	3
577	1033	17	13	4
637	1033	17	13	3
864	1033	4	13	2
174	1033	14	13	1
245	1033	5	13	5
92	1033	12	13	2
805	1033	5	13	3
84	1033	4	13	4
938	1033	18	13	2
588	1053	8	13	3
314	1053	14	13	5
224	1053	4	13	3
393	1053	13	13	3
450	1053	10	13	3
174	1053	14	13	5
152	1053	12	13	5
642	1053	2	13	3
472	1053	12	13	4
345	1053	5	13	3
712	1053	12	13	4
541	1053	1	13	3
222	1053	2	13	3
416	1053	16	13	4
128	1053	8	13	3
436	1053	16	13	4
405	1053	5	13	5
655	1053	15	13	1
711	1053	11	13	4
880	1053	0	13	3
244	1053	4	13	2
286	1053	6	13	4
378	1053	18	13	3
43	1053	3	13	3
269	1073	9	13	3
334	1073	14	13	4
249	1073	9	13	4
62	1073	2	13	4
343	1073	3	13	4
363	1073	3	13	4
903	1073	3	13	3
449	1073	9	13	5
342	1073	2	13	1
663	1073	3	13	3
640	1073	0	13	5
617	1073	17	13	3
671	1073	11	13	3
323	1073	3	13	4
297	1073	17	13	3
49	1073	9	13	5
875	1073	15	13	5
267	1073	7	13	5
828	1073	8	13	4
894	1073	14	13	4
919	1073	19	13	4
537	1073	17	13	3
296	1073	16	13	5
145	1073	5	13	5
92	1073	12	13	5
57	1073	17	13	3
305	1073	5	13	1
115	1073	15	13	5
303	1073	3	13	4
291	1073	11	13	5
440	1073	0	13	4
524	1073	4	13	5
221	1073	1	13	4
560	1073	0	13	3
270	1073	10	13	5
506	1073	6	13	4
886	1073	6	13	4
160	1073	0	13	4
405	1073	5	13	1
299	1073	19	13	4
548	1073	8	13	4
327	1073	7	13	2
308	1073	8	13	3
601	1073	1	13	2
201	1073	1	13	2
409	1073	9	13	4
406	1073	6	13	3
218	1073	18	13	5
200	1073	0	13	3
916	1073	16	13	4
214	1073	14	13	5
543	1073	3	13	3
375	1073	15	13	2
757	1073	17	13	4
94	1073	14	13	5
592	1073	12	13	5
498	1073	18	13	3
276	1073	16	13	3
250	1073	10	13	5
292	1073	12	13	5
884	1073	4	13	4
246	1073	6	13	4
889	1073	9	13	5
870	1073	10	13	5
73	1073	13	13	4
268	1073	8	13	4
374	1093	14	13	2
862	1093	2	13	5
504	1093	4	13	1
101	1093	1	13	1
279	1093	19	13	4
927	1093	7	13	4
57	1093	17	13	3
59	1093	19	13	5
67	1093	7	13	5
194	1093	14	13	3
409	1093	9	13	2
682	1093	2	13	3
769	1093	9	13	3
125	1093	5	13	1
524	1093	4	13	4
311	1093	11	13	5
699	1093	19	13	3
886	1093	6	13	1
880	1093	0	13	3
486	1093	6	13	4
181	1093	1	13	1
621	1093	1	13	4
535	1093	15	13	4
373	1113	13	13	1
429	1113	9	13	3
286	1113	6	13	3
59	1113	19	13	4
537	1113	17	13	3
474	1113	14	13	3
608	1113	8	13	3
380	1113	0	13	4
916	1113	16	13	4
707	1113	7	13	2
151	1113	11	13	4
405	1113	5	13	1
889	1113	9	13	5
524	1113	4	13	3
655	1113	15	13	3
339	1113	19	13	4
85	1113	5	13	2
279	1113	19	13	3
716	1113	16	13	4
122	1113	2	13	5
379	1113	19	13	4
437	1113	17	13	4
337	1133	17	13	4
62	1133	2	13	4
295	1133	15	13	4
271	1133	11	13	3
373	1133	13	13	3
807	1133	7	13	3
496	1133	16	13	3
95	1133	15	13	3
846	1133	6	13	2
881	1133	1	13	2
749	1133	9	13	2
416	1133	16	13	4
286	1133	6	13	4
435	1133	15	13	2
234	1133	14	13	3
815	1133	15	13	3
653	1133	13	13	2
660	1133	0	13	2
642	1133	2	13	3
334	1133	14	13	4
279	1133	19	13	2
504	1133	4	13	3
269	1133	9	13	1
70	1133	10	13	3
280	1133	0	13	3
340	1133	0	13	5
254	1133	14	13	3
429	1133	9	13	2
64	1133	4	13	4
495	1133	15	13	3
85	1153	5	13	4
303	1153	3	13	3
561	1153	1	13	3
655	1153	15	13	3
894	1153	14	13	3
508	1153	8	13	4
76	1153	16	13	2
119	1153	19	13	5
94	1153	14	13	4
437	1153	17	13	5
682	1153	2	13	3
406	1153	6	13	2
608	1153	8	13	3
835	1153	15	13	4
201	1153	1	13	2
339	1153	19	13	4
828	1153	8	13	3
889	1153	9	13	4
450	1153	10	13	5
181	1173	1	13	1
533	1173	13	13	4
655	1173	15	13	2
85	1173	5	13	4
733	1173	13	13	2
782	1173	2	13	2
919	1173	19	13	3
585	1193	5	13	5
566	1193	6	13	5
201	1193	1	13	4
195	1193	15	13	4
639	1193	19	13	4
235	1193	15	13	4
655	1193	15	13	3
405	1193	5	13	1
90	1193	10	13	4
829	1193	9	13	4
276	1213	16	13	1
655	1213	15	13	2
186	1213	6	13	3
291	1213	11	13	3
188	1213	8	13	2
92	1213	12	13	2
100	1233	0	13	3
655	1233	15	13	3
637	1233	17	13	5
206	1233	6	13	1
139	1233	19	13	5
355	1233	15	13	4
186	1253	6	13	4
551	1253	11	13	2
276	1253	16	13	1
314	1253	14	13	4
291	1253	11	13	3
116	1253	16	13	2
405	1253	5	13	1
372	1273	12	13	4
145	1273	5	13	5
690	1273	10	13	3
130	1273	10	13	2
276	1273	16	13	2
268	1273	8	13	2
291	1273	11	13	2
303	1273	3	13	2
778	1273	18	13	3
655	1273	15	13	2
453	1273	13	13	2
586	1273	6	13	4
788	1273	8	13	3
727	1273	7	13	3
757	1273	17	13	2
519	1293	19	13	5
489	1293	9	13	5
146	1293	6	13	5
466	1313	6	13	3
174	1313	14	13	4
190	1313	10	13	2
206	1313	6	13	1
334	1313	14	13	4
428	1313	8	13	4
646	1313	6	13	3
863	1313	3	13	1
574	1313	14	13	4
616	1313	16	13	4
280	1313	0	13	5
418	1313	18	13	2
894	1313	14	13	3
328	1313	8	13	4
527	1333	7	13	3
293	1333	13	13	4
560	1333	0	13	3
181	1333	1	13	1
207	1333	7	13	3
385	1353	5	13	4
405	1353	5	13	1
581	1353	1	13	4
181	1353	1	13	1
833	1353	13	13	3
181	1373	1	13	1
272	1393	12	13	2
451	1393	11	13	2
309	1393	9	13	2
409	1393	9	13	1
812	1393	12	13	3
181	1393	1	13	1
721	1393	1	13	3
782	1393	2	13	2
399	1393	19	13	3
807	1413	7	13	2
887	1413	7	13	4
276	1413	16	13	1
795	1413	15	13	3
279	1413	19	13	5
642	1413	2	13	3
268	1413	8	13	2
195	1413	15	13	2
206	1433	6	13	1
787	1433	7	13	3
234	1453	14	13	2
314	1473	14	13	4
642	1473	2	13	4
295	1473	15	13	4
846	1473	6	13	5
263	1473	3	13	5
280	1473	0	13	3
887	1473	7	13	1
496	1473	16	13	3
655	1473	15	13	3
279	1493	19	13	1
305	1513	5	13	2
374	1513	14	13	2
782	1513	2	13	2
381	1533	1	13	4
405	1553	5	13	1
524	1553	4	13	3
655	1553	15	13	4
889	1553	9	13	3
405	1573	5	13	1
932	1573	12	13	4
409	1593	9	13	4
489	1613	9	13	4
655	1633	15	13	3
675	1653	15	13	5
835	1673	15	13	3
