44	15	4	15	4
907	15	7	15	5
629	15	9	15	5
141	15	1	15	5
609	15	9	15	5
181	15	1	15	3
927	15	7	15	5
569	15	9	15	4
730	15	10	15	4
650	15	10	15	3
454	15	14	15	2
689	15	9	15	5
770	15	10	15	5
790	15	10	15	5
449	15	9	15	4
21	15	1	15	4
305	15	5	15	1
434	15	14	15	3
1	15	1	15	5
749	15	9	15	5
830	15	10	15	4
53	15	13	15	5
850	15	10	15	5
429	15	9	15	5
265	15	5	15	3
93	15	13	15	5
486	15	6	15	3
630	15	10	15	3
389	15	9	15	2
349	15	9	15	4
253	15	13	15	4
457	15	17	15	4
769	15	9	15	3
289	15	9	15	3
374	15	14	15	3
201	15	1	15	3
59	15	19	15	5
590	15	10	15	3
269	15	9	15	2
293	15	13	15	3
550	15	10	15	5
849	15	9	15	5
869	15	9	15	1
747	15	7	15	4
345	15	5	15	4
313	15	13	15	2
189	15	9	15	2
373	15	13	15	4
477	15	17	15	4
490	15	10	15	1
185	15	5	15	3
365	15	5	15	3
109	15	9	15	4
165	15	5	15	5
393	15	13	15	3
89	15	9	15	5
159	15	19	15	5
450	15	10	15	3
743	15	3	15	3
474	15	14	15	5
703	15	3	15	5
413	15	13	15	4
663	15	3	15	4
259	15	19	15	3
16	15	16	15	5
301	15	1	15	4
707	15	7	15	4
912	15	12	15	4
417	15	17	15	5
533	15	13	15	4
892	15	12	15	4
623	15	3	15	4
647	15	7	15	4
406	15	6	15	4
792	15	12	15	4
593	15	13	15	4
543	15	3	15	3
672	15	12	15	3
653	15	13	15	3
612	15	12	15	4
136	15	16	15	4
463	15	3	15	4
592	15	12	15	5
423	15	3	15	4
552	15	12	15	3
381	15	1	15	2
494	15	14	15	5
216	15	16	15	3
330	15	10	15	5
399	15	19	15	5
145	15	5	15	2
459	15	19	15	4
566	15	6	15	3
913	15	13	15	3
236	15	16	15	5
479	15	19	15	3
290	15	10	15	4
452	15	12	15	4
323	15	3	15	3
432	15	12	15	4
441	15	1	15	3
256	15	16	15	5
18	15	18	15	4
303	15	3	15	3
537	15	17	15	3
447	15	7	15	1
314	15	14	15	5
138	15	18	15	4
243	15	3	15	3
178	15	18	15	5
152	15	12	15	5
541	15	1	15	3
699	15	19	15	1
92	15	12	15	3
198	15	18	15	3
514	15	14	15	4
83	15	3	15	4
779	15	19	15	4
296	15	16	15	3
859	15	19	15	4
72	15	12	15	5
52	15	12	15	5
879	15	19	15	4
63	15	3	15	3
274	15	14	15	5
12	15	12	15	5
935	15	15	15	5
318	15	18	15	5
210	15	10	15	4
254	15	14	15	3
919	15	19	15	5
190	15	10	15	4
43	15	3	15	5
835	15	15	15	5
378	15	18	15	4
939	15	19	15	5
336	15	16	15	4
398	15	18	15	5
234	15	14	15	3
438	15	18	15	4
561	15	1	15	3
534	15	14	15	4
347	15	7	15	2
84	15	4	15	4
478	15	18	15	5
577	15	17	15	3
104	15	4	15	5
601	15	1	15	1
655	15	15	15	3
144	15	4	15	4
597	15	17	15	5
558	15	18	15	3
800	15	0	15	4
618	15	18	15	3
606	15	6	15	5
14	15	14	15	4
635	15	15	15	3
680	15	0	15	3
678	15	18	15	3
184	15	4	15	3
595	15	15	15	4
718	15	18	15	5
224	15	4	15	4
416	15	16	15	4
637	15	17	15	4
620	15	0	15	5
455	15	15	15	2
580	15	0	15	3
798	15	18	15	4
554	15	14	15	4
540	15	0	15	3
227	15	7	15	4
878	15	18	15	4
721	15	1	15	4
435	15	15	15	3
500	15	0	15	2
525	15	5	15	4
70	15	10	15	3
395	15	15	15	3
424	15	4	15	4
741	15	1	15	4
938	15	18	15	2
594	15	14	15	4
484	15	4	15	5
50	15	10	15	2
207	15	7	15	4
128	15	8	15	4
82	15	2	15	3
761	15	1	15	5
215	15	15	15	3
360	15	0	15	3
168	15	8	15	5
340	15	0	15	5
194	15	14	15	4
576	15	16	15	4
95	15	15	15	4
821	15	1	15	5
906	15	6	15	3
636	15	16	15	5
624	15	4	15	4
337	15	17	15	5
694	15	14	15	4
288	15	8	15	4
634	15	14	15	4
15	15	15	15	4
200	15	0	15	4
174	15	14	15	5
605	15	5	15	5
308	15	8	15	3
922	15	2	15	4
684	15	4	15	5
106	15	6	15	3
886	15	6	15	3
160	15	0	15	2
882	15	2	15	5
881	15	1	15	3
120	15	0	15	4
764	15	4	15	4
348	15	8	15	4
66	15	6	15	3
60	15	0	15	4
468	15	8	15	4
742	15	2	15	4
20	15	0	15	4
901	15	1	15	5
65	15	5	15	5
488	15	8	15	4
777	15	17	15	4
682	15	2	15	4
134	15	14	15	5
891	15	11	15	4
921	15	1	15	4
548	15	8	15	2
45	15	5	15	4
817	15	17	15	3
941	15	1	15	4
864	15	4	15	4
26	15	6	15	4
642	15	2	15	5
588	15	8	15	5
665	15	5	15	4
894	15	14	15	3
837	15	17	15	3
11	15	11	15	5
771	15	11	15	5
57	15	17	15	4
796	15	16	15	4
622	15	2	15	4
705	15	5	15	3
582	15	2	15	3
6	15	6	15	3
731	15	11	15	4
648	15	8	15	1
77	15	17	15	2
542	15	2	15	2
654	15	14	15	3
708	15	8	15	3
854	15	14	15	3
151	15	11	15	4
728	15	8	15	4
714	15	14	15	3
725	15	5	15	4
768	15	8	15	2
422	15	2	15	3
402	15	2	15	5
117	15	17	15	5
765	15	5	15	2
786	15	6	15	3
231	15	11	15	4
342	15	2	15	3
137	15	17	15	4
834	15	14	15	4
251	15	11	15	4
674	15	14	15	4
896	15	16	15	3
551	15	11	15	5
262	15	2	15	3
74	15	14	15	4
271	15	11	15	3
291	15	11	15	5
222	15	2	15	3
277	15	17	15	4
42	15	2	15	4
182	15	2	15	4
311	15	11	15	5
391	15	11	15	4
754	15	14	15	5
62	15	2	15	2
734	15	14	15	4
649	15	9	15	4
161	15	1	15	2
670	15	10	15	4
437	15	17	15	4
620	35	0	15	3
642	35	2	15	2
1	35	1	15	1
450	35	10	15	2
254	35	14	15	2
405	35	5	15	2
38	35	18	15	5
83	35	3	15	1
778	35	18	15	1
901	35	1	15	4
222	35	2	15	1
328	55	8	15	4
618	55	18	15	2
198	55	18	15	3
497	55	17	15	3
671	55	11	15	3
545	55	5	15	3
643	55	3	15	4
201	55	1	15	4
303	55	3	15	4
186	55	6	15	4
327	55	7	15	4
763	55	3	15	4
8	55	8	15	5
548	55	8	15	5
268	55	8	15	4
378	55	18	15	4
393	55	13	15	4
416	55	16	15	2
160	55	0	15	4
916	55	16	15	3
499	55	19	15	4
177	55	17	15	3
276	55	16	15	4
118	55	18	15	5
932	55	12	15	3
655	55	15	15	2
524	55	4	15	2
883	55	3	15	4
315	55	15	15	5
216	55	16	15	5
886	55	6	15	4
269	55	9	15	4
658	55	18	15	4
183	55	3	15	4
1	55	1	15	5
417	55	17	15	5
293	55	13	15	4
296	55	16	15	5
447	55	7	15	4
44	55	4	15	4
195	55	15	15	4
889	55	9	15	4
214	55	14	15	4
479	55	19	15	4
308	55	8	15	3
682	55	2	15	4
653	55	13	15	3
645	55	5	15	3
142	55	2	15	2
632	55	12	15	2
137	55	17	15	5
162	55	2	15	3
59	55	19	15	5
405	55	5	15	1
854	55	14	15	4
559	55	19	15	4
727	55	7	15	3
619	55	19	15	1
897	55	17	15	3
577	55	17	15	3
788	55	8	15	4
877	55	17	15	4
62	55	2	15	5
158	55	18	15	4
442	55	2	15	3
346	55	6	15	5
870	55	10	15	3
880	55	0	15	3
363	55	3	15	5
221	55	1	15	4
16	55	16	15	5
629	55	9	15	4
506	55	6	15	4
875	55	15	15	3
251	55	11	15	3
249	55	9	15	5
640	55	0	15	5
868	55	8	15	5
178	55	18	15	4
246	55	6	15	4
435	55	15	15	5
495	55	15	15	2
943	55	3	15	5
621	55	1	15	5
804	55	4	15	4
864	55	4	15	4
374	55	14	15	2
833	55	13	15	3
37	55	17	15	3
299	55	19	15	2
425	55	5	15	4
102	55	2	15	3
92	55	12	15	3
823	55	3	15	4
627	55	7	15	4
207	55	7	15	3
248	55	8	15	4
826	55	6	15	5
846	55	6	15	5
454	55	14	15	2
218	55	18	15	4
606	55	6	15	4
87	55	7	15	4
399	55	19	15	2
429	55	9	15	4
94	55	14	15	4
385	55	5	15	2
347	55	7	15	5
650	55	10	15	4
297	55	17	15	4
583	55	3	15	4
213	55	13	15	5
352	55	12	15	1
551	55	11	15	5
250	55	10	15	5
844	55	4	15	4
361	55	1	15	2
756	55	16	15	5
466	55	6	15	4
197	55	17	15	3
49	55	9	15	4
109	55	9	15	2
468	55	8	15	5
387	55	7	15	3
130	55	10	15	5
144	55	4	15	4
145	55	5	15	3
908	55	8	15	3
135	55	15	15	4
592	55	12	15	4
371	55	11	15	4
751	55	11	15	4
23	55	3	15	4
267	55	7	15	4
453	55	13	15	4
805	55	5	15	5
110	55	10	15	3
445	55	5	15	1
24	55	4	15	5
262	55	2	15	3
487	55	7	15	5
286	55	6	15	4
343	55	3	15	3
339	55	19	15	3
561	55	1	15	4
474	55	14	15	4
896	55	16	15	3
739	55	19	15	1
291	55	11	15	4
504	75	4	15	4
254	75	14	15	1
1	75	1	15	4
405	75	5	15	2
682	75	2	15	4
308	95	8	15	4
472	95	12	15	3
922	95	2	15	3
881	95	1	15	4
263	95	3	15	5
393	95	13	15	4
330	95	10	15	5
751	95	11	15	5
303	95	3	15	5
271	95	11	15	4
738	95	18	15	4
682	95	2	15	5
648	95	8	15	3
897	95	17	15	3
606	95	6	15	4
882	95	2	15	4
551	95	11	15	5
344	95	4	15	4
216	95	16	15	3
435	95	15	15	3
757	95	17	15	4
334	95	14	15	3
865	95	5	15	1
70	95	10	15	4
244	95	4	15	4
95	95	15	15	3
505	95	5	15	4
487	95	7	15	4
711	95	11	15	4
823	95	3	15	4
758	95	18	15	3
625	95	5	15	3
868	95	8	15	2
620	95	0	15	4
200	95	0	15	5
313	95	13	15	3
805	95	5	15	3
456	95	16	15	4
554	95	14	15	4
109	95	9	15	4
495	95	15	15	3
661	95	1	15	5
291	95	11	15	4
889	95	9	15	4
710	95	10	15	3
727	95	7	15	4
436	95	16	15	4
899	95	19	15	5
52	95	12	15	4
521	95	1	15	3
314	95	14	15	5
85	95	5	15	4
246	95	6	15	3
374	95	14	15	4
798	95	18	15	5
455	95	15	15	4
373	95	13	15	5
843	95	3	15	2
844	95	4	15	4
6	95	6	15	2
705	95	5	15	4
283	95	3	15	5
542	95	2	15	3
363	95	3	15	3
679	95	19	15	3
178	95	18	15	5
771	95	11	15	4
13	95	13	15	5
290	95	10	15	4
43	95	3	15	4
887	95	7	15	4
230	95	10	15	5
402	95	2	15	5
764	95	4	15	5
532	95	12	15	5
796	95	16	15	4
786	95	6	15	5
734	95	14	15	4
223	95	3	15	5
18	95	18	15	4
846	95	6	15	3
125	95	5	15	5
325	95	5	15	2
933	95	13	15	3
399	95	19	15	3
1	95	1	15	4
830	95	10	15	3
524	95	4	15	3
280	95	0	15	5
320	95	0	15	3
919	95	19	15	4
378	95	18	15	4
654	95	14	15	4
381	95	1	15	4
23	95	3	15	4
541	95	1	15	4
429	95	9	15	3
847	95	7	15	4
699	95	19	15	3
561	95	1	15	2
804	95	4	15	2
536	95	16	15	5
716	95	16	15	4
731	95	11	15	3
815	95	15	15	3
387	95	7	15	2
592	95	12	15	4
850	95	10	15	5
5	95	5	15	4
397	95	17	15	4
902	95	2	15	4
795	95	15	15	4
940	95	0	15	5
234	95	14	15	3
913	95	13	15	4
44	95	4	15	4
340	95	0	15	5
342	95	2	15	4
60	95	0	15	4
506	95	6	15	5
198	95	18	15	3
186	95	6	15	3
454	95	14	15	2
479	95	19	15	4
632	95	12	15	5
870	95	10	15	4
268	95	8	15	4
92	95	12	15	3
398	95	18	15	5
38	95	18	15	5
577	95	17	15	5
523	95	3	15	4
406	95	6	15	4
588	95	8	15	4
250	95	10	15	5
715	95	15	15	4
42	95	2	15	5
826	95	6	15	5
276	95	16	15	5
64	95	4	15	4
130	95	10	15	5
712	95	12	15	4
514	95	14	15	4
927	95	7	15	5
83	95	3	15	4
299	95	19	15	3
880	95	0	15	3
84	95	4	15	4
380	95	0	15	4
756	95	16	15	3
741	95	1	15	2
779	95	19	15	5
201	95	1	15	3
347	95	7	15	4
545	95	5	15	4
650	95	10	15	3
102	95	2	15	4
543	95	3	15	3
642	95	2	15	5
822	95	2	15	4
806	95	6	15	5
468	95	8	15	4
864	95	4	15	5
332	95	12	15	5
416	95	16	15	3
194	95	14	15	3
848	95	8	15	5
286	95	6	15	5
664	95	4	15	4
497	95	17	15	4
766	95	6	15	3
807	95	7	15	4
896	95	16	15	4
275	95	15	15	3
417	95	17	15	5
450	95	10	15	3
327	95	7	15	3
621	95	1	15	4
279	95	19	15	3
389	95	9	15	3
262	95	2	15	3
892	95	12	15	4
28	95	8	15	3
233	95	13	15	5
484	95	4	15	4
301	95	1	15	5
749	95	9	15	3
493	95	13	15	5
56	95	16	15	4
618	95	18	15	3
20	95	0	15	3
886	95	6	15	5
466	95	6	15	2
295	95	15	15	4
253	95	13	15	4
297	95	17	15	3
610	95	10	15	2
222	95	2	15	4
821	95	1	15	5
622	95	2	15	4
885	95	5	15	4
942	95	2	15	5
776	95	16	15	4
566	95	6	15	2
851	95	11	15	4
471	95	11	15	4
184	95	4	15	4
747	95	7	15	3
407	95	7	15	3
537	95	17	15	1
698	95	18	15	3
405	95	5	15	3
660	95	0	15	2
16	95	16	15	5
59	95	19	15	2
433	95	13	15	3
901	95	1	15	4
437	95	17	15	4
49	95	9	15	2
292	115	12	15	4
299	115	19	15	3
325	115	5	15	3
409	115	9	15	2
406	115	6	15	4
1	115	1	15	5
97	115	17	15	5
424	115	4	15	1
887	115	7	15	5
334	115	14	15	5
435	115	15	15	4
493	115	13	15	4
92	115	12	15	3
508	115	8	15	3
295	115	15	15	5
521	135	1	15	4
790	135	10	15	3
151	135	11	15	5
91	135	11	15	4
178	135	18	15	2
97	135	17	15	5
562	135	2	15	5
263	135	3	15	5
276	135	16	15	5
417	135	17	15	3
659	135	19	15	3
58	135	18	15	4
250	135	10	15	5
522	135	2	15	5
639	135	19	15	4
25	135	5	15	3
292	135	12	15	4
118	135	18	15	5
447	135	7	15	5
85	135	5	15	5
280	135	0	15	4
311	135	11	15	4
82	135	2	15	3
268	135	8	15	4
5	135	5	15	4
13	135	13	15	5
524	135	4	15	3
154	135	14	15	5
122	135	2	15	4
847	135	7	15	4
556	135	16	15	2
686	135	6	15	5
670	135	10	15	3
922	135	2	15	2
756	135	16	15	2
10	135	10	15	5
195	135	15	15	5
60	135	0	15	5
781	135	1	15	5
704	135	4	15	5
65	135	5	15	4
73	135	13	15	5
194	135	14	15	3
1	135	1	15	4
870	135	10	15	3
606	135	6	15	5
409	135	9	15	5
187	135	7	15	4
536	135	16	15	5
468	135	8	15	5
148	135	8	15	5
308	135	8	15	5
749	135	9	15	4
629	135	9	15	5
389	135	9	15	2
380	135	0	15	3
62	135	2	15	4
942	135	2	15	3
235	135	15	15	4
42	135	2	15	4
213	135	13	15	5
30	135	10	15	5
901	135	1	15	4
275	135	15	15	3
325	135	5	15	5
87	135	7	15	5
807	135	7	15	5
484	135	4	15	4
890	135	10	15	5
7	135	7	15	5
233	135	13	15	4
545	135	5	15	4
610	135	10	15	3
496	135	16	15	2
776	135	16	15	4
883	135	3	15	4
918	135	18	15	1
897	135	17	15	3
500	135	0	15	5
777	135	17	15	3
774	135	14	15	3
269	135	9	15	4
293	135	13	15	5
214	135	14	15	3
59	135	19	15	5
207	135	7	15	2
222	135	2	15	5
645	135	5	15	5
716	135	16	15	3
70	135	10	15	4
747	135	7	15	5
488	135	8	15	4
249	135	9	15	5
313	135	13	15	5
665	135	5	15	4
928	135	8	15	4
456	135	16	15	4
843	135	3	15	5
682	135	2	15	4
746	135	6	15	1
435	135	15	15	3
846	135	6	15	4
721	135	1	15	3
189	135	9	15	4
374	135	14	15	4
437	135	17	15	4
161	135	1	15	2
805	135	5	15	4
455	135	15	15	5
373	135	13	15	1
823	135	3	15	4
234	135	14	15	4
426	135	6	15	3
889	135	9	15	2
267	135	7	15	5
495	135	15	15	3
934	135	14	15	4
710	135	10	15	5
244	135	4	15	4
90	135	10	15	5
114	135	14	15	4
393	135	13	15	1
661	135	1	15	5
727	135	7	15	2
200	135	0	15	4
916	135	16	15	4
605	135	5	15	5
758	135	18	15	5
881	135	1	15	4
224	135	4	15	1
882	135	2	15	5
660	135	0	15	4
535	135	15	15	3
738	135	18	15	5
763	135	3	15	5
766	135	6	15	4
868	135	8	15	5
929	135	9	15	5
239	135	19	15	5
450	135	10	15	3
698	135	18	15	3
307	135	7	15	4
707	135	7	15	2
615	135	15	15	4
465	135	5	15	3
328	135	8	15	3
625	135	5	15	5
655	135	15	15	4
16	135	16	15	4
932	135	12	15	5
337	135	17	15	5
271	135	11	15	4
642	135	2	15	3
160	135	0	15	4
177	135	17	15	5
621	135	1	15	5
618	135	18	15	4
551	135	11	15	5
144	135	4	15	5
862	135	2	15	5
568	135	8	15	4
840	135	0	15	5
145	135	5	15	5
892	135	12	15	5
848	135	8	15	4
533	135	13	15	3
406	135	6	15	5
397	135	17	15	5
553	135	13	15	4
498	135	18	15	5
601	135	1	15	4
385	135	5	15	3
573	135	13	15	4
76	135	16	15	5
627	135	7	15	4
506	135	6	15	5
354	135	14	15	3
305	135	5	15	3
543	135	3	15	5
121	135	1	15	5
299	135	19	15	4
64	135	4	15	4
694	135	14	15	5
896	135	16	15	3
715	135	15	15	2
854	135	14	15	4
321	135	1	15	4
398	135	18	15	3
788	135	8	15	3
653	135	13	15	5
802	135	2	15	4
592	135	12	15	5
795	135	15	15	3
815	135	15	15	2
387	135	7	15	5
44	135	4	15	5
339	135	19	15	5
378	135	18	15	2
342	135	2	15	3
693	135	13	15	4
370	135	10	15	4
94	135	14	15	4
382	135	2	15	3
537	135	17	15	5
622	135	2	15	4
254	135	14	15	5
379	135	19	15	4
835	135	15	15	5
474	135	14	15	5
650	135	10	15	4
338	135	18	15	5
875	135	15	15	4
383	135	3	15	5
381	135	1	15	5
6	135	6	15	5
514	135	14	15	4
402	135	2	15	4
330	135	10	15	3
405	135	5	15	5
567	135	7	15	3
210	135	10	15	5
561	135	1	15	4
457	135	17	15	5
666	135	6	15	4
532	135	12	15	3
11	135	11	15	4
95	135	15	15	3
41	135	1	15	4
899	135	19	15	4
833	135	13	15	4
401	135	1	15	1
297	135	17	15	4
804	135	4	15	3
236	135	16	15	2
885	135	5	15	2
72	135	12	15	4
472	135	12	15	4
343	135	3	15	5
479	135	19	15	4
290	135	10	15	4
334	135	14	15	4
452	135	12	15	3
711	135	11	15	4
454	135	14	15	2
123	135	3	15	5
198	135	18	15	5
527	135	7	15	2
92	135	12	15	4
31	135	11	15	4
230	135	10	15	2
933	135	13	15	4
566	135	6	15	5
867	135	7	15	5
407	135	7	15	3
748	135	8	15	4
326	135	6	15	3
412	135	12	15	4
18	135	18	15	3
71	135	11	15	4
497	155	17	15	3
709	155	9	15	2
756	155	16	15	4
23	155	3	15	3
280	155	0	15	5
588	155	8	15	5
178	155	18	15	4
361	155	1	15	3
892	155	12	15	2
416	155	16	15	5
889	155	9	15	3
916	155	16	15	2
539	155	19	15	4
16	155	16	15	3
823	155	3	15	3
378	155	18	15	4
94	155	14	15	2
804	155	4	15	3
642	155	2	15	3
44	155	4	15	3
10	155	10	15	4
561	155	1	15	2
796	155	16	15	5
174	155	14	15	4
193	155	13	15	4
901	155	1	15	5
504	155	4	15	3
450	155	10	15	4
194	155	14	15	3
301	155	1	15	1
643	155	3	15	2
727	155	7	15	3
749	155	9	15	2
313	155	13	15	2
877	155	17	15	2
932	155	12	15	3
496	155	16	15	1
523	155	3	15	4
270	155	10	15	5
650	155	10	15	2
904	155	4	15	4
659	155	19	15	3
798	155	18	15	3
715	155	15	15	4
286	155	6	15	4
914	155	14	15	5
551	155	11	15	4
389	155	9	15	2
373	155	13	15	4
655	155	15	15	4
354	155	14	15	2
328	155	8	15	4
758	155	18	15	1
593	155	13	15	5
152	155	12	15	5
267	155	7	15	3
806	155	6	15	3
757	155	17	15	2
435	155	15	15	3
399	155	19	15	2
868	155	8	15	2
184	155	4	15	3
92	155	12	15	2
334	155	14	15	2
223	155	3	15	5
38	155	18	15	5
566	155	6	15	2
437	155	17	15	3
711	155	11	15	4
639	155	19	15	3
43	155	3	15	4
244	155	4	15	3
363	155	3	15	2
293	155	13	15	2
707	155	7	15	3
805	155	5	15	1
145	155	5	15	2
295	155	15	15	4
927	155	7	15	4
429	155	9	15	2
246	155	6	15	1
922	155	2	15	2
545	155	5	15	3
790	155	10	15	3
90	155	10	15	5
222	155	2	15	4
13	155	13	15	2
291	155	11	15	3
343	155	3	15	1
532	155	12	15	4
303	155	3	15	3
878	155	18	15	3
495	155	15	15	3
457	155	17	15	4
62	155	2	15	1
314	155	14	15	5
1	155	1	15	2
586	155	6	15	3
660	175	0	15	3
447	175	7	15	3
59	175	19	15	4
49	175	9	15	5
307	175	7	15	4
918	175	18	15	3
537	175	17	15	4
698	175	18	15	3
269	175	9	15	5
922	175	2	15	3
716	175	16	15	2
239	175	19	15	5
70	175	10	15	3
615	175	15	15	5
293	175	13	15	2
476	175	16	15	4
177	175	17	15	5
158	175	18	15	4
480	175	0	15	3
883	175	3	15	5
617	175	17	15	4
669	175	9	15	4
58	175	18	15	5
638	175	18	15	4
497	175	17	15	4
474	175	14	15	4
930	175	10	15	2
315	175	15	15	5
22	175	2	15	4
184	175	4	15	3
327	175	7	15	2
932	175	12	15	4
903	175	3	15	4
805	175	5	15	5
738	175	18	15	4
272	175	12	15	5
493	175	13	15	4
253	175	13	15	2
527	175	7	15	3
840	175	0	15	4
343	175	3	15	5
655	175	15	15	3
160	175	0	15	4
222	175	2	15	3
886	175	6	15	4
542	175	2	15	3
757	175	17	15	3
354	175	14	15	5
545	175	5	15	4
154	175	14	15	5
6	175	6	15	4
896	175	16	15	2
406	175	6	15	5
286	175	6	15	5
892	175	12	15	4
279	175	19	15	5
664	175	4	15	4
583	175	3	15	5
498	175	18	15	5
276	175	16	15	5
291	175	11	15	2
76	175	16	15	4
346	175	6	15	4
299	175	19	15	5
218	175	18	15	3
913	175	13	15	5
749	175	9	15	3
213	175	13	15	4
198	175	18	15	3
627	175	7	15	1
42	175	2	15	2
125	175	5	15	2
543	175	3	15	3
659	175	19	15	5
132	175	12	15	3
7	175	7	15	5
64	175	4	15	5
41	175	1	15	5
187	175	7	15	2
715	175	15	15	3
421	175	1	15	2
766	175	6	15	3
352	175	12	15	1
360	175	0	15	3
288	175	8	15	1
235	175	15	15	4
342	175	2	15	5
385	175	5	15	4
854	175	14	15	4
804	175	4	15	4
148	175	8	15	4
331	175	11	15	4
339	175	19	15	5
321	175	1	15	3
409	175	9	15	4
10	175	10	15	3
653	175	13	15	2
325	175	5	15	5
650	175	10	15	4
387	175	7	15	5
795	175	15	15	5
232	175	12	15	5
73	175	13	15	5
71	175	11	15	4
31	175	11	15	5
44	175	4	15	4
1	175	1	15	5
645	175	5	15	5
102	175	2	15	4
867	175	7	15	5
370	175	10	15	3
815	175	15	15	3
23	175	3	15	5
334	175	14	15	4
788	175	8	15	3
379	175	19	15	5
412	175	12	15	4
443	175	3	15	2
122	175	2	15	5
371	175	11	15	1
773	175	13	15	4
524	175	4	15	3
194	175	14	15	3
378	175	18	15	4
305	175	5	15	4
670	175	10	15	2
622	175	2	15	4
933	175	13	15	4
648	175	8	15	3
97	175	17	15	5
806	175	6	15	5
338	175	18	15	4
506	175	6	15	5
399	175	19	15	3
567	175	7	15	5
82	175	2	15	4
43	175	3	15	2
561	175	1	15	4
77	175	17	15	4
95	175	15	15	5
18	175	18	15	4
457	175	17	15	5
11	175	11	15	3
381	175	1	15	5
13	175	13	15	4
118	175	18	15	5
833	175	13	15	4
151	175	11	15	5
283	175	3	15	4
405	175	5	15	1
843	175	3	15	4
267	175	7	15	5
14	175	14	15	5
456	175	16	15	3
189	175	9	15	5
94	175	14	15	4
264	175	4	15	5
201	175	1	15	2
704	175	4	15	3
846	175	6	15	5
407	175	7	15	4
823	175	3	15	4
308	175	8	15	5
606	175	6	15	4
373	175	13	15	3
312	175	12	15	3
508	175	8	15	4
92	175	12	15	4
250	175	10	15	5
838	175	18	15	3
479	175	19	15	4
344	175	4	15	5
721	175	1	15	5
844	175	4	15	3
758	175	18	15	4
313	175	13	15	4
889	175	9	15	4
878	175	18	15	2
114	175	14	15	5
85	175	5	15	4
661	175	1	15	2
862	175	2	15	5
514	175	14	15	4
881	175	1	15	2
737	175	17	15	5
109	175	9	15	1
60	175	0	15	5
682	175	2	15	3
214	175	14	15	5
640	175	0	15	5
249	175	9	15	4
297	175	17	15	4
500	175	0	15	5
774	175	14	15	3
326	175	6	15	1
207	175	7	15	1
435	175	15	15	4
916	175	16	15	4
246	175	6	15	4
90	175	10	15	3
234	175	14	15	2
69	175	9	15	3
465	175	5	15	5
934	175	14	15	4
472	175	12	15	5
748	175	8	15	5
747	175	7	15	4
666	175	6	15	4
495	195	15	15	5
56	195	16	15	5
25	195	5	15	4
160	195	0	15	4
483	195	3	15	3
739	195	19	15	5
378	195	18	15	3
749	195	9	15	5
116	195	16	15	4
339	195	19	15	3
307	195	7	15	3
175	195	15	15	3
559	195	19	15	3
776	195	16	15	3
479	195	19	15	4
661	195	1	15	5
145	195	5	15	5
747	195	7	15	4
394	195	14	15	5
177	195	17	15	4
934	195	14	15	4
643	195	3	15	5
561	195	1	15	3
276	195	16	15	5
924	195	4	15	5
41	195	1	15	4
437	195	17	15	2
785	195	5	15	4
738	195	18	15	4
622	195	2	15	5
308	195	8	15	5
592	195	12	15	4
693	195	13	15	4
846	195	6	15	4
326	195	6	15	4
929	195	9	15	4
256	195	16	15	5
901	195	1	15	5
452	195	12	15	4
110	195	10	15	2
830	195	10	15	3
535	195	15	15	4
62	195	2	15	5
313	195	13	15	5
670	195	10	15	4
23	195	3	15	4
57	195	17	15	3
379	195	19	15	3
815	195	15	15	4
200	195	0	15	5
370	195	10	15	4
753	195	13	15	1
889	195	9	15	4
442	195	2	15	4
883	195	3	15	5
466	195	6	15	4
374	195	14	15	3
387	195	7	15	4
847	195	7	15	4
59	195	19	15	5
796	195	16	15	5
393	195	13	15	3
18	195	18	15	3
350	195	10	15	5
882	195	2	15	5
158	195	18	15	5
545	195	5	15	4
669	195	9	15	2
680	195	0	15	4
8	195	8	15	5
280	195	0	15	3
194	195	14	15	3
77	195	17	15	5
268	195	8	15	4
178	195	18	15	4
305	195	5	15	3
95	195	15	15	5
1	195	1	15	5
87	195	7	15	5
610	195	10	15	3
618	195	18	15	3
660	195	0	15	4
399	195	19	15	2
391	195	11	15	2
450	195	10	15	4
875	195	15	15	4
7	195	7	15	5
201	195	1	15	3
659	195	19	15	4
567	195	7	15	3
625	195	5	15	4
933	195	13	15	4
330	195	10	15	3
586	195	6	15	4
269	195	9	15	3
454	195	14	15	4
493	195	13	15	3
198	195	18	15	3
117	195	17	15	5
854	195	14	15	3
230	195	10	15	3
222	195	2	15	4
13	195	13	15	3
648	195	8	15	5
6	195	6	15	4
705	195	5	15	2
474	195	14	15	5
92	195	12	15	5
555	195	15	15	4
867	195	7	15	5
608	195	8	15	1
311	195	11	15	4
292	195	12	15	5
757	195	17	15	4
236	195	16	15	2
932	195	12	15	4
293	195	13	15	3
363	195	3	15	4
671	195	11	15	5
12	195	12	15	4
731	195	11	15	1
506	195	6	15	4
312	195	12	15	5
606	195	6	15	5
412	195	12	15	4
899	195	19	15	4
848	195	8	15	3
505	195	5	15	3
927	195	7	15	4
665	195	5	15	3
214	195	14	15	4
542	195	2	15	3
645	195	5	15	4
786	195	6	15	4
239	195	19	15	5
871	195	11	15	5
250	195	10	15	2
640	195	0	15	4
210	195	10	15	4
246	195	6	15	3
788	195	8	15	3
327	195	7	15	4
833	195	13	15	5
22	195	2	15	4
868	195	8	15	2
908	195	8	15	4
638	195	18	15	4
532	195	12	15	5
16	195	16	15	5
435	195	15	15	5
301	195	1	15	5
496	195	16	15	4
85	195	5	15	3
429	195	9	15	4
805	195	5	15	3
125	195	5	15	5
864	195	4	15	4
468	195	8	15	5
537	195	17	15	3
551	195	11	15	5
583	195	3	15	4
124	195	4	15	4
843	195	3	15	4
760	195	0	15	4
916	195	16	15	3
543	195	3	15	4
373	195	13	15	4
472	195	12	15	5
487	195	7	15	4
286	195	6	15	4
630	195	10	15	4
347	195	7	15	4
601	195	1	15	3
779	195	19	15	5
862	195	2	15	5
654	195	14	15	4
804	195	4	15	5
234	195	14	15	2
666	195	6	15	3
94	195	14	15	3
332	195	12	15	5
825	195	5	15	5
213	195	13	15	5
48	195	8	15	5
72	195	12	15	5
504	195	4	15	4
886	195	6	15	4
58	195	18	15	4
291	195	11	15	4
514	195	14	15	5
14	195	14	15	5
202	195	2	15	4
144	195	4	15	5
303	195	3	15	4
445	195	5	15	2
42	195	2	15	5
497	195	17	15	4
297	195	17	15	1
91	195	11	15	5
478	195	18	15	4
508	195	8	15	3
655	195	15	15	3
694	195	14	15	4
130	195	10	15	5
774	195	14	15	3
642	195	2	15	3
538	195	18	15	4
346	195	6	15	5
892	195	12	15	5
880	195	0	15	4
716	195	16	15	1
627	195	7	15	4
807	195	7	15	3
407	195	7	15	4
748	195	8	15	4
870	195	10	15	4
64	195	4	15	5
658	195	18	15	3
96	195	16	15	5
533	195	13	15	4
235	195	15	15	4
712	195	12	15	3
207	195	7	15	3
844	195	4	15	3
530	195	10	15	3
896	195	16	15	4
633	195	13	15	4
458	195	18	15	4
756	195	16	15	3
279	195	19	15	4
922	195	2	15	3
415	195	15	15	5
698	195	18	15	4
416	195	16	15	5
217	195	17	15	5
840	195	0	15	5
249	195	9	15	4
823	195	3	15	4
344	195	4	15	5
385	195	5	15	1
102	195	2	15	4
682	195	2	15	4
193	195	13	15	1
715	195	15	15	4
653	195	13	15	5
10	195	10	15	4
298	195	18	15	4
943	195	3	15	4
600	195	0	15	4
263	195	3	15	5
267	195	7	15	4
360	195	0	15	3
806	195	6	15	3
109	195	9	15	5
709	195	9	15	5
137	195	17	15	5
197	195	17	15	5
215	195	15	15	5
151	195	11	15	3
890	195	10	15	5
325	195	5	15	2
44	195	4	15	5
409	195	9	15	4
159	195	19	15	3
619	195	19	15	5
114	195	14	15	4
417	195	17	15	5
411	195	11	15	3
38	195	18	15	1
913	195	13	15	4
881	195	1	15	4
37	195	17	15	5
521	195	1	15	4
60	195	0	15	4
484	195	4	15	5
405	195	5	15	5
457	195	17	15	5
650	195	10	15	4
632	195	12	15	5
328	195	8	15	3
778	195	18	15	4
887	195	7	15	4
629	195	9	15	4
524	195	4	15	2
425	195	5	15	4
262	195	2	15	2
536	195	16	15	4
763	195	3	15	4
97	195	17	15	5
885	195	5	15	4
406	195	6	15	5
320	195	0	15	5
897	195	17	15	5
397	195	17	15	3
781	195	1	15	4
727	195	7	15	4
188	195	8	15	3
826	195	6	15	5
28	195	8	15	4
352	195	12	15	4
758	195	18	15	5
174	215	14	15	5
922	215	2	15	3
200	215	0	15	4
506	215	6	15	5
942	215	2	15	5
716	215	16	15	5
664	215	4	15	4
80	215	0	15	5
308	215	8	15	3
605	215	5	15	3
95	215	15	15	4
65	215	5	15	5
804	215	4	15	5
280	215	0	15	3
536	215	16	15	4
175	215	15	15	5
194	215	14	15	3
781	215	1	15	3
340	215	0	15	5
524	215	4	15	2
215	215	15	15	3
128	215	8	15	3
60	215	0	15	4
187	215	7	15	3
380	215	0	15	3
846	215	6	15	5
48	215	8	15	4
545	215	5	15	3
504	215	4	15	4
454	215	14	15	4
295	215	15	15	5
741	215	1	15	4
7	215	7	15	4
395	215	15	15	5
878	215	18	15	2
488	215	8	15	5
694	215	14	15	3
500	215	0	15	1
911	215	11	15	3
435	215	15	15	2
85	215	5	15	4
344	215	4	15	3
721	215	1	15	4
90	215	10	15	2
508	215	8	15	3
554	215	14	15	5
436	215	16	15	4
234	215	14	15	3
682	215	2	15	4
244	215	4	15	4
535	215	15	15	4
246	215	6	15	2
661	215	1	15	3
665	215	5	15	2
660	215	0	15	3
575	215	15	15	3
224	215	4	15	4
307	215	7	15	4
286	215	6	15	3
615	215	15	15	4
110	215	10	15	3
327	215	7	15	4
184	215	4	15	4
921	215	1	15	4
655	215	15	15	2
796	215	16	15	5
311	215	11	15	4
654	215	14	15	4
618	215	18	15	4
840	215	0	15	4
144	215	4	15	4
864	215	4	15	4
538	215	18	15	5
416	215	16	15	5
347	215	7	15	4
577	215	17	15	5
297	215	17	15	2
561	215	1	15	3
64	215	4	15	5
588	215	8	15	5
130	215	10	15	5
940	215	0	15	2
815	215	15	15	5
23	215	3	15	2
835	215	15	15	4
378	215	18	15	4
43	215	3	15	5
387	215	7	15	2
514	215	14	15	4
705	215	5	15	2
338	215	18	15	3
11	215	11	15	3
608	215	8	15	3
12	215	12	15	4
318	215	18	15	2
407	215	7	15	3
622	215	2	15	3
537	215	17	15	3
586	215	6	15	4
72	215	12	15	4
298	215	18	15	5
83	215	3	15	4
92	215	12	15	4
276	215	16	15	4
198	215	18	15	4
719	215	19	15	4
541	215	1	15	4
648	215	8	15	2
751	215	11	15	4
152	215	12	15	5
178	215	18	15	5
679	215	19	15	3
243	215	3	15	3
232	215	12	15	3
77	215	17	15	2
263	215	3	15	4
731	215	11	15	5
314	215	14	15	4
659	215	19	15	4
639	215	19	15	1
521	215	1	15	1
896	215	16	15	5
405	215	5	15	5
18	215	18	15	3
487	215	7	15	4
539	215	19	15	4
303	215	3	15	5
346	215	6	15	3
499	215	19	15	4
933	215	13	15	3
323	215	3	15	5
479	215	19	15	3
343	215	3	15	5
151	215	11	15	3
711	215	11	15	3
650	215	10	15	2
566	215	6	15	3
472	215	12	15	4
330	215	10	15	5
745	215	5	15	3
216	215	16	15	5
363	215	3	15	3
532	215	12	15	5
788	215	8	15	3
399	215	19	15	2
753	215	13	15	5
592	215	12	15	5
693	215	13	15	4
406	215	6	15	3
653	215	13	15	2
211	215	11	15	5
632	215	12	15	4
321	215	1	15	3
712	215	12	15	3
627	215	7	15	1
94	215	14	15	4
271	215	11	15	4
301	215	1	15	5
848	215	8	15	5
892	215	12	15	4
766	215	6	15	3
551	215	11	15	4
643	215	3	15	3
56	215	16	15	5
450	215	10	15	5
533	215	13	15	4
385	215	5	15	2
453	215	13	15	3
393	215	13	15	4
219	215	19	15	5
161	215	1	15	2
221	215	1	15	4
437	215	17	15	3
897	215	17	15	4
222	215	2	15	4
109	215	9	15	3
201	215	1	15	2
373	215	13	15	4
823	215	3	15	4
474	215	14	15	5
62	215	2	15	3
843	215	3	15	2
313	215	13	15	4
293	215	13	15	4
774	215	14	15	3
225	215	5	15	5
747	215	7	15	5
345	215	5	15	4
59	215	19	15	5
233	215	13	15	5
291	215	11	15	4
890	215	10	15	4
916	215	16	15	3
943	215	3	15	5
42	215	2	15	5
1	215	1	15	3
749	215	9	15	4
391	215	11	15	4
331	215	11	15	3
122	215	2	15	4
709	215	9	15	3
790	215	10	15	2
457	215	17	15	4
469	215	9	15	4
305	215	5	15	2
13	215	13	15	5
606	215	6	15	4
862	215	2	15	4
328	215	8	15	3
882	215	2	15	5
881	215	1	15	3
684	215	4	15	5
682	235	2	15	1
518	235	18	15	4
295	235	15	15	4
102	235	2	15	3
347	235	7	15	2
793	235	13	15	3
625	235	5	15	3
457	235	17	15	3
769	235	9	15	3
930	235	10	15	2
294	235	14	15	3
94	235	14	15	4
430	235	10	15	2
542	235	2	15	3
932	235	12	15	2
306	235	6	15	4
269	235	9	15	3
192	235	12	15	3
804	235	4	15	5
938	235	18	15	1
703	235	3	15	1
648	235	8	15	4
773	235	13	15	4
167	235	7	15	3
913	235	13	15	1
293	235	13	15	3
83	235	3	15	1
893	235	13	15	3
402	235	2	15	3
181	235	1	15	1
382	235	2	15	5
658	235	18	15	2
595	235	15	15	3
403	235	3	15	5
897	235	17	15	3
23	235	3	15	1
822	235	2	15	3
805	235	5	15	2
624	235	4	15	4
130	235	10	15	4
180	235	0	15	4
178	235	18	15	1
634	235	14	15	3
614	235	14	15	5
459	235	19	15	1
59	235	19	15	1
268	235	8	15	3
320	235	0	15	3
280	235	0	15	5
67	235	7	15	3
839	235	19	15	4
717	235	17	15	4
435	235	15	15	4
195	235	15	15	3
406	235	6	15	4
308	235	8	15	3
901	235	1	15	3
747	235	7	15	5
524	235	4	15	1
92	235	12	15	3
200	235	0	15	2
150	235	10	15	4
582	235	2	15	3
768	235	8	15	2
344	235	4	15	3
82	235	2	15	1
249	235	9	15	4
500	235	0	15	5
168	235	8	15	2
896	235	16	15	1
259	235	19	15	2
756	235	16	15	3
675	235	15	15	1
882	235	2	15	3
303	235	3	15	4
104	235	4	15	2
286	235	6	15	4
493	235	13	15	2
121	235	1	15	1
64	235	4	15	4
838	235	18	15	2
313	235	13	15	3
880	235	0	15	3
548	235	8	15	3
463	235	3	15	2
534	235	14	15	4
889	235	9	15	3
378	235	18	15	4
636	235	16	15	4
93	235	13	15	4
621	235	1	15	3
907	235	7	15	4
521	235	1	15	3
246	235	6	15	3
49	235	9	15	2
715	235	15	15	2
592	235	12	15	3
75	235	15	15	4
401	235	1	15	1
537	235	17	15	1
779	235	19	15	4
541	235	1	15	1
650	235	10	15	3
551	235	11	15	1
847	235	7	15	1
560	235	0	15	2
637	235	17	15	1
478	235	18	15	2
447	235	7	15	2
26	235	6	15	2
267	235	7	15	3
795	235	15	15	3
761	235	1	15	3
184	235	4	15	2
125	235	5	15	2
470	235	10	15	3
788	235	8	15	3
334	235	14	15	3
922	235	2	15	2
264	235	4	15	5
244	235	4	15	1
495	235	15	15	5
62	235	2	15	4
591	235	11	15	3
606	235	6	15	3
119	235	19	15	5
663	235	3	15	2
271	235	11	15	3
299	235	19	15	1
727	235	7	15	3
287	235	7	15	4
716	235	16	15	2
290	235	10	15	3
697	235	17	15	4
13	235	13	15	2
472	235	12	15	5
936	235	16	15	3
365	235	5	15	2
758	235	18	15	5
330	235	10	15	5
429	235	9	15	3
89	235	9	15	5
870	235	10	15	3
256	235	16	15	3
864	235	4	15	5
660	235	0	15	3
15	235	15	15	1
328	235	8	15	3
343	235	3	15	4
422	235	2	15	2
248	235	8	15	3
399	235	19	15	4
69	235	9	15	3
398	235	18	15	2
339	235	19	15	3
332	235	12	15	3
738	235	18	15	2
374	235	14	15	3
790	235	10	15	1
301	235	1	15	2
916	235	16	15	3
479	235	19	15	3
385	235	5	15	5
144	235	4	15	1
145	235	5	15	4
825	235	5	15	3
297	235	17	15	2
555	235	15	15	3
262	235	2	15	2
887	235	7	15	3
417	235	17	15	2
250	235	10	15	2
669	235	9	15	2
87	235	7	15	3
52	235	12	15	2
774	235	14	15	1
158	235	18	15	1
337	235	17	15	3
886	235	6	15	3
854	235	14	15	2
852	235	12	15	4
407	235	7	15	4
325	235	5	15	1
210	235	10	15	3
56	235	16	15	1
416	235	16	15	2
32	235	12	15	3
486	235	6	15	2
141	235	1	15	1
213	235	13	15	1
643	235	3	15	4
807	235	7	15	1
642	235	2	15	2
276	235	16	15	4
757	235	17	15	3
291	235	11	15	2
586	235	6	15	3
561	235	1	15	3
566	235	6	15	3
137	235	17	15	5
597	235	17	15	4
699	235	19	15	3
1	235	1	15	5
157	235	17	15	5
450	235	10	15	3
833	235	13	15	4
292	235	12	15	3
43	235	3	15	3
357	235	17	15	4
279	235	19	15	3
363	235	3	15	5
484	235	4	15	2
345	235	5	15	3
532	235	12	15	3
5	235	5	15	4
194	235	14	15	2
445	235	5	15	1
718	255	18	15	4
299	255	19	15	2
413	255	13	15	3
606	255	6	15	5
595	255	15	15	3
904	255	4	15	5
342	255	2	15	4
576	255	16	15	3
130	255	10	15	4
262	255	2	15	3
523	255	3	15	5
458	255	18	15	2
698	255	18	15	3
674	255	14	15	4
354	255	14	15	2
277	255	17	15	4
708	255	8	15	5
184	255	4	15	3
635	255	15	15	4
705	255	5	15	5
308	255	8	15	4
760	255	0	15	3
416	255	16	15	5
259	255	19	15	4
478	255	18	15	4
83	255	3	15	5
104	255	4	15	1
236	255	16	15	3
779	255	19	15	4
643	255	3	15	4
654	255	14	15	2
593	255	13	15	5
533	255	13	15	2
676	255	16	15	5
563	255	3	15	5
15	255	15	15	5
851	255	11	15	3
655	255	15	15	3
647	255	7	15	4
157	255	17	15	3
834	255	14	15	3
327	255	7	15	3
238	255	18	15	3
461	255	1	15	2
819	255	19	15	1
1	255	1	15	2
714	255	14	15	2
332	255	12	15	4
101	255	1	15	4
334	255	14	15	3
917	255	17	15	3
73	255	13	15	2
937	255	17	15	3
599	255	19	15	5
417	255	17	15	3
854	255	14	15	1
407	255	7	15	4
614	255	14	15	5
459	255	19	15	4
936	255	16	15	5
168	255	8	15	1
839	255	19	15	3
754	255	14	15	3
472	255	12	15	5
296	255	16	15	2
659	255	19	15	3
113	255	13	15	5
782	255	2	15	4
764	255	4	15	4
870	255	10	15	2
223	255	3	15	4
152	255	12	15	5
486	255	6	15	3
141	255	1	15	4
671	255	11	15	5
303	255	3	15	4
879	255	19	15	4
768	255	8	15	4
274	255	14	15	2
294	255	14	15	3
63	255	3	15	4
630	255	10	15	5
65	255	5	15	3
487	255	7	15	2
108	255	8	15	2
30	255	10	15	4
899	255	19	15	4
741	255	1	15	3
711	255	11	15	4
402	255	2	15	4
210	255	10	15	4
222	255	2	15	3
726	255	6	15	2
192	255	12	15	2
935	255	15	15	4
318	255	18	15	4
454	255	14	15	4
927	255	7	15	4
58	255	18	15	4
78	255	18	15	4
484	255	4	15	3
770	255	10	15	4
464	255	4	15	4
345	255	5	15	4
919	255	19	15	4
644	255	4	15	4
930	255	10	15	3
938	255	18	15	1
931	255	11	15	4
330	255	10	15	4
736	255	16	15	1
432	255	12	15	5
590	255	10	15	1
894	255	14	15	3
500	255	0	15	3
395	255	15	15	3
207	255	7	15	3
829	255	9	15	3
392	255	12	15	3
550	255	10	15	3
269	255	9	15	1
435	255	15	15	3
293	255	13	15	3
682	255	2	15	3
249	255	9	15	3
530	255	10	15	4
323	255	3	15	4
939	255	19	15	5
592	255	12	15	4
2	255	2	15	4
525	255	5	15	1
54	255	14	15	3
719	255	19	15	2
174	255	14	15	5
838	255	18	15	4
344	255	4	15	4
474	255	14	15	4
479	255	19	15	2
189	255	9	15	2
490	255	10	15	1
378	255	18	15	4
844	255	4	15	3
324	255	4	15	4
333	255	13	15	3
314	255	14	15	5
477	255	17	15	5
560	255	0	15	4
666	255	6	15	4
624	255	4	15	3
99	255	19	15	3
701	255	1	15	3
881	255	1	15	3
541	255	1	15	3
455	255	15	15	2
123	255	3	15	1
119	255	19	15	3
26	255	6	15	3
244	255	4	15	2
661	255	1	15	3
548	255	8	15	4
605	255	5	15	2
625	255	5	15	2
637	255	17	15	3
178	255	18	15	4
159	255	19	15	3
231	255	11	15	3
665	255	5	15	4
672	255	12	15	2
103	255	3	15	5
116	255	16	15	3
393	255	13	15	4
438	255	18	15	4
311	275	11	15	4
178	275	18	15	5
499	275	19	15	3
152	275	12	15	4
132	275	12	15	3
705	275	5	15	5
624	275	4	15	4
699	275	19	15	3
734	275	14	15	4
297	275	17	15	5
514	275	14	15	5
123	275	3	15	4
452	275	12	15	4
759	275	19	15	4
537	275	17	15	4
779	275	19	15	4
310	275	10	15	5
857	275	17	15	5
527	275	7	15	3
343	275	3	15	5
236	275	16	15	3
401	275	1	15	4
459	275	19	15	4
296	275	16	15	4
859	275	19	15	3
786	275	6	15	4
422	275	2	15	5
419	275	19	15	5
298	275	18	15	3
14	275	14	15	4
492	275	12	15	2
768	275	8	15	4
861	275	1	15	5
52	275	12	15	4
274	275	14	15	5
899	275	19	15	4
43	275	3	15	4
318	275	18	15	4
919	275	19	15	5
745	275	5	15	1
895	275	15	15	5
771	275	11	15	5
121	275	1	15	4
330	275	10	15	5
402	275	2	15	5
338	275	18	15	5
306	275	6	15	4
936	275	16	15	4
334	275	14	15	4
854	275	14	15	4
791	275	11	15	5
316	275	16	15	5
608	275	8	15	5
733	275	13	15	3
378	275	18	15	5
939	275	19	15	4
361	275	1	15	4
25	275	5	15	4
463	275	3	15	5
23	275	3	15	5
765	275	5	15	4
136	275	16	15	4
6	275	6	15	4
924	275	4	15	4
390	275	10	15	5
211	275	11	15	2
517	275	17	15	5
116	275	16	15	2
24	275	4	15	5
483	275	3	15	4
336	275	16	15	4
612	275	12	15	5
588	275	8	15	3
632	275	12	15	3
607	275	7	15	4
106	275	6	15	4
454	275	14	15	2
125	275	5	15	5
652	275	12	15	4
672	275	12	15	5
376	275	16	15	5
896	275	16	15	4
503	275	3	15	5
735	275	15	15	4
828	275	8	15	3
904	275	4	15	5
458	275	18	15	5
299	275	19	15	4
907	275	7	15	5
64	275	4	15	4
581	275	1	15	3
884	275	4	15	4
251	275	11	15	4
406	275	6	15	3
328	275	8	15	4
629	275	9	15	5
321	275	1	15	4
591	275	11	15	4
593	275	13	15	3
834	275	14	15	3
573	275	13	15	4
498	275	18	15	3
286	275	6	15	4
279	275	19	15	3
553	275	13	15	5
623	275	3	15	5
533	275	13	15	4
597	275	17	15	4
667	275	7	15	4
538	275	18	15	4
558	275	18	15	4
796	275	16	15	4
327	275	7	15	4
145	275	5	15	2
416	275	16	15	5
15	275	15	15	4
837	275	17	15	4
800	275	0	15	4
654	275	14	15	5
618	275	18	15	3
493	275	13	15	1
780	275	0	15	4
921	275	1	15	1
184	275	4	15	5
655	275	15	15	4
257	275	17	15	4
473	275	13	15	5
662	275	2	15	4
354	275	14	15	4
678	275	18	15	2
465	275	5	15	4
450	275	10	15	4
794	275	14	15	4
615	275	15	15	4
871	275	11	15	3
595	275	15	15	4
698	275	18	15	4
413	275	13	15	5
707	275	7	15	4
266	275	6	15	5
703	275	3	15	4
909	275	9	15	5
90	275	10	15	5
271	275	11	15	4
548	275	8	15	3
262	275	2	15	4
393	275	13	15	4
727	275	7	15	3
242	275	2	15	5
763	275	3	15	5
535	275	15	15	4
89	275	9	15	5
437	275	17	15	5
864	275	4	15	4
637	275	17	15	3
554	275	14	15	4
365	275	5	15	4
119	275	19	15	5
185	275	5	15	4
264	275	4	15	5
373	275	13	15	5
798	275	18	15	4
455	275	15	15	4
701	275	1	15	5
937	275	17	15	4
304	275	4	15	4
477	275	17	15	5
99	275	19	15	1
324	275	4	15	4
189	275	9	15	5
560	275	0	15	4
344	275	4	15	4
79	275	19	15	4
843	275	3	15	3
838	275	18	15	5
869	275	9	15	4
249	275	9	15	4
825	275	5	15	3
357	275	17	15	5
878	275	18	15	4
2	275	2	15	5
530	275	10	15	5
500	275	0	15	1
829	275	9	15	4
214	275	14	15	3
550	275	10	15	4
201	275	1	15	4
882	275	2	15	5
293	275	13	15	3
7	275	7	15	4
590	275	10	15	4
424	275	4	15	5
918	275	18	15	4
931	275	11	15	5
226	275	6	15	3
938	275	18	15	4
883	275	3	15	4
444	275	4	15	4
930	275	10	15	4
694	275	14	15	4
460	275	0	15	3
484	275	4	15	3
233	275	13	15	5
474	275	14	15	3
610	275	10	15	4
901	275	1	15	3
741	275	1	15	4
902	275	2	15	4
420	275	0	15	5
68	275	8	15	5
108	275	8	15	5
128	275	8	15	5
457	275	17	15	5
85	275	5	15	3
10	275	10	15	4
187	275	7	15	5
536	275	16	15	5
62	275	2	15	4
389	275	9	15	5
82	275	2	15	2
235	275	15	15	5
360	275	0	15	4
409	275	9	15	4
761	275	1	15	4
168	275	8	15	3
93	275	13	15	4
468	275	8	15	4
756	275	16	15	3
60	275	0	15	4
524	275	4	15	3
585	275	5	15	4
716	275	16	15	5
228	275	8	15	3
576	275	16	15	3
429	275	9	15	4
821	275	1	15	5
764	275	4	15	4
649	275	9	15	2
790	275	10	15	4
486	275	6	15	4
434	275	14	15	3
634	275	14	15	3
305	275	5	15	2
181	275	1	15	3
636	275	16	15	3
605	275	5	15	4
13	275	13	15	3
81	275	1	15	4
770	275	10	15	5
95	275	15	15	3
639	275	19	15	4
711	275	11	15	5
131	275	11	15	2
312	275	12	15	5
270	275	10	15	5
58	275	18	15	5
894	275	14	15	4
158	275	18	15	5
877	275	17	15	4
252	275	12	15	5
232	275	12	15	2
648	275	8	15	5
151	275	11	15	5
243	275	3	15	3
308	275	8	15	4
18	275	18	15	5
539	275	19	15	4
874	275	14	15	4
109	295	9	15	4
479	295	19	15	1
66	295	6	15	3
919	295	19	15	3
464	295	4	15	5
676	295	16	15	1
624	295	4	15	3
378	295	18	15	3
689	295	9	15	1
867	295	7	15	4
168	295	8	15	4
648	295	8	15	4
470	295	10	15	3
851	295	11	15	5
697	295	17	15	3
592	295	12	15	4
270	295	10	15	5
251	295	11	15	4
532	295	12	15	5
92	295	12	15	2
486	295	6	15	3
54	295	14	15	3
655	295	15	15	3
880	295	0	15	5
619	295	19	15	4
332	295	12	15	3
923	295	3	15	5
178	295	18	15	3
116	295	16	15	3
937	295	17	15	4
399	295	19	15	4
782	295	2	15	2
323	295	3	15	3
500	295	0	15	4
902	295	2	15	2
499	295	19	15	2
294	295	14	15	4
482	295	2	15	3
709	295	9	15	3
416	295	16	15	5
569	295	9	15	3
344	295	4	15	3
936	295	16	15	3
21	295	1	15	3
223	295	3	15	3
227	295	7	15	5
27	295	7	15	3
422	295	2	15	3
586	295	6	15	3
359	295	19	15	3
916	295	16	15	2
548	295	8	15	5
749	295	9	15	3
445	295	5	15	1
596	295	16	15	4
329	295	9	15	4
345	295	5	15	4
387	295	7	15	3
770	295	10	15	4
761	295	1	15	4
754	295	14	15	4
57	295	17	15	5
506	295	6	15	4
130	295	10	15	3
308	295	8	15	3
141	295	1	15	5
630	295	10	15	4
432	295	12	15	3
533	295	13	15	4
459	295	19	15	3
56	295	16	15	3
186	295	6	15	2
504	295	4	15	4
2	295	2	15	4
605	295	5	15	4
894	295	14	15	3
597	295	17	15	3
462	315	2	15	4
280	315	0	15	5
532	315	12	15	3
133	315	13	15	4
751	315	11	15	3
311	315	11	15	5
88	315	8	15	4
206	315	6	15	5
318	315	18	15	5
871	315	11	15	3
263	315	3	15	4
870	315	10	15	2
30	315	10	15	4
334	315	14	15	4
161	315	1	15	5
659	315	19	15	3
380	315	0	15	4
547	315	7	15	4
393	315	13	15	5
74	315	14	15	5
515	315	15	15	4
831	315	11	15	3
271	315	11	15	4
611	315	11	15	5
116	315	16	15	3
119	315	19	15	5
526	315	6	15	5
450	315	10	15	4
894	315	14	15	4
204	315	4	15	4
365	315	5	15	4
683	315	3	15	4
665	315	5	15	4
660	315	0	15	4
410	315	10	15	4
388	315	8	15	3
130	315	10	15	4
934	315	14	15	4
475	315	15	15	4
166	315	6	15	3
646	315	6	15	4
401	315	1	15	4
26	315	6	15	3
551	315	11	15	5
134	315	14	15	3
940	315	0	15	4
720	315	0	15	4
588	315	8	15	4
663	315	3	15	4
942	315	2	15	4
752	315	12	15	2
701	315	1	15	5
758	315	18	15	5
143	315	3	15	4
284	315	4	15	5
673	315	13	15	5
866	315	6	15	4
432	315	12	15	5
353	315	13	15	4
796	315	16	15	5
305	315	5	15	5
674	315	14	15	3
408	315	8	15	5
99	315	19	15	4
333	315	13	15	5
820	315	0	15	3
110	315	10	15	4
775	315	15	15	5
811	315	11	15	4
232	315	12	15	5
772	315	12	15	5
489	315	9	15	5
356	315	16	15	4
592	315	12	15	5
880	315	0	15	5
416	315	16	15	3
191	315	11	15	5
121	315	1	15	4
205	315	5	15	4
587	315	7	15	4
869	315	9	15	3
520	315	0	15	4
696	315	16	15	5
229	315	9	15	1
631	315	11	15	4
559	315	19	15	5
713	315	13	15	4
542	315	2	15	4
23	315	3	15	3
171	315	11	15	4
145	315	5	15	5
344	315	4	15	5
676	315	16	15	4
863	315	3	15	5
423	315	3	15	4
111	315	11	15	5
201	315	1	15	3
856	315	16	15	5
784	315	4	15	4
2	315	2	15	1
834	315	14	15	5
919	315	19	15	3
482	315	2	15	3
655	315	15	15	4
931	315	11	15	5
667	315	7	15	4
548	315	8	15	3
747	315	7	15	4
898	315	18	15	5
711	315	11	15	4
466	315	6	15	5
100	315	0	15	5
454	315	14	15	4
860	315	0	15	3
293	315	13	15	3
574	315	14	15	3
809	315	9	15	5
926	315	6	15	4
286	315	6	15	5
616	315	16	15	4
383	315	3	15	5
507	315	7	15	5
395	315	15	15	5
537	315	17	15	4
634	315	14	15	5
841	315	1	15	4
640	315	0	15	5
418	315	18	15	2
13	315	13	15	5
269	315	9	15	4
39	315	19	15	4
407	315	7	15	4
883	315	3	15	3
146	315	6	15	5
428	315	8	15	5
819	315	19	15	5
216	315	16	15	5
650	315	10	15	3
112	315	12	15	5
174	315	14	15	5
273	315	13	15	4
296	315	16	15	5
610	315	10	15	4
345	315	5	15	5
474	315	14	15	5
258	315	18	15	3
276	315	16	15	4
328	315	8	15	4
278	315	18	15	4
915	315	15	15	4
484	315	4	15	3
842	315	2	15	3
43	315	3	15	4
210	315	10	15	5
179	315	19	15	5
768	315	8	15	3
363	315	3	15	3
142	315	2	15	3
782	315	2	15	4
126	315	6	15	4
871	335	11	15	3
369	335	9	15	2
532	335	12	15	3
519	335	19	15	5
270	335	10	15	3
782	335	2	15	2
710	335	10	15	1
3	335	3	15	1
181	335	1	15	1
341	335	1	15	4
783	335	3	15	3
813	335	13	15	2
721	335	1	15	3
451	335	11	15	4
517	335	17	15	3
141	335	1	15	1
130	335	10	15	3
255	335	15	15	4
479	335	19	15	3
241	335	1	15	3
221	335	1	15	4
611	355	11	15	1
294	355	14	15	4
894	355	14	15	3
752	355	12	15	2
145	355	5	15	3
133	355	13	15	2
317	355	17	15	4
511	355	11	15	2
489	355	9	15	5
863	355	3	15	4
940	355	0	15	1
616	355	16	15	4
335	355	15	15	3
393	355	13	15	3
816	355	16	15	2
758	355	18	15	4
668	355	8	15	2
851	355	11	15	4
776	355	16	15	3
801	355	1	15	3
423	355	3	15	3
587	355	7	15	3
669	355	9	15	2
883	355	3	15	5
100	355	0	15	4
782	355	2	15	3
276	355	16	15	3
551	355	11	15	4
578	355	18	15	1
472	355	12	15	3
726	355	6	15	3
650	355	10	15	2
130	355	10	15	4
384	355	4	15	4
13	355	13	15	3
828	355	8	15	2
425	355	5	15	3
94	355	14	15	2
116	355	16	15	2
931	355	11	15	2
3	355	3	15	3
222	375	2	15	1
5	375	5	15	3
303	375	3	15	2
233	375	13	15	4
766	375	6	15	2
276	375	16	15	1
880	375	0	15	1
201	375	1	15	3
760	375	0	15	4
183	375	3	15	2
622	375	2	15	2
655	375	15	15	2
881	375	1	15	1
291	375	11	15	1
279	375	19	15	1
343	375	3	15	2
642	375	2	15	1
416	375	16	15	1
346	375	6	15	1
405	375	5	15	1
763	375	3	15	2
922	375	2	15	2
472	375	12	15	5
295	395	15	15	4
465	395	5	15	1
393	395	13	15	3
652	395	12	15	3
727	395	7	15	3
268	395	8	15	2
795	395	15	15	2
495	395	15	15	1
922	395	2	15	4
109	395	9	15	3
682	395	2	15	3
642	395	2	15	5
291	395	11	15	3
653	395	13	15	1
684	395	4	15	2
174	395	14	15	1
798	395	18	15	3
276	395	16	15	2
336	395	16	15	2
125	395	5	15	3
456	395	16	15	2
5	395	5	15	2
379	395	19	15	2
545	395	5	15	4
222	395	2	15	1
566	395	6	15	1
95	395	15	15	3
346	395	6	15	1
11	395	11	15	2
405	395	5	15	3
417	395	17	15	4
622	395	2	15	2
881	395	1	15	3
901	395	1	15	3
303	395	3	15	2
389	395	9	15	2
399	395	19	15	3
870	395	10	15	3
407	395	7	15	1
472	395	12	15	3
38	395	18	15	3
56	395	16	15	3
588	395	8	15	4
301	395	1	15	1
457	395	17	15	2
621	395	1	15	4
279	395	19	15	4
927	395	7	15	3
497	395	17	15	4
921	395	1	15	3
541	395	1	15	2
712	395	12	15	4
450	395	10	15	3
307	395	7	15	3
416	395	16	15	2
314	395	14	15	2
339	415	19	15	3
276	415	16	15	3
311	415	11	15	3
807	415	7	15	3
943	415	3	15	1
804	415	4	15	3
712	415	12	15	4
484	415	4	15	3
450	415	10	15	3
437	415	17	15	4
405	415	5	15	2
346	415	6	15	2
95	415	15	15	3
174	415	14	15	3
551	415	11	15	4
416	415	16	15	4
279	415	19	15	3
798	415	18	15	3
846	415	6	15	2
393	415	13	15	4
7	415	7	15	2
429	415	9	15	3
5	415	5	15	1
254	415	14	15	3
313	415	13	15	2
629	435	9	15	4
536	435	16	15	3
230	435	10	15	4
72	435	12	15	5
363	435	3	15	3
881	435	1	15	3
298	435	18	15	5
151	435	11	15	4
10	435	10	15	5
326	435	6	15	3
91	435	11	15	4
7	435	7	15	5
82	435	2	15	5
187	435	7	15	4
371	435	11	15	3
325	435	5	15	3
749	435	9	15	4
537	435	17	15	3
807	435	7	15	3
236	435	16	15	4
96	435	16	15	3
660	435	0	15	4
826	435	6	15	4
18	435	18	15	4
409	435	9	15	3
290	435	10	15	3
447	435	7	15	4
389	435	9	15	4
899	435	19	15	3
579	435	19	15	5
890	435	10	15	5
233	435	13	15	5
514	435	14	15	3
474	435	14	15	5
340	435	0	15	4
850	435	10	15	4
210	435	10	15	4
606	435	6	15	4
506	435	6	15	5
716	435	16	15	4
8	435	8	15	5
295	435	15	15	5
288	435	8	15	4
666	435	6	15	4
830	435	10	15	5
125	435	5	15	4
167	435	7	15	5
741	435	1	15	4
194	435	14	15	4
197	435	17	15	5
383	435	3	15	4
19	435	19	15	5
338	435	18	15	4
883	435	3	15	4
804	435	4	15	3
401	435	1	15	5
208	435	8	15	5
60	435	0	15	4
476	435	16	15	3
138	435	18	15	5
296	435	16	15	5
424	435	4	15	3
650	435	10	15	4
158	435	18	15	5
821	435	1	15	4
178	435	18	15	4
524	435	4	15	4
243	435	3	15	4
22	435	2	15	5
405	435	5	15	1
106	435	6	15	3
694	435	14	15	4
623	435	3	15	5
848	435	8	15	3
690	435	10	15	5
308	435	8	15	4
269	435	9	15	3
385	435	5	15	3
144	435	4	15	4
892	435	12	15	4
316	435	16	15	2
568	435	8	15	2
312	435	12	15	4
293	435	13	15	4
840	435	0	15	4
283	435	3	15	5
232	435	12	15	4
87	435	7	15	5
328	435	8	15	4
56	435	16	15	3
901	435	1	15	5
667	435	7	15	3
13	435	13	15	5
753	435	13	15	4
704	435	4	15	4
98	435	18	15	5
553	435	13	15	4
498	435	18	15	3
643	435	3	15	5
11	435	11	15	4
878	435	18	15	4
350	435	10	15	5
379	435	19	15	5
815	435	15	15	4
559	435	19	15	2
254	435	14	15	3
721	435	1	15	4
655	435	15	15	2
327	435	7	15	4
370	435	10	15	3
343	435	3	15	4
313	435	13	15	5
533	435	13	15	4
397	435	17	15	4
880	435	0	15	4
406	435	6	15	5
59	435	19	15	5
513	435	13	15	5
684	435	4	15	3
361	435	1	15	5
268	435	8	15	4
911	435	11	15	5
889	435	9	15	4
85	435	5	15	4
398	435	18	15	5
542	435	2	15	4
933	435	13	15	4
321	435	1	15	5
339	435	19	15	4
452	435	12	15	3
333	435	13	15	4
576	435	16	15	4
934	435	14	15	4
425	435	5	15	3
450	435	10	15	4
102	435	2	15	3
505	435	5	15	3
766	435	6	15	3
299	435	19	15	3
65	435	5	15	4
354	435	14	15	4
638	435	18	15	3
6	435	6	15	4
493	435	13	15	5
932	435	12	15	4
435	435	15	15	3
437	435	17	15	3
862	435	2	15	5
161	435	1	15	2
455	435	15	15	4
843	435	3	15	2
896	435	16	15	4
5	435	5	15	4
347	435	7	15	5
426	435	6	15	3
41	435	1	15	3
201	435	1	15	4
94	435	14	15	4
942	435	2	15	5
378	435	18	15	4
851	435	11	15	4
97	435	17	15	4
90	435	10	15	5
535	435	15	15	5
886	435	6	15	3
600	435	0	15	5
615	435	15	15	5
788	435	8	15	3
123	435	3	15	5
613	435	13	15	5
436	435	16	15	4
429	435	9	15	4
758	435	18	15	5
698	435	18	15	3
503	435	3	15	3
645	435	5	15	4
391	435	11	15	5
271	435	11	15	4
846	435	6	15	5
433	435	13	15	4
458	435	18	15	4
373	435	13	15	4
454	435	14	15	2
897	435	17	15	3
523	435	3	15	5
686	435	6	15	5
234	435	14	15	3
871	435	11	15	3
607	435	7	15	3
591	435	11	15	4
64	435	4	15	4
929	435	9	15	3
627	435	7	15	5
727	435	7	15	3
303	435	3	15	5
495	435	15	15	5
481	435	1	15	5
297	435	17	15	3
562	435	2	15	4
648	435	8	15	5
387	435	7	15	3
756	435	16	15	3
193	435	13	15	4
411	435	11	15	3
561	435	1	15	3
876	435	16	15	4
318	435	18	15	5
235	435	15	15	5
207	435	7	15	4
30	435	10	15	5
263	435	3	15	4
468	435	8	15	4
833	435	13	15	2
275	435	15	15	3
870	435	10	15	3
380	435	0	15	3
805	455	5	15	4
26	455	6	15	3
286	455	6	15	1
425	455	5	15	2
346	455	6	15	3
386	455	6	15	3
385	455	5	15	4
466	455	6	15	3
285	455	5	15	4
506	455	6	15	3
125	455	5	15	5
606	455	6	15	2
25	455	5	15	4
5	455	5	15	4
936	455	16	15	3
746	455	6	15	4
896	455	16	15	2
786	455	6	15	1
806	455	6	15	3
130	455	10	15	4
396	455	16	15	2
296	455	16	15	1
276	455	16	15	4
450	455	10	15	4
889	455	9	15	4
490	455	10	15	4
569	455	9	15	3
429	455	9	15	3
349	455	9	15	2
930	455	10	15	1
289	455	9	15	4
249	455	9	15	4
119	455	19	15	4
49	455	9	15	1
279	455	19	15	5
359	455	19	15	4
592	455	12	15	4
552	455	12	15	3
399	455	19	15	4
472	455	12	15	4
459	455	19	15	2
452	455	12	15	1
479	455	19	15	4
699	455	19	15	3
92	455	12	15	2
839	455	19	15	4
32	455	12	15	2
899	455	19	15	3
715	455	15	15	3
144	455	4	15	3
244	455	4	15	2
455	455	15	15	3
435	455	15	15	3
255	455	15	15	2
624	455	4	15	3
15	455	15	15	1
922	455	2	15	4
882	455	2	15	3
804	455	4	15	5
682	455	2	15	4
11	455	11	15	3
582	455	2	15	1
402	455	2	15	3
211	455	11	15	3
222	455	2	15	3
291	455	11	15	5
82	455	2	15	4
62	455	2	15	3
22	455	2	15	5
868	455	8	15	5
551	455	11	15	1
671	455	11	15	4
648	455	8	15	3
851	455	11	15	3
160	455	0	15	4
200	455	0	15	3
308	455	8	15	4
268	455	8	15	3
188	455	8	15	4
838	455	18	15	4
540	455	0	15	4
580	455	0	15	4
758	455	18	15	4
738	455	18	15	4
638	455	18	15	3
198	455	18	15	3
178	455	18	15	3
158	455	18	15	4
283	455	3	15	4
303	455	3	15	3
833	455	13	15	3
363	455	3	15	5
773	455	13	15	4
463	455	3	15	3
653	455	13	15	3
493	455	13	15	5
663	455	3	15	2
883	455	3	15	4
293	455	13	15	2
923	455	3	15	4
213	455	13	15	4
13	455	13	15	3
181	455	1	15	1
887	455	7	15	5
847	455	7	15	2
201	455	1	15	3
727	455	7	15	3
301	455	1	15	5
487	455	7	15	2
14	455	14	15	4
467	455	7	15	3
407	455	7	15	3
561	455	1	15	3
387	455	7	15	4
601	455	1	15	4
347	455	7	15	2
621	455	1	15	4
327	455	7	15	2
267	455	7	15	3
721	455	1	15	5
761	455	1	15	2
7	455	7	15	4
941	455	1	15	4
77	455	17	15	3
854	455	14	15	2
794	455	14	15	4
654	455	14	15	3
297	455	17	15	4
357	455	17	15	5
534	455	14	15	5
394	455	14	15	4
457	455	17	15	4
497	455	17	15	4
537	455	17	15	1
294	455	14	15	3
657	455	17	15	1
677	455	17	15	5
697	455	17	15	4
717	455	17	15	2
757	455	17	15	3
817	455	17	15	3
94	455	14	15	3
897	455	17	15	3
825	455	5	15	4
865	455	5	15	4
199	475	19	15	5
416	475	16	15	2
136	475	16	15	4
737	475	17	15	4
248	475	8	15	5
296	475	16	15	4
617	475	17	15	1
228	475	8	15	3
276	475	16	15	5
99	475	19	15	5
861	475	1	15	3
595	475	15	15	5
269	475	9	15	5
465	475	5	15	3
104	475	4	15	4
867	475	7	15	5
668	475	8	15	4
894	475	14	15	3
445	475	5	15	5
637	475	17	15	1
629	475	9	15	4
682	475	2	15	3
542	475	2	15	3
139	475	19	15	5
498	475	18	15	3
58	475	18	15	5
125	475	5	15	1
216	475	16	15	5
648	475	8	15	1
397	475	17	15	4
299	475	19	15	4
933	475	13	15	2
548	475	8	15	4
533	475	13	15	1
349	475	9	15	4
711	475	11	15	5
334	475	14	15	4
527	475	7	15	3
417	475	17	15	4
906	475	6	15	3
569	475	9	15	3
474	475	14	15	4
534	475	14	15	4
135	475	15	15	4
449	475	9	15	5
823	475	3	15	5
634	475	14	15	5
829	475	9	15	4
870	475	10	15	5
181	475	1	15	2
590	475	10	15	4
425	475	5	15	5
297	475	17	15	5
789	475	9	15	5
327	475	7	15	4
432	475	12	15	4
526	475	6	15	5
763	475	3	15	4
839	475	19	15	5
576	475	16	15	1
493	475	13	15	3
747	475	7	15	5
64	475	4	15	5
624	475	4	15	4
592	475	12	15	5
932	475	12	15	4
715	475	15	15	4
347	475	7	15	4
268	475	8	15	4
13	475	13	15	3
608	475	8	15	3
75	475	15	15	5
14	475	14	15	3
865	475	5	15	4
68	475	8	15	5
806	475	6	15	4
657	475	17	15	4
859	475	19	15	4
252	475	12	15	5
742	475	2	15	4
420	475	0	15	4
458	475	18	15	4
52	475	12	15	4
250	475	10	15	4
339	475	19	15	5
94	475	14	15	5
903	475	3	15	4
768	475	8	15	2
422	475	2	15	4
667	475	7	15	5
762	475	2	15	5
790	475	10	15	3
877	475	17	15	4
343	475	3	15	5
525	475	5	15	3
213	475	13	15	4
198	475	18	15	4
308	475	8	15	4
27	475	7	15	2
479	475	19	15	1
292	475	12	15	5
232	475	12	15	5
677	475	17	15	4
92	475	12	15	5
32	475	12	15	5
63	475	3	15	4
118	475	18	15	5
244	475	4	15	4
109	475	9	15	1
905	475	5	15	3
6	475	6	15	5
857	475	17	15	5
89	475	9	15	5
506	475	6	15	1
10	475	10	15	4
463	475	3	15	3
699	475	19	15	4
246	475	6	15	4
315	475	15	15	4
472	475	12	15	5
17	475	17	15	4
473	475	13	15	5
735	475	15	15	4
880	475	0	15	4
468	475	8	15	4
601	475	1	15	4
437	475	17	15	3
669	475	9	15	3
214	475	14	15	5
491	475	11	15	4
257	475	17	15	5
323	475	3	15	3
117	475	17	15	5
402	475	2	15	3
588	475	8	15	2
884	475	4	15	4
500	475	0	15	5
470	475	10	15	4
581	475	1	15	4
467	475	7	15	4
71	475	11	15	5
936	475	16	15	5
567	475	7	15	4
907	475	7	15	3
758	475	18	15	5
26	475	6	15	3
923	475	3	15	5
854	475	14	15	4
203	475	3	15	3
889	475	9	15	4
336	475	16	15	4
658	475	18	15	4
770	475	10	15	5
382	475	2	15	3
497	475	17	15	4
291	475	11	15	5
919	475	19	15	3
81	475	1	15	5
331	475	11	15	3
490	475	10	15	4
389	475	9	15	5
222	475	2	15	4
452	475	12	15	2
342	475	2	15	5
176	475	16	15	5
886	475	6	15	5
305	475	5	15	4
453	475	13	15	5
387	475	7	15	3
537	475	17	15	4
49	475	9	15	4
90	475	10	15	3
607	475	7	15	4
50	475	10	15	5
286	475	6	15	4
409	475	9	15	4
144	475	4	15	1
390	475	10	15	1
665	475	5	15	3
855	475	15	15	4
655	475	15	15	3
518	475	18	15	4
57	475	17	15	2
383	475	3	15	2
154	475	14	15	4
259	475	19	15	5
374	475	14	15	1
429	475	9	15	4
66	475	6	15	2
264	475	4	15	5
207	475	7	15	2
741	475	1	15	3
868	475	8	15	4
130	475	10	15	3
717	475	17	15	5
201	475	1	15	4
455	475	15	15	4
834	475	14	15	5
439	475	19	15	3
663	475	3	15	4
119	475	19	15	4
325	475	5	15	4
157	475	17	15	3
115	475	15	15	5
160	475	0	15	5
242	475	2	15	3
833	475	13	15	3
609	475	9	15	2
913	475	13	15	4
303	475	3	15	4
943	475	3	15	5
521	475	1	15	3
606	475	6	15	4
916	475	16	15	4
805	475	5	15	5
501	475	1	15	5
82	475	2	15	1
503	475	3	15	2
361	475	1	15	4
851	475	11	15	4
540	475	0	15	4
828	475	8	15	4
221	475	1	15	4
399	475	19	15	5
689	475	9	15	4
73	475	13	15	4
69	475	9	15	3
773	475	13	15	3
941	475	1	15	4
582	475	2	15	5
267	475	7	15	5
270	475	10	15	5
794	475	14	15	5
551	475	11	15	5
62	475	2	15	4
177	475	17	15	4
294	475	14	15	5
615	475	15	15	4
632	475	12	15	3
568	475	8	15	4
561	475	1	15	3
324	475	4	15	5
456	475	16	15	5
239	475	19	15	5
54	475	14	15	5
486	475	6	15	4
24	475	4	15	4
227	475	7	15	4
150	475	10	15	5
605	475	5	15	3
474	495	14	15	4
535	495	15	15	3
450	495	10	15	4
312	495	12	15	4
840	495	0	15	3
699	495	19	15	3
148	495	8	15	4
95	495	15	15	4
505	495	5	15	3
469	495	9	15	5
392	495	12	15	3
311	495	11	15	4
381	495	1	15	4
325	495	5	15	3
892	495	12	15	4
748	495	8	15	3
178	495	18	15	4
694	495	14	15	4
169	495	9	15	3
716	495	16	15	4
807	495	7	15	4
106	495	6	15	4
846	495	6	15	4
918	495	18	15	3
862	495	2	15	4
200	495	0	15	3
767	495	7	15	4
524	495	4	15	4
932	495	12	15	5
308	495	8	15	3
881	495	1	15	5
650	495	10	15	3
82	495	2	15	3
532	495	12	15	4
821	495	1	15	5
496	495	16	15	3
25	495	5	15	4
573	495	13	15	2
452	495	12	15	4
263	495	3	15	5
233	495	13	15	4
712	495	12	15	4
848	495	8	15	2
429	495	9	15	3
804	495	4	15	3
271	495	11	15	5
843	495	3	15	3
537	495	17	15	2
60	495	0	15	3
398	495	18	15	4
313	495	13	15	2
749	495	9	15	4
91	495	11	15	4
7	495	7	15	5
85	495	5	15	3
6	495	6	15	4
234	495	14	15	4
934	495	14	15	4
10	495	10	15	4
899	515	19	15	3
560	515	0	15	3
311	515	11	15	4
594	515	14	15	5
296	515	16	15	5
932	515	12	15	4
498	515	18	15	4
619	515	19	15	1
661	515	1	15	5
91	515	11	15	5
269	515	9	15	4
763	515	3	15	4
680	515	0	15	4
780	515	0	15	3
406	515	6	15	2
600	515	0	15	5
871	515	11	15	4
6	515	6	15	4
548	515	8	15	5
312	515	12	15	5
154	515	14	15	4
95	515	15	15	5
297	515	17	15	5
360	515	0	15	4
552	515	12	15	3
157	515	17	15	5
120	515	0	15	5
474	515	14	15	5
762	515	2	15	5
387	515	7	15	5
565	515	5	15	5
301	515	1	15	3
316	515	16	15	4
121	515	1	15	4
425	515	5	15	3
207	515	7	15	5
232	515	12	15	2
401	515	1	15	4
852	515	12	15	5
185	515	5	15	4
590	515	10	15	3
156	515	16	15	3
192	515	12	15	4
279	515	19	15	3
27	515	7	15	4
386	515	6	15	5
833	515	13	15	3
637	515	17	15	4
92	515	12	15	4
343	515	3	15	4
634	515	14	15	4
877	515	17	15	5
184	515	4	15	5
834	515	14	15	5
483	515	3	15	4
933	515	13	15	3
929	515	9	15	5
549	515	9	15	5
460	515	0	15	5
896	515	16	15	3
881	515	1	15	4
308	515	8	15	3
486	515	6	15	5
87	515	7	15	4
931	515	11	15	5
108	515	8	15	5
248	515	8	15	5
669	515	9	15	5
625	515	5	15	4
643	515	3	15	4
490	515	10	15	3
403	515	3	15	4
666	515	6	15	5
72	515	12	15	4
892	515	12	15	5
13	515	13	15	2
543	515	3	15	4
201	515	1	15	5
902	515	2	15	5
197	515	17	15	5
275	515	15	15	3
288	515	8	15	4
709	515	9	15	4
937	515	17	15	5
116	515	16	15	4
878	515	18	15	4
354	515	14	15	3
733	515	13	15	5
200	515	0	15	5
464	515	4	15	5
858	515	18	15	4
350	515	10	15	5
882	515	2	15	5
22	515	2	15	5
444	515	4	15	4
660	515	0	15	2
294	515	14	15	5
553	515	13	15	5
889	515	9	15	5
278	515	18	15	5
638	515	18	15	4
233	515	13	15	5
440	515	0	15	4
313	515	13	15	5
455	515	15	15	4
840	515	0	15	5
698	515	18	15	4
416	515	16	15	5
430	515	10	15	4
540	515	0	15	5
736	515	16	15	5
402	515	2	15	5
757	515	17	15	5
829	515	9	15	4
488	515	8	15	4
230	515	10	15	5
326	515	6	15	5
346	515	6	15	5
339	515	19	15	5
650	515	10	15	4
735	515	15	15	4
804	515	4	15	5
884	515	4	15	4
807	515	7	15	4
79	515	19	15	5
516	515	16	15	4
581	515	1	15	4
390	515	10	15	4
380	515	0	15	4
862	515	2	15	4
271	515	11	15	5
405	515	5	15	1
307	515	7	15	4
458	515	18	15	4
869	515	9	15	5
883	515	3	15	5
815	515	15	15	5
782	515	2	15	3
617	515	17	15	3
26	515	6	15	4
334	515	14	15	4
90	515	10	15	5
794	515	14	15	5
194	515	14	15	4
678	515	18	15	4
524	515	4	15	4
164	515	4	15	4
537	515	17	15	4
651	515	11	15	5
535	515	15	15	3
321	515	1	15	5
85	515	5	15	5
843	515	3	15	3
449	515	9	15	5
235	515	15	15	4
59	515	19	15	4
422	515	2	15	4
213	515	13	15	4
658	515	18	15	5
452	515	12	15	4
753	515	13	15	5
672	515	12	15	5
329	515	9	15	4
299	515	19	15	4
395	515	15	15	4
145	515	5	15	5
212	515	12	15	4
825	515	5	15	4
417	515	17	15	4
716	515	16	15	5
102	515	2	15	1
774	515	14	15	2
337	515	17	15	5
234	515	14	15	5
846	515	6	15	5
328	515	8	15	5
290	515	10	15	3
748	515	8	15	4
413	515	13	15	5
202	515	2	15	1
7	515	7	15	3
890	515	10	15	5
908	515	8	15	4
559	515	19	15	4
263	515	3	15	5
561	515	1	15	3
392	515	12	15	5
662	515	2	15	4
267	515	7	15	5
670	515	10	15	2
136	515	16	15	5
532	515	12	15	5
903	515	3	15	4
745	515	5	15	4
453	515	13	15	4
18	515	18	15	5
655	515	15	15	4
292	515	12	15	4
64	515	4	15	5
894	515	14	15	4
60	515	0	15	5
859	535	19	15	5
768	535	8	15	3
297	535	17	15	3
294	535	14	15	4
66	535	6	15	4
730	535	10	15	2
530	535	10	15	4
930	535	10	15	4
726	535	6	15	3
916	535	16	15	3
401	535	1	15	2
837	535	17	15	1
344	535	4	15	3
904	535	4	15	3
141	535	1	15	5
314	535	14	15	4
630	535	10	15	4
429	535	9	15	2
345	535	5	15	3
223	535	3	15	3
593	535	13	15	3
303	535	3	15	1
450	535	10	15	3
416	535	16	15	4
286	535	6	15	5
207	535	7	15	3
655	535	15	15	2
87	535	7	15	4
708	535	8	15	2
927	535	7	15	3
936	535	16	15	2
919	535	19	15	3
854	535	14	15	3
178	535	18	15	3
665	535	5	15	4
614	535	14	15	2
342	535	2	15	3
782	535	2	15	3
888	535	8	15	4
878	535	18	15	1
894	535	14	15	4
323	535	3	15	3
292	535	12	15	3
251	535	11	15	3
532	535	12	15	5
917	535	17	15	4
479	535	19	15	3
270	535	10	15	5
599	535	19	15	4
637	535	17	15	2
6	535	6	15	2
447	535	7	15	4
654	535	14	15	3
500	535	0	15	3
130	555	10	15	4
7	555	7	15	4
417	555	17	15	1
224	555	4	15	3
343	555	3	15	1
846	555	6	15	2
405	555	5	15	1
747	555	7	15	2
363	555	3	15	1
291	555	11	15	1
648	575	8	15	3
276	575	16	15	2
642	575	2	15	3
881	575	1	15	2
453	575	13	15	2
896	575	16	15	2
545	575	5	15	3
303	575	3	15	4
495	575	15	15	3
461	575	1	15	2
406	575	6	15	1
56	575	16	15	3
399	575	19	15	1
280	575	0	15	2
393	575	13	15	2
83	575	3	15	4
889	575	9	15	3
653	575	13	15	1
497	575	17	15	3
379	575	19	15	2
174	575	14	15	1
405	575	5	15	5
254	575	14	15	3
504	575	4	15	3
330	575	10	15	4
7	575	7	15	3
194	575	14	15	1
291	575	11	15	2
712	575	12	15	3
933	575	13	15	1
267	575	7	15	3
336	575	16	15	3
318	575	18	15	2
846	575	6	15	2
378	575	18	15	3
92	575	12	15	2
222	575	2	15	3
523	575	3	15	4
110	575	10	15	3
363	575	3	15	1
880	575	0	15	3
87	575	7	15	3
566	575	6	15	1
871	575	11	15	5
749	595	9	15	4
486	595	6	15	2
54	595	14	15	3
754	595	14	15	2
624	595	4	15	3
764	595	4	15	4
251	595	11	15	3
548	595	8	15	4
903	595	3	15	2
504	595	4	15	4
551	595	11	15	2
577	595	17	15	4
121	595	1	15	2
21	595	1	15	3
634	595	14	15	4
328	595	8	15	3
92	595	12	15	3
445	595	5	15	2
280	595	0	15	3
181	595	1	15	2
943	595	3	15	2
186	595	6	15	3
374	595	14	15	3
851	595	11	15	3
256	595	16	15	4
620	595	0	15	5
159	595	19	15	5
599	595	19	15	5
938	595	18	15	2
109	595	9	15	3
697	595	17	15	4
236	595	16	15	3
276	595	16	15	2
825	595	5	15	3
347	595	7	15	2
42	595	2	15	1
396	595	16	15	3
332	595	12	15	4
372	595	12	15	4
101	595	1	15	2
805	595	5	15	3
357	595	17	15	4
314	595	14	15	3
880	595	0	15	1
119	595	19	15	3
792	595	12	15	3
436	595	16	15	5
518	595	18	15	3
715	595	15	15	3
145	595	5	15	3
894	595	14	15	3
534	595	14	15	4
303	595	3	15	2
533	595	13	15	2
554	595	14	15	3
525	595	5	15	2
113	595	13	15	5
7	595	7	15	2
99	595	19	15	4
81	595	1	15	4
637	595	17	15	3
630	595	10	15	5
891	595	11	15	3
59	595	19	15	3
848	615	8	15	5
465	615	5	15	3
312	615	12	15	4
670	615	10	15	3
114	615	14	15	2
868	615	8	15	4
889	615	9	15	3
60	615	0	15	5
303	615	3	15	4
125	615	5	15	3
234	615	14	15	5
397	615	17	15	5
942	615	2	15	3
553	615	13	15	5
389	615	9	15	4
591	615	11	15	4
7	615	7	15	4
409	615	9	15	5
567	615	7	15	4
661	615	1	15	4
932	615	12	15	5
639	615	19	15	5
528	615	8	15	4
474	615	14	15	4
59	615	19	15	4
767	615	7	15	4
804	615	4	15	5
561	615	1	15	4
308	615	8	15	3
617	615	17	15	3
840	615	0	15	5
537	615	17	15	3
892	615	12	15	5
25	615	5	15	5
881	615	1	15	4
796	615	16	15	4
13	615	13	15	4
527	615	7	15	4
9	615	9	15	4
747	615	7	15	5
392	615	12	15	5
326	615	6	15	4
524	615	4	15	2
648	615	8	15	4
815	615	15	15	2
321	615	1	15	5
313	615	13	15	4
452	615	12	15	3
419	615	19	15	5
843	615	3	15	3
846	615	6	15	5
10	615	10	15	4
480	615	0	15	4
195	615	15	15	4
716	615	16	15	3
167	615	7	15	5
503	615	3	15	5
299	615	19	15	4
568	615	8	15	5
429	635	9	15	3
334	635	14	15	2
13	635	13	15	1
188	635	8	15	2
843	635	3	15	2
749	635	9	15	1
7	635	7	15	3
21	635	1	15	4
650	635	10	15	3
727	635	7	15	2
435	635	15	15	3
378	635	18	15	2
436	635	16	15	3
372	635	12	15	5
407	635	7	15	3
776	635	16	15	4
814	635	14	15	2
648	635	8	15	2
145	635	5	15	4
102	635	2	15	2
442	635	2	15	4
234	635	14	15	2
617	635	17	15	4
24	655	4	15	5
276	655	16	15	4
916	655	16	15	3
328	655	8	15	4
14	655	14	15	5
102	655	2	15	3
815	655	15	15	3
51	655	11	15	3
56	655	16	15	4
345	655	5	15	4
456	655	16	15	3
144	655	4	15	5
457	655	17	15	5
608	655	8	15	5
912	655	12	15	5
407	655	7	15	4
178	655	18	15	4
848	655	8	15	4
903	655	3	15	5
618	655	18	15	4
322	655	2	15	5
416	655	16	15	5
262	655	2	15	4
339	655	19	15	4
174	655	14	15	5
862	655	2	15	5
98	655	18	15	3
44	655	4	15	3
721	655	1	15	2
394	655	14	15	5
378	655	18	15	4
435	655	15	15	2
156	655	16	15	3
361	655	1	15	3
625	655	5	15	3
387	655	7	15	3
843	655	3	15	3
70	655	10	15	4
476	655	16	15	4
109	655	9	15	3
325	655	5	15	4
194	655	14	15	5
303	655	3	15	5
16	655	16	15	5
632	655	12	15	3
207	655	7	15	4
940	655	0	15	4
538	655	18	15	3
551	655	11	15	5
286	655	6	15	3
591	655	11	15	4
823	655	3	15	5
267	655	7	15	4
243	655	3	15	4
704	655	4	15	3
795	655	15	15	3
305	655	5	15	4
313	655	13	15	4
868	655	8	15	4
588	655	8	15	3
264	655	4	15	4
472	655	12	15	5
116	655	16	15	4
119	655	19	15	5
342	655	2	15	4
7	655	7	15	5
773	655	13	15	3
426	655	6	15	4
311	655	11	15	4
497	655	17	15	4
747	655	7	15	3
401	655	1	15	3
878	655	18	15	3
870	655	10	15	4
114	655	14	15	3
19	655	19	15	3
180	655	0	15	5
326	655	6	15	5
541	655	1	15	4
436	655	16	15	5
506	655	6	15	4
751	655	11	15	3
437	655	17	15	4
731	655	11	15	5
429	655	9	15	3
922	655	2	15	2
308	655	8	15	4
379	655	19	15	5
398	655	18	15	4
639	655	19	15	3
943	655	3	15	4
213	655	13	15	4
406	655	6	15	3
579	655	19	15	3
833	655	13	15	2
593	655	13	15	3
659	655	19	15	4
343	655	3	15	5
314	655	14	15	4
64	655	4	15	4
577	655	17	15	4
293	655	13	15	3
913	655	13	15	4
887	655	7	15	1
450	655	10	15	4
307	655	7	15	4
889	655	9	15	4
329	655	9	15	4
222	655	2	15	4
666	655	6	15	4
318	655	18	15	4
664	655	4	15	3
561	655	1	15	3
629	655	9	15	5
479	655	19	15	4
663	655	3	15	4
336	655	16	15	3
454	655	14	15	3
253	655	13	15	4
453	655	13	15	3
92	655	12	15	4
788	655	8	15	3
291	655	11	15	4
899	655	19	15	4
690	655	10	15	4
347	655	7	15	5
786	655	6	15	4
880	655	0	15	4
417	655	17	15	4
896	655	16	15	4
295	655	15	15	5
94	655	14	15	4
804	655	4	15	4
495	655	15	15	5
885	655	5	15	3
846	655	6	15	3
468	655	8	15	5
232	655	12	15	4
705	655	5	15	3
332	655	12	15	5
327	655	7	15	4
537	655	17	15	3
118	655	18	15	5
864	655	4	15	4
806	655	6	15	3
196	655	16	15	5
42	655	2	15	3
474	655	14	15	5
167	655	7	15	4
25	655	5	15	4
354	655	14	15	3
488	655	8	15	3
484	655	4	15	5
97	655	17	15	5
62	655	2	15	3
254	655	14	15	4
719	655	19	15	4
198	655	18	15	4
521	655	1	15	4
583	655	3	15	5
371	655	11	15	4
805	655	5	15	3
553	655	13	15	4
216	655	16	15	5
712	655	12	15	5
234	655	14	15	3
399	655	19	15	3
72	655	12	15	5
10	655	10	15	5
85	655	5	15	3
244	655	4	15	5
95	655	15	15	4
13	655	13	15	5
715	655	15	15	4
65	655	5	15	4
268	655	8	15	4
373	655	13	15	5
682	655	2	15	5
201	655	1	15	4
301	655	1	15	1
532	655	12	15	5
643	655	3	15	4
796	655	16	15	3
184	655	4	15	3
527	655	7	15	3
299	655	19	15	3
504	655	4	15	4
655	655	15	15	3
711	655	11	15	4
235	655	15	15	4
514	655	14	15	4
606	655	6	15	4
236	655	16	15	3
748	655	8	15	3
151	655	11	15	4
334	655	14	15	4
269	655	9	15	4
280	655	0	15	3
228	655	8	15	4
716	655	16	15	4
542	655	2	15	4
911	655	11	15	5
508	655	8	15	4
749	655	9	15	5
592	655	12	15	5
586	655	6	15	4
867	655	7	15	4
627	655	7	15	4
478	655	18	15	3
411	655	11	15	4
886	655	6	15	4
405	655	5	15	5
535	655	15	15	4
881	655	1	15	4
59	655	19	15	5
210	655	10	15	5
738	655	18	15	3
462	655	2	15	5
393	655	13	15	3
693	655	13	15	3
128	655	8	15	3
58	655	18	15	5
774	655	14	15	1
890	655	10	15	3
23	655	3	15	3
840	655	0	15	5
224	655	4	15	4
60	675	0	15	4
773	675	13	15	5
716	675	16	15	2
567	675	7	15	4
308	675	8	15	4
102	675	2	15	3
118	675	18	15	5
13	675	13	15	5
406	675	6	15	4
843	675	3	15	5
407	675	7	15	3
21	675	1	15	5
840	675	0	15	4
648	675	8	15	2
234	675	14	15	4
334	675	14	15	4
239	675	19	15	5
890	675	10	15	5
167	675	7	15	1
435	675	15	15	3
806	675	6	15	3
617	675	17	15	4
59	675	19	15	5
151	675	11	15	2
389	675	9	15	3
747	675	7	15	2
366	675	6	15	4
339	675	19	15	4
814	675	14	15	3
95	675	15	15	2
766	675	6	15	3
425	675	5	15	3
326	675	6	15	4
246	675	6	15	4
561	675	1	15	3
815	675	15	15	2
833	675	13	15	4
405	675	5	15	1
776	675	16	15	3
645	675	5	15	4
932	675	12	15	4
264	675	4	15	4
660	675	0	15	3
659	675	19	15	4
804	675	4	15	3
385	675	5	15	5
363	675	3	15	3
795	675	15	15	3
537	675	17	15	3
7	675	7	15	5
846	675	6	15	2
498	675	18	15	4
934	675	14	15	4
312	675	12	15	5
655	695	15	15	3
542	695	2	15	2
457	695	17	15	3
405	695	5	15	1
221	695	1	15	4
442	695	2	15	5
218	695	18	15	3
889	695	9	15	3
49	695	9	15	3
747	695	7	15	2
608	695	8	15	5
10	695	10	15	3
201	695	1	15	1
664	715	4	15	3
758	715	18	15	4
655	715	15	15	3
128	715	8	15	4
110	715	10	15	2
276	715	16	15	3
11	715	11	15	3
524	715	4	15	4
405	715	5	15	1
506	715	6	15	2
456	715	16	15	3
94	715	14	15	4
886	715	6	15	1
922	715	2	15	3
883	715	3	15	5
805	715	5	15	4
916	715	16	15	4
109	715	9	15	2
328	715	8	15	2
476	715	16	15	4
308	715	8	15	5
378	715	18	15	4
846	715	6	15	4
174	715	14	15	3
385	715	5	15	3
267	715	7	15	4
823	715	3	15	5
303	715	3	15	4
389	715	9	15	3
59	715	19	15	5
291	715	11	15	5
345	715	5	15	4
394	715	14	15	4
293	715	13	15	3
344	715	4	15	4
721	715	1	15	2
896	715	16	15	3
450	715	10	15	3
711	715	11	15	4
327	715	7	15	4
213	715	13	15	5
407	715	7	15	4
833	715	13	15	2
95	715	15	15	1
224	715	4	15	1
406	715	6	15	4
788	715	8	15	3
222	715	2	15	2
193	715	13	15	3
184	715	4	15	4
122	715	2	15	5
551	715	11	15	1
537	715	17	15	4
391	715	11	15	2
472	715	12	15	4
373	715	13	15	2
393	715	13	15	1
299	715	19	15	4
650	715	10	15	3
870	715	10	15	3
435	715	15	15	3
864	715	4	15	4
436	715	16	15	4
269	715	9	15	4
387	715	7	15	5
561	715	1	15	3
62	715	2	15	2
194	715	14	15	3
919	715	19	15	5
398	715	18	15	2
201	715	1	15	4
707	715	7	15	3
543	715	3	15	3
311	715	11	15	2
860	715	0	15	4
514	715	14	15	4
417	715	17	15	2
87	715	7	15	3
268	715	8	15	1
85	715	5	15	4
280	715	0	15	2
92	715	12	15	4
343	715	3	15	5
49	715	9	15	3
643	715	3	15	5
56	715	16	15	1
747	715	7	15	5
276	735	16	15	4
187	735	7	15	4
16	735	16	15	3
201	735	1	15	3
291	735	11	15	4
554	735	14	15	3
870	735	10	15	3
311	735	11	15	4
632	735	12	15	4
178	735	18	15	5
167	735	7	15	4
450	735	10	15	4
588	735	8	15	5
835	735	15	15	5
398	735	18	15	4
236	735	16	15	5
18	735	18	15	4
295	735	15	15	5
664	735	4	15	4
805	735	5	15	4
401	735	1	15	5
12	735	12	15	5
354	735	14	15	3
796	735	16	15	2
508	735	8	15	4
751	735	11	15	4
747	735	7	15	4
568	735	8	15	2
823	735	3	15	4
378	735	18	15	4
399	735	19	15	3
194	735	14	15	4
535	735	15	15	5
327	735	7	15	2
896	735	16	15	3
655	735	15	15	3
216	735	16	15	5
305	735	5	15	4
59	735	19	15	5
854	735	14	15	3
704	735	4	15	4
56	735	16	15	2
347	735	7	15	2
151	735	11	15	5
343	735	3	15	5
207	735	7	15	4
213	735	13	15	5
711	735	11	15	5
379	735	19	15	4
707	735	7	15	4
269	735	9	15	2
244	735	4	15	5
682	735	2	15	4
318	735	18	15	5
606	735	6	15	5
658	735	18	15	3
608	735	8	15	4
627	735	7	15	4
610	735	10	15	3
268	735	8	15	3
43	735	3	15	4
474	735	14	15	4
561	735	1	15	3
91	735	11	15	4
615	735	15	15	3
916	735	16	15	4
864	735	4	15	5
280	735	0	15	2
458	735	18	15	2
11	735	11	15	3
693	735	13	15	4
246	735	6	15	4
313	735	13	15	3
716	735	16	15	5
586	735	6	15	3
721	735	1	15	4
60	735	0	15	5
363	735	3	15	3
815	735	15	15	5
592	735	12	15	5
654	735	14	15	4
301	735	1	15	2
234	735	14	15	3
537	735	17	15	3
454	735	14	15	2
331	735	11	15	4
659	735	19	15	3
618	735	18	15	3
184	735	4	15	3
650	735	10	15	3
715	735	15	15	4
92	735	12	15	3
514	735	14	15	4
416	735	16	15	5
719	735	19	15	5
758	735	18	15	5
504	735	4	15	5
316	735	16	15	4
180	735	0	15	4
373	735	13	15	5
85	735	5	15	3
691	735	11	15	5
885	735	5	15	3
429	735	9	15	4
406	735	6	15	3
593	735	13	15	4
933	735	13	15	3
374	735	14	15	5
487	735	7	15	4
500	735	0	15	4
749	735	9	15	5
303	735	3	15	4
314	735	14	15	5
13	735	13	15	3
846	735	6	15	2
123	735	3	15	2
577	735	17	15	5
630	735	10	15	2
210	735	10	15	4
360	735	0	15	5
212	735	12	15	4
387	735	7	15	2
262	735	2	15	4
109	735	9	15	5
65	735	5	15	4
271	735	11	15	4
42	735	2	15	4
538	735	18	15	3
222	735	2	15	5
94	735	14	15	5
233	735	13	15	5
621	735	1	15	4
543	735	3	15	4
339	735	19	15	4
847	735	7	15	4
405	735	5	15	5
551	735	11	15	5
407	755	7	15	3
588	755	8	15	3
618	755	18	15	2
393	755	13	15	3
749	755	9	15	4
846	755	6	15	3
622	755	2	15	4
405	755	5	15	2
290	755	10	15	4
566	755	6	15	2
280	755	0	15	2
92	755	12	15	3
504	755	4	15	4
83	755	3	15	5
712	755	12	15	4
610	755	10	15	5
484	755	4	15	4
805	755	5	15	3
416	755	16	15	4
472	755	12	15	4
308	755	8	15	3
13	755	13	15	3
506	755	6	15	4
621	755	1	15	3
705	755	5	15	5
200	755	0	15	5
437	755	17	15	3
500	755	0	15	3
650	755	10	15	3
919	755	19	15	3
311	755	11	15	4
222	755	2	15	4
193	755	13	15	4
878	755	18	15	2
291	755	11	15	2
889	755	9	15	3
435	755	15	15	2
43	755	3	15	3
378	755	18	15	3
328	755	8	15	3
916	755	16	15	2
551	755	11	15	4
721	755	1	15	4
457	755	17	15	4
868	755	8	15	4
790	755	10	15	3
262	755	2	15	3
932	755	12	15	2
70	755	10	15	3
848	755	8	15	5
798	755	18	15	3
119	755	19	15	1
653	755	13	15	2
795	755	15	15	3
727	755	7	15	2
887	755	7	15	5
44	755	4	15	3
788	755	8	15	3
455	755	15	15	3
778	755	18	15	2
804	755	4	15	3
60	755	0	15	4
303	755	3	15	2
620	755	0	15	5
276	755	16	15	3
536	755	16	15	4
429	755	9	15	3
505	755	5	15	3
521	755	1	15	3
892	755	12	15	4
715	755	15	15	2
399	755	19	15	2
880	755	0	15	3
517	755	17	15	3
738	755	18	15	3
151	755	11	15	3
109	755	9	15	5
711	755	11	15	3
660	755	0	15	2
210	755	10	15	3
42	755	2	15	4
541	755	1	15	5
533	755	13	15	3
56	755	16	15	3
881	755	1	15	4
301	755	1	15	4
927	755	7	15	5
59	755	19	15	4
864	755	4	15	4
796	755	16	15	4
921	755	1	15	4
751	755	11	15	4
254	755	14	15	3
934	755	14	15	4
642	755	2	15	3
756	755	16	15	3
682	775	2	15	1
416	775	16	15	4
269	775	9	15	1
378	775	18	15	3
405	775	5	15	1
311	775	11	15	3
18	775	18	15	3
542	775	2	15	2
655	775	15	15	2
13	775	13	15	4
314	775	14	15	3
151	775	11	15	2
450	775	10	15	4
796	775	16	15	2
642	775	2	15	4
87	775	7	15	2
927	775	7	15	3
593	775	13	15	3
864	775	4	15	1
914	775	14	15	3
500	775	0	15	1
727	775	7	15	4
256	775	16	15	5
393	775	13	15	4
152	775	12	15	4
457	775	17	15	3
497	795	17	15	1
796	795	16	15	3
394	795	14	15	2
620	795	0	15	4
450	795	10	15	3
642	795	2	15	4
622	795	2	15	2
880	795	0	15	2
798	795	18	15	3
13	795	13	15	2
532	795	12	15	2
621	795	1	15	1
774	795	14	15	1
881	795	1	15	2
318	795	18	15	2
83	795	3	15	3
314	795	14	15	4
901	795	1	15	3
416	795	16	15	2
577	795	17	15	3
405	795	5	15	2
642	815	2	15	4
303	815	3	15	3
26	815	6	15	2
189	815	9	15	3
287	815	7	15	3
99	815	19	15	2
43	815	3	15	4
588	815	8	15	4
222	815	2	15	2
500	815	0	15	3
637	815	17	15	2
334	815	14	15	3
796	815	16	15	4
869	815	9	15	1
718	815	18	15	4
296	815	16	15	3
793	815	13	15	3
707	815	7	15	2
880	815	0	15	4
595	815	15	15	3
130	815	10	15	3
921	815	1	15	5
618	815	18	15	4
885	815	5	15	4
576	815	16	15	3
524	815	4	15	3
432	815	12	15	3
532	815	12	15	4
599	815	19	15	3
401	815	1	15	3
768	815	8	15	3
592	815	12	15	3
128	815	8	15	3
417	815	17	15	4
416	815	16	15	4
95	815	15	15	3
101	815	1	15	3
452	815	12	15	2
904	815	4	15	4
624	815	4	15	3
13	815	13	15	4
854	815	14	15	2
438	815	18	15	5
762	815	2	15	1
447	815	7	15	3
244	815	4	15	4
144	815	4	15	1
872	815	12	15	4
181	815	1	15	3
89	815	9	15	4
730	815	10	15	3
697	815	17	15	3
293	815	13	15	2
256	815	16	15	5
655	815	15	15	2
623	815	3	15	2
705	815	5	15	3
365	815	5	15	3
893	815	13	15	3
141	815	1	15	4
393	815	13	15	4
342	815	2	15	4
52	815	12	15	4
741	815	1	15	3
374	815	14	15	4
477	815	17	15	5
15	815	15	15	1
314	815	14	15	5
332	815	12	15	4
938	815	18	15	3
552	815	12	15	3
376	815	16	15	3
270	815	10	15	4
93	815	13	15	4
56	815	16	15	4
717	815	17	15	3
345	815	5	15	3
798	815	18	15	5
727	815	7	15	3
593	815	13	15	3
289	815	9	15	3
450	815	10	15	3
927	815	7	15	3
907	815	7	15	5
238	815	18	15	2
203	815	3	15	4
649	815	9	15	3
265	815	5	15	3
344	815	4	15	2
159	815	19	15	3
936	815	16	15	3
530	815	10	15	4
851	815	11	15	3
262	815	2	15	2
193	815	13	15	3
665	815	5	15	4
286	815	6	15	3
672	815	12	15	4
318	815	18	15	3
271	815	11	15	3
62	815	2	15	3
935	815	15	15	4
459	815	19	15	4
84	815	4	15	4
434	815	14	15	4
274	815	14	15	3
663	815	3	15	4
630	815	10	15	3
882	815	2	15	2
923	815	3	15	4
680	815	0	15	3
919	815	19	15	2
325	835	5	15	5
234	835	14	15	3
465	835	5	15	3
911	835	11	15	3
151	835	11	15	5
426	835	6	15	3
60	835	0	15	4
639	835	19	15	4
815	835	15	15	3
370	835	10	15	5
568	835	8	15	4
389	835	9	15	5
747	835	7	15	3
312	835	12	15	5
13	835	13	15	3
506	855	6	15	4
358	855	18	15	3
114	855	14	15	3
234	855	14	15	3
90	855	10	15	5
918	855	18	15	5
878	855	18	15	3
219	855	19	15	5
625	855	5	15	4
615	855	15	15	4
543	855	3	15	4
329	855	9	15	4
568	855	8	15	1
848	855	8	15	5
773	855	13	15	2
585	855	5	15	3
655	855	15	15	3
292	855	12	15	5
607	855	7	15	4
666	855	6	15	4
13	855	13	15	4
932	855	12	15	5
622	855	2	15	3
867	855	7	15	5
565	855	5	15	5
381	855	1	15	3
940	855	0	15	5
659	855	19	15	2
854	855	14	15	4
840	855	0	15	4
385	855	5	15	5
299	855	19	15	4
420	855	0	15	5
144	855	4	15	4
829	855	9	15	4
617	855	17	15	3
201	855	1	15	4
312	855	12	15	5
95	855	15	15	3
354	855	14	15	4
524	855	4	15	4
92	855	12	15	5
397	855	17	15	4
934	855	14	15	4
537	855	17	15	3
296	855	16	15	5
527	855	7	15	2
469	855	9	15	4
409	855	9	15	4
189	855	9	15	3
417	855	17	15	2
85	855	5	15	3
796	855	16	15	3
184	855	4	15	4
693	855	13	15	2
321	855	1	15	3
334	855	14	15	3
59	855	19	15	4
911	855	11	15	5
698	855	18	15	2
465	855	5	15	4
405	855	5	15	1
894	855	14	15	4
379	855	19	15	4
239	855	19	15	5
855	855	15	15	4
732	875	12	15	1
364	875	4	15	3
13	875	13	15	1
261	875	1	15	5
489	875	9	15	2
721	875	1	15	3
526	875	6	15	3
31	875	11	15	4
894	875	14	15	3
21	875	1	15	4
873	875	13	15	1
755	875	15	15	1
656	875	16	15	2
372	875	12	15	4
818	875	18	15	1
324	875	4	15	3
655	875	15	15	3
303	875	3	15	4
730	875	10	15	2
207	875	7	15	2
36	875	16	15	3
587	875	7	15	1
229	875	9	15	1
529	875	9	15	4
685	875	5	15	3
770	875	10	15	4
762	875	2	15	5
747	875	7	15	3
176	875	16	15	4
378	875	18	15	3
323	875	3	15	3
806	875	6	15	3
836	875	16	15	1
89	875	9	15	3
327	875	7	15	4
451	875	11	15	2
416	875	16	15	2
808	875	8	15	4
537	875	17	15	1
428	875	8	15	4
205	875	5	15	2
851	875	11	15	5
592	875	12	15	4
342	875	2	15	1
551	875	11	15	4
392	875	12	15	3
90	875	10	15	1
454	875	14	15	1
181	875	1	15	3
635	875	15	15	2
919	875	19	15	1
557	875	17	15	4
62	875	2	15	4
99	895	19	15	3
377	895	17	15	3
320	895	0	15	4
416	895	16	15	4
524	895	4	15	4
13	895	13	15	1
142	895	2	15	4
832	895	12	15	2
872	895	12	15	5
327	895	7	15	3
683	895	3	15	2
201	895	1	15	3
110	895	10	15	2
82	895	2	15	1
178	895	18	15	3
221	895	1	15	2
630	895	10	15	4
511	895	11	15	4
531	895	11	15	2
436	895	16	15	4
287	895	7	15	2
222	895	2	15	4
253	895	13	15	4
757	895	17	15	4
919	895	19	15	4
193	895	13	15	1
551	895	11	15	3
828	895	8	15	2
241	895	1	15	2
697	895	17	15	2
206	895	6	15	5
673	895	13	15	3
418	895	18	15	4
768	895	8	15	2
190	895	10	15	3
801	895	1	15	5
179	895	19	15	5
596	895	16	15	3
616	895	16	15	3
246	895	6	15	5
462	895	2	15	4
695	895	15	15	1
676	895	16	15	1
592	895	12	15	3
104	895	4	15	2
445	895	5	15	2
561	895	1	15	1
502	895	2	15	4
668	895	8	15	3
602	895	2	15	3
130	895	10	15	5
687	895	7	15	4
598	895	18	15	2
425	895	5	15	4
618	895	18	15	3
589	895	9	15	5
820	895	0	15	2
655	895	15	15	3
811	895	11	15	5
294	895	14	15	4
299	895	19	15	2
773	895	13	15	2
663	895	3	15	4
851	895	11	15	3
783	895	3	15	4
871	895	11	15	3
293	895	13	15	3
351	895	11	15	3
33	895	13	15	3
682	895	2	15	4
896	895	16	15	2
702	895	2	15	1
332	895	12	15	5
515	895	15	15	4
532	895	12	15	3
620	895	0	15	3
758	895	18	15	4
117	895	17	15	2
782	895	2	15	4
341	895	1	15	4
365	895	5	15	4
116	895	16	15	2
388	895	8	15	4
466	895	6	15	3
363	895	3	15	3
100	895	0	15	2
304	895	4	15	3
863	895	3	15	5
587	895	7	15	4
435	895	15	15	3
724	895	4	15	4
414	895	14	15	4
439	895	19	15	3
197	895	17	15	3
519	895	19	15	4
489	895	9	15	4
472	895	12	15	4
28	895	8	15	4
240	895	0	15	5
646	895	6	15	3
400	895	0	15	4
507	895	7	15	5
145	895	5	15	3
255	895	15	15	2
417	895	17	15	3
546	895	6	15	3
499	915	19	15	4
532	915	12	15	4
851	915	11	15	5
421	915	1	15	4
13	915	13	15	5
416	915	16	15	5
669	915	9	15	3
299	915	19	15	4
655	915	15	15	4
683	915	3	15	2
328	915	8	15	3
276	915	16	15	4
479	915	19	15	4
486	935	6	15	4
523	935	3	15	5
894	935	14	15	3
15	935	15	15	3
655	935	15	15	3
782	935	2	15	2
219	935	19	15	3
762	955	2	15	5
262	955	2	15	2
456	955	16	15	4
618	955	18	15	2
244	955	4	15	4
18	955	18	15	4
389	955	9	15	4
828	955	8	15	3
345	955	5	15	4
758	955	18	15	2
889	955	9	15	3
468	955	8	15	4
524	955	4	15	1
859	955	19	15	5
201	955	1	15	3
712	955	12	15	2
360	955	0	15	5
763	955	3	15	2
883	955	3	15	5
877	955	17	15	4
561	955	1	15	3
655	955	15	15	3
92	955	12	15	4
416	955	16	15	4
85	955	5	15	4
293	955	13	15	2
711	955	11	15	1
128	955	8	15	5
846	955	6	15	3
437	955	17	15	4
871	955	11	15	3
76	955	16	15	4
334	955	14	15	1
535	955	15	15	3
405	955	5	15	1
62	955	2	15	4
299	955	19	15	4
58	955	18	15	4
268	955	8	15	3
286	955	6	15	5
487	955	7	15	5
645	955	5	15	4
642	955	2	15	3
160	955	0	15	4
354	955	14	15	3
715	955	15	15	4
537	955	17	15	4
344	955	4	15	4
551	955	11	15	3
717	975	17	15	2
374	975	14	15	4
21	975	1	15	3
923	975	3	15	4
442	975	2	15	3
453	975	13	15	2
280	975	0	15	4
416	975	16	15	2
592	975	12	15	4
399	975	19	15	2
655	975	15	15	3
478	975	18	15	4
99	975	19	15	3
256	975	16	15	3
697	975	17	15	1
291	975	11	15	2
642	975	2	15	2
130	975	10	15	5
718	975	18	15	2
537	975	17	15	3
663	975	3	15	4
181	975	1	15	2
630	975	10	15	4
551	975	11	15	5
851	975	11	15	2
113	975	13	15	5
276	975	16	15	3
101	975	1	15	2
109	975	9	15	3
936	975	16	15	3
57	975	17	15	3
223	975	3	15	1
332	975	12	15	3
348	975	8	15	4
486	975	6	15	3
872	975	12	15	4
59	975	19	15	4
342	975	2	15	2
620	975	0	15	3
265	975	5	15	4
749	975	9	15	4
599	975	19	15	5
560	975	0	15	3
434	975	14	15	5
711	995	11	15	4
717	995	17	15	5
466	995	6	15	5
721	995	1	15	3
651	995	11	15	1
707	995	7	15	4
365	995	5	15	4
49	995	9	15	3
21	995	1	15	2
119	995	19	15	4
589	995	9	15	1
451	995	11	15	1
587	995	7	15	3
936	995	16	15	3
381	995	1	15	4
752	995	12	15	4
220	995	0	15	3
720	995	0	15	4
655	995	15	15	3
129	995	9	15	2
724	995	4	15	1
47	995	7	15	3
918	995	18	15	3
184	995	4	15	3
181	995	1	15	1
695	995	15	15	4
409	995	9	15	4
90	995	10	15	4
785	995	5	15	3
486	995	6	15	4
173	995	13	15	5
792	1015	12	15	5
280	1015	0	15	3
234	1015	14	15	2
887	1015	7	15	5
305	1015	5	15	1
26	1015	6	15	3
181	1015	1	15	1
882	1015	2	15	3
747	1015	7	15	4
561	1015	1	15	2
825	1015	5	15	2
328	1015	8	15	3
880	1035	0	15	4
216	1035	16	15	1
152	1035	12	15	4
593	1035	13	15	3
454	1035	14	15	3
551	1035	11	15	2
846	1035	6	15	4
378	1035	18	15	3
653	1035	13	15	2
694	1035	14	15	4
267	1035	7	15	4
174	1035	14	15	4
109	1035	9	15	2
311	1035	11	15	4
70	1035	10	15	3
727	1035	7	15	2
620	1035	0	15	4
472	1035	12	15	4
778	1035	18	15	1
363	1035	3	15	2
892	1035	12	15	3
429	1035	9	15	3
83	1035	3	15	4
654	1035	14	15	4
128	1035	8	15	3
405	1035	5	15	1
577	1035	17	15	3
276	1035	16	15	3
178	1035	18	15	4
330	1035	10	15	4
262	1035	2	15	3
280	1035	0	15	4
487	1035	7	15	4
757	1035	17	15	2
541	1035	1	15	3
38	1035	18	15	5
514	1035	14	15	3
705	1035	5	15	4
268	1035	8	15	2
286	1035	6	15	3
682	1035	2	15	3
221	1035	1	15	3
399	1035	19	15	3
798	1035	18	15	4
379	1035	19	15	3
927	1035	7	15	4
922	1035	2	15	3
56	1035	16	15	4
621	1035	1	15	4
561	1035	1	15	3
301	1035	1	15	4
279	1035	19	15	3
661	1035	1	15	3
416	1035	16	15	3
393	1035	13	15	3
868	1035	8	15	1
347	1035	7	15	3
290	1035	10	15	4
43	1035	3	15	4
563	1035	3	15	4
222	1035	2	15	2
751	1035	11	15	2
932	1035	12	15	4
234	1035	14	15	3
660	1035	0	15	2
887	1035	7	15	5
650	1035	10	15	2
901	1035	1	15	4
43	1055	3	15	2
110	1055	10	15	2
796	1055	16	15	3
405	1055	5	15	3
606	1055	6	15	4
630	1055	10	15	3
642	1055	2	15	4
846	1055	6	15	3
712	1055	12	15	4
393	1055	13	15	4
234	1075	14	15	3
49	1075	9	15	2
85	1075	5	15	3
437	1075	17	15	4
286	1075	6	15	5
327	1075	7	15	4
379	1075	19	15	3
880	1095	0	15	3
67	1095	7	15	4
417	1095	17	15	3
130	1095	10	15	3
851	1095	11	15	3
303	1095	3	15	2
393	1095	13	15	2
181	1095	1	15	1
552	1095	12	15	3
859	1095	19	15	2
159	1095	19	15	5
276	1095	16	15	1
314	1095	14	15	3
624	1095	4	15	2
357	1095	17	15	3
472	1095	12	15	4
57	1095	17	15	2
244	1095	4	15	2
268	1095	8	15	2
599	1095	19	15	4
279	1095	19	15	1
886	1095	6	15	2
642	1095	2	15	2
795	1095	15	15	3
117	1095	17	15	3
434	1095	14	15	5
92	1095	12	15	2
927	1095	7	15	2
262	1095	2	15	2
678	1115	18	15	3
459	1115	19	15	3
239	1115	19	15	2
733	1115	13	15	3
561	1115	1	15	3
125	1115	5	15	3
838	1115	18	15	4
936	1115	16	15	4
536	1115	16	15	5
243	1115	3	15	3
295	1115	15	15	5
608	1115	8	15	4
514	1115	14	15	4
654	1115	14	15	3
104	1115	4	15	4
387	1115	7	15	3
894	1115	14	15	4
883	1115	3	15	4
381	1115	1	15	4
59	1115	19	15	3
463	1115	3	15	4
189	1115	9	15	4
460	1115	0	15	3
181	1115	1	15	1
711	1115	11	15	4
450	1115	10	15	4
106	1115	6	15	4
698	1115	18	15	2
207	1115	7	15	2
495	1135	15	15	5
269	1135	9	15	2
916	1135	16	15	3
109	1135	9	15	4
293	1135	13	15	3
295	1135	15	15	4
934	1135	14	15	3
385	1135	5	15	1
399	1135	19	15	2
500	1135	0	15	3
551	1135	11	15	5
301	1135	1	15	3
339	1135	19	15	2
308	1135	8	15	4
760	1135	0	15	4
660	1135	0	15	2
655	1135	15	15	3
823	1135	3	15	3
201	1135	1	15	5
693	1135	13	15	3
417	1135	17	15	4
303	1135	3	15	2
259	1135	19	15	5
650	1135	10	15	2
504	1135	4	15	4
864	1135	4	15	3
682	1135	2	15	2
373	1135	13	15	3
276	1135	16	15	4
346	1135	6	15	4
416	1135	16	15	2
450	1135	10	15	4
508	1135	8	15	3
62	1135	2	15	2
627	1135	7	15	3
94	1135	14	15	4
653	1135	13	15	2
601	1135	1	15	2
246	1135	6	15	1
843	1135	3	15	3
788	1135	8	15	2
378	1135	18	15	2
328	1135	8	15	1
758	1135	18	15	2
262	1135	2	15	3
436	1135	16	15	4
655	1155	15	15	3
585	1155	5	15	5
76	1155	16	15	2
355	1175	15	15	5
206	1175	6	15	1
405	1175	5	15	1
86	1175	6	15	5
126	1175	6	15	5
918	1195	18	15	4
655	1195	15	15	3
405	1195	5	15	1
279	1195	19	15	1
90	1195	10	15	5
500	1195	0	15	4
523	1195	3	15	5
184	1195	4	15	3
889	1195	9	15	3
639	1195	19	15	2
449	1195	9	15	5
363	1215	3	15	1
303	1215	3	15	1
417	1215	17	15	2
145	1215	5	15	2
393	1215	13	15	3
881	1215	1	15	1
472	1215	12	15	4
213	1215	13	15	1
534	1215	14	15	3
320	1215	0	15	1
291	1215	11	15	1
396	1215	16	15	2
183	1215	3	15	1
893	1215	13	15	3
279	1215	19	15	2
643	1215	3	15	3
130	1215	10	15	2
92	1215	12	15	2
774	1215	14	15	1
181	1215	1	15	1
435	1215	15	15	3
374	1215	14	15	1
582	1215	2	15	4
671	1215	11	15	3
790	1215	10	15	1
560	1215	0	15	2
727	1215	7	15	2
650	1215	10	15	3
715	1215	15	15	1
880	1215	0	15	1
100	1235	0	15	4
181	1255	1	15	1
116	1255	16	15	2
452	1255	12	15	2
894	1255	14	15	4
655	1255	15	15	3
782	1255	2	15	2
675	1255	15	15	1
707	1255	7	15	3
130	1275	10	15	5
405	1275	5	15	1
592	1275	12	15	3
731	1275	11	15	1
149	1295	9	15	3
894	1295	14	15	3
451	1295	11	15	2
721	1295	1	15	3
181	1295	1	15	1
409	1295	9	15	1
519	1295	19	15	5
303	1315	3	15	3
919	1315	19	15	2
525	1315	5	15	4
552	1315	12	15	3
592	1315	12	15	2
332	1315	12	15	2
859	1315	19	15	4
500	1315	0	15	4
195	1315	15	15	4
599	1315	19	15	4
342	1315	2	15	1
782	1315	2	15	3
189	1315	9	15	3
178	1315	18	15	4
345	1315	5	15	3
541	1315	1	15	1
665	1315	5	15	4
930	1315	10	15	3
936	1315	16	15	3
613	1315	13	15	4
894	1315	14	15	3
447	1315	7	15	4
334	1315	14	15	4
181	1335	1	15	1
916	1335	16	15	4
833	1335	13	15	2
634	1335	14	15	2
518	1335	18	15	3
936	1335	16	15	4
792	1335	12	15	4
458	1335	18	15	1
854	1335	14	15	2
537	1335	17	15	3
303	1335	3	15	3
201	1355	1	15	1
242	1355	2	15	5
264	1355	4	15	4
914	1355	14	15	1
181	1355	1	15	1
728	1355	8	15	4
936	1375	16	15	5
430	1375	10	15	4
733	1375	13	15	3
699	1375	19	15	3
486	1375	6	15	3
181	1375	1	15	1
747	1375	7	15	4
655	1375	15	15	3
581	1375	1	15	5
286	1375	6	15	5
655	1395	15	15	3
863	1395	3	15	4
451	1395	11	15	1
842	1395	2	15	4
206	1395	6	15	1
181	1395	1	15	1
195	1415	15	15	1
880	1415	0	15	2
642	1415	2	15	4
504	1415	4	15	3
532	1415	12	15	2
405	1415	5	15	1
927	1415	7	15	4
497	1415	17	15	2
796	1415	16	15	3
207	1435	7	15	2
405	1435	5	15	1
798	1435	18	15	2
393	1435	13	15	3
886	1435	6	15	3
450	1435	10	15	4
279	1435	19	15	3
234	1455	14	15	2
694	1455	14	15	3
264	1475	4	15	2
655	1475	15	15	3
585	1475	5	15	3
773	1475	13	15	4
405	1475	5	15	1
503	1475	3	15	5
537	1475	17	15	2
411	1475	11	15	3
385	1495	5	15	3
279	1495	19	15	4
363	1495	3	15	5
416	1495	16	15	3
498	1495	18	15	3
308	1515	8	15	4
655	1535	15	15	3
385	1535	5	15	4
585	1535	5	15	4
405	1535	5	15	1
543	1555	3	15	3
795	1555	15	15	3
773	1555	13	15	4
405	1555	5	15	1
497	1555	17	15	2
405	1575	5	15	1
425	1595	5	15	2
660	1615	0	15	2
699	1615	19	15	3
727	1615	7	15	1
497	1615	17	15	3
852	1615	12	15	2
804	1615	4	15	4
601	1615	1	15	4
807	1615	7	15	4
782	1615	2	15	3
749	1615	9	15	4
655	1635	15	15	3
682	1655	2	15	2
851	1675	11	15	3
