472	2	12	2	5
830	2	10	2	3
42	2	2	2	5
916	2	16	2	3
268	2	8	2	2
600	2	0	2	3
110	2	10	2	3
22	2	2	2	2
320	2	0	2	4
846	2	6	2	5
868	2	8	2	2
622	2	2	2	4
715	2	15	2	3
642	2	2	2	4
64	2	4	2	3
551	2	11	2	2
749	2	9	2	4
280	2	0	2	3
429	2	9	2	3
934	2	14	2	4
363	2	3	2	4
399	2	19	2	3
193	2	13	2	3
795	2	15	2	3
256	2	16	2	5
466	2	6	2	1
864	2	4	2	4
13	2	13	2	3
72	2	12	2	3
346	2	6	2	5
566	2	6	2	5
798	2	18	2	4
200	2	0	2	4
618	2	18	2	2
648	2	8	2	4
774	2	14	2	1
640	2	0	2	4
686	2	6	2	3
398	2	18	2	3
92	2	12	2	3
130	2	10	2	4
207	2	7	2	3
655	2	15	2	3
102	2	2	2	2
896	2	16	2	3
387	2	7	2	4
301	2	1	2	2
87	2	7	2	4
303	2	3	2	3
407	2	7	2	4
197	2	17	2	3
643	2	3	2	3
880	2	0	2	3
374	2	14	2	4
201	2	1	2	2
943	2	3	2	5
442	2	2	2	3
889	2	9	2	3
660	2	0	2	2
30	2	10	2	3
796	2	16	2	5
521	2	1	2	3
738	2	18	2	3
764	2	4	2	3
455	2	15	2	4
886	2	6	2	4
178	2	18	2	4
378	2	18	2	2
217	2	17	2	3
1	2	1	2	3
627	2	7	2	3
870	2	10	2	2
536	2	16	2	4
450	2	10	2	4
234	2	14	2	2
806	2	6	2	3
727	2	7	2	4
751	2	11	2	4
83	2	3	2	4
487	2	7	2	3
393	2	13	2	4
95	2	15	2	2
222	2	2	2	3
385	2	5	2	3
746	2	6	2	3
924	2	4	2	3
416	2	16	2	4
543	2	3	2	3
373	2	13	2	4
826	2	6	2	3
899	2	19	2	3
49	2	9	2	1
276	2	16	2	4
506	2	6	2	4
807	2	7	2	4
305	2	5	2	2
804	2	4	2	4
325	2	5	2	1
682	2	2	2	3
815	2	15	2	3
279	2	19	2	4
292	2	12	2	4
621	2	1	2	3
790	2	10	2	3
213	2	13	2	4
650	2	10	2	3
757	2	17	2	3
705	2	5	2	3
327	2	7	2	2
425	2	5	2	2
249	2	9	2	3
5	2	5	2	3
435	2	15	2	4
405	2	5	2	1
671	2	11	2	4
497	2	17	2	1
709	2	9	2	4
653	2	13	2	1
632	2	12	2	4
844	2	4	2	4
892	2	12	2	4
267	2	7	2	3
495	2	15	2	2
271	2	11	2	1
561	2	1	2	3
773	2	13	2	3
250	2	10	2	4
484	2	4	2	4
379	2	19	2	3
532	2	12	2	5
293	2	13	2	3
627	22	7	2	5
933	22	13	2	5
577	22	17	2	5
805	22	5	2	1
323	22	3	2	5
91	22	11	2	5
18	22	18	2	5
272	22	12	2	5
82	22	2	2	3
275	22	15	2	3
796	22	16	2	4
224	22	4	2	5
484	22	4	2	5
225	22	5	2	5
331	22	11	2	4
468	22	8	2	5
373	22	13	2	5
658	22	18	2	4
669	22	9	2	3
207	22	7	2	3
280	22	0	2	5
271	22	11	2	5
763	22	3	2	4
710	22	10	2	3
559	22	19	2	1
276	22	16	2	5
119	22	19	2	4
248	22	8	2	2
52	22	12	2	5
339	22	19	2	5
648	22	8	2	4
606	22	6	2	5
109	22	9	2	4
288	22	8	2	5
514	22	14	2	4
455	22	15	2	4
262	22	2	2	4
291	22	11	2	5
320	22	0	2	5
393	22	13	2	4
253	22	13	2	5
851	22	11	2	5
767	22	7	2	4
188	22	8	2	5
267	22	7	2	4
897	22	17	2	5
313	22	13	2	3
405	22	5	2	5
654	22	14	2	5
864	22	4	2	5
297	22	17	2	4
887	22	7	2	5
804	22	4	2	5
474	22	14	2	4
683	22	3	2	4
539	22	19	2	3
536	22	16	2	5
632	22	12	2	4
774	22	14	2	2
554	22	14	2	4
821	22	1	2	5
766	22	6	2	3
919	22	19	2	5
453	22	13	2	5
608	22	8	2	4
332	22	12	2	5
747	22	7	2	3
764	22	4	2	4
406	22	6	2	3
682	22	2	2	5
296	22	16	2	4
177	22	17	2	4
256	22	16	2	5
251	22	11	2	5
711	22	11	2	4
493	22	13	2	5
676	22	16	2	5
316	22	16	2	4
622	22	2	2	4
875	22	15	2	3
642	22	2	2	4
222	22	2	2	5
328	22	8	2	5
862	22	2	2	5
739	22	19	2	5
92	22	12	2	3
293	22	13	2	3
881	22	1	2	5
7	22	7	2	5
876	22	16	2	4
99	22	19	2	5
694	22	14	2	5
10	22	10	2	5
244	22	4	2	4
380	22	0	2	4
346	22	6	2	5
466	22	6	2	5
290	22	10	2	5
615	22	15	2	4
200	22	0	2	4
11	22	11	2	4
416	22	16	2	5
533	22	13	2	4
454	22	14	2	4
201	22	1	2	2
892	22	12	2	5
123	22	3	2	4
216	22	16	2	5
457	22	17	2	5
603	22	3	2	4
734	22	14	2	3
867	22	7	2	5
704	22	4	2	2
883	22	3	2	3
217	22	17	2	5
592	22	12	2	5
553	22	13	2	5
8	22	8	2	5
307	22	7	2	3
308	22	8	2	4
785	22	5	2	4
527	22	7	2	5
573	22	13	2	4
922	22	2	2	5
330	22	10	2	5
886	22	6	2	4
716	22	16	2	5
880	22	0	2	4
278	22	18	2	5
586	22	6	2	3
705	22	5	2	5
757	22	17	2	4
394	22	14	2	5
543	22	3	2	3
826	22	6	2	5
709	22	9	2	5
748	22	8	2	4
943	22	3	2	4
59	22	19	2	4
370	22	10	2	4
156	22	16	2	3
664	22	4	2	2
44	22	4	2	4
327	22	7	2	4
442	22	2	2	2
223	22	3	2	5
249	22	9	2	5
37	22	17	2	5
671	22	11	2	4
230	22	10	2	5
83	22	3	2	5
178	22	18	2	5
326	22	6	2	4
6	22	6	2	3
653	22	13	2	5
721	22	1	2	5
878	22	18	2	2
130	22	10	2	5
55	22	15	2	5
650	22	10	2	3
152	22	12	2	5
184	22	4	2	3
629	22	9	2	5
551	22	11	2	5
298	22	18	2	4
896	22	16	2	5
838	22	18	2	4
13	22	13	2	4
459	22	19	2	5
435	22	15	2	4
741	22	1	2	5
447	22	7	2	4
411	22	11	2	4
727	22	7	2	4
831	22	11	2	5
94	22	14	2	4
737	22	17	2	4
497	22	17	2	5
560	22	0	2	2
425	22	5	2	3
243	22	3	2	3
87	22	7	2	4
901	22	1	2	5
566	22	6	2	3
854	22	14	2	2
429	22	9	2	5
487	22	7	2	5
269	22	9	2	1
334	22	14	2	4
125	22	5	2	5
450	22	10	2	5
158	22	18	2	5
344	22	4	2	3
263	22	3	2	5
916	22	16	2	4
600	22	0	2	5
753	22	13	2	4
788	22	8	2	5
95	22	15	2	4
830	22	10	2	5
279	22	19	2	1
496	22	16	2	4
301	22	1	2	4
286	22	6	2	4
630	22	10	2	3
391	22	11	2	4
532	22	12	2	5
64	22	4	2	4
115	22	15	2	3
538	22	18	2	5
601	22	1	2	4
118	22	18	2	5
756	22	16	2	3
56	22	16	2	5
194	22	14	2	5
619	22	19	2	5
378	22	18	2	5
488	22	8	2	4
645	22	5	2	4
62	22	2	2	4
465	22	5	2	3
790	22	10	2	5
153	22	13	2	2
715	22	15	2	4
314	22	14	2	4
197	22	17	2	5
16	22	16	2	5
749	22	9	2	5
404	22	4	2	5
844	22	4	2	4
371	22	11	2	5
823	22	3	2	5
479	22	19	2	4
214	22	14	2	3
505	22	5	2	5
833	22	13	2	3
397	22	17	2	4
14	22	14	2	3
686	22	6	2	5
1	22	1	2	4
807	22	7	2	5
598	22	18	2	5
840	22	0	2	3
462	22	2	2	5
640	22	0	2	4
537	22	17	2	2
588	22	8	2	5
850	22	10	2	5
106	22	6	2	4
452	22	12	2	5
456	22	16	2	4
524	22	4	2	3
90	22	10	2	4
625	22	5	2	3
776	22	16	2	5
409	22	9	2	2
20	22	0	2	5
929	22	9	2	5
311	22	11	2	4
871	22	11	2	5
347	22	7	2	5
232	22	12	2	3
363	22	3	2	3
387	22	7	2	5
215	22	15	2	3
746	22	6	2	4
535	22	15	2	3
161	22	1	2	2
618	22	18	2	4
145	22	5	2	5
110	22	10	2	4
235	22	15	2	4
38	22	18	2	5
889	22	9	2	3
647	22	7	2	5
655	22	15	2	2
738	22	18	2	3
780	22	0	2	4
234	22	14	2	4
913	22	13	2	5
521	22	1	2	4
399	22	19	2	3
545	22	5	2	3
472	22	12	2	5
660	22	0	2	4
144	22	4	2	5
343	22	3	2	4
295	22	15	2	4
542	22	2	2	3
561	22	1	2	3
605	22	5	2	4
870	22	10	2	4
303	22	3	2	5
254	22	14	2	4
698	22	18	2	1
638	22	18	2	5
846	22	6	2	4
682	42	2	2	5
207	42	7	2	4
496	42	16	2	5
823	42	3	2	4
69	42	9	2	5
385	42	5	2	1
244	42	4	2	5
276	42	16	2	4
92	42	12	2	4
239	42	19	2	5
297	42	17	2	3
49	42	9	2	4
342	42	2	2	3
345	42	5	2	2
130	42	10	2	4
777	42	17	2	5
85	42	5	2	3
336	42	16	2	5
608	42	8	2	5
308	42	8	2	4
455	42	15	2	2
478	42	18	2	5
442	42	2	2	4
81	42	1	2	4
158	42	18	2	3
435	42	15	2	3
13	42	13	2	4
655	42	15	2	3
283	42	3	2	5
538	42	18	2	1
399	42	19	2	2
535	42	15	2	3
90	42	10	2	4
58	42	18	2	4
214	42	14	2	5
371	42	11	2	3
551	42	11	2	5
542	42	2	2	3
279	42	19	2	4
57	42	17	2	5
272	42	12	2	4
387	42	7	2	4
561	42	1	2	3
916	42	16	2	5
18	42	18	2	3
295	42	15	2	3
658	42	18	2	4
303	42	3	2	5
896	42	16	2	4
889	42	9	2	5
846	42	6	2	5
933	42	13	2	1
870	42	10	2	2
343	42	3	2	4
848	42	8	2	2
468	42	8	2	4
738	42	18	2	2
913	42	13	2	3
389	42	9	2	4
537	42	17	2	3
476	42	16	2	4
640	42	0	2	5
524	42	4	2	3
363	42	3	2	2
487	42	7	2	3
77	42	17	2	5
301	42	1	2	4
314	42	14	2	5
679	42	19	2	4
588	42	8	2	5
1	42	1	2	5
506	42	6	2	3
481	42	1	2	3
715	42	15	2	5
907	42	7	2	4
773	42	13	2	3
778	42	18	2	5
286	42	6	2	4
269	42	9	2	5
56	42	16	2	4
629	42	9	2	2
334	42	14	2	4
76	42	16	2	3
354	42	14	2	2
96	42	16	2	1
727	42	7	2	5
795	42	15	2	3
430	42	10	2	3
142	42	2	2	4
94	42	14	2	4
416	42	16	2	3
497	42	17	2	4
327	42	7	2	3
402	42	2	2	4
943	42	3	2	5
653	42	13	2	2
500	42	0	2	5
59	42	19	2	5
370	42	10	2	3
162	42	2	2	3
136	42	16	2	3
521	42	1	2	5
592	42	12	2	5
523	42	3	2	3
213	42	13	2	5
221	42	1	2	5
918	42	18	2	3
854	42	14	2	4
5	42	5	2	5
394	42	14	2	4
249	42	9	2	5
339	42	19	2	4
216	42	16	2	5
790	42	10	2	5
765	42	5	2	5
405	42	5	2	1
712	42	12	2	1
264	42	4	2	5
437	42	17	2	3
201	42	1	2	4
145	42	5	2	5
643	42	3	2	4
11	42	11	2	3
875	42	15	2	4
886	42	6	2	5
663	42	3	2	5
378	42	18	2	4
305	42	5	2	4
453	42	13	2	5
711	42	11	2	3
218	42	18	2	4
456	42	16	2	4
177	42	17	2	4
474	42	14	2	4
880	42	0	2	5
14	42	14	2	4
406	42	6	2	5
805	42	5	2	2
320	42	0	2	4
429	42	9	2	5
514	42	14	2	5
836	42	16	2	3
417	42	17	2	4
109	42	9	2	1
268	42	8	2	4
606	42	6	2	3
393	42	13	2	4
751	42	11	2	5
892	62	12	2	4
130	62	10	2	4
487	62	7	2	3
922	62	2	2	3
201	62	1	2	1
603	62	3	2	2
405	62	5	2	1
92	62	12	2	3
880	62	0	2	3
222	62	2	2	4
307	62	7	2	3
536	62	16	2	4
22	62	2	2	4
660	62	0	2	2
328	62	8	2	3
472	62	12	2	5
346	62	6	2	3
290	62	10	2	2
244	62	4	2	2
886	62	6	2	3
217	62	17	2	2
49	62	9	2	2
452	62	12	2	2
144	62	4	2	2
301	62	1	2	3
749	62	9	2	3
380	62	0	2	1
293	62	13	2	1
705	62	5	2	5
551	62	11	2	5
200	62	0	2	5
303	62	3	2	2
379	62	19	2	2
102	62	2	2	3
275	62	15	2	3
479	62	19	2	3
1	62	1	2	3
399	62	19	2	3
363	62	3	2	2
933	62	13	2	1
758	62	18	2	2
194	62	14	2	2
343	62	3	2	2
23	62	3	2	3
387	62	7	2	2
378	62	18	2	4
311	62	11	2	3
64	62	4	2	2
638	62	18	2	3
109	62	9	2	3
506	62	6	2	3
600	62	0	2	4
37	62	17	2	5
268	62	8	2	3
804	62	4	2	4
56	62	16	2	5
751	62	11	2	4
13	62	13	2	5
145	62	5	2	2
774	62	14	2	2
807	62	7	2	3
94	62	14	2	3
561	62	1	2	3
95	62	15	2	4
435	62	15	2	3
393	62	13	2	4
577	62	17	2	3
588	62	8	2	2
127	62	7	2	5
320	62	0	2	4
62	62	2	2	3
796	62	16	2	4
545	62	5	2	5
798	62	18	2	4
425	62	5	2	4
158	62	18	2	5
881	62	1	2	4
497	62	17	2	4
659	62	19	2	4
843	62	3	2	4
864	62	4	2	4
197	62	17	2	2
795	62	15	2	4
650	62	10	2	3
943	62	3	2	3
618	62	18	2	2
648	62	8	2	5
627	62	7	2	4
709	62	9	2	3
495	62	15	2	3
653	62	13	2	3
5	62	5	2	4
671	62	11	2	5
7	62	7	2	3
757	62	17	2	3
788	62	8	2	3
746	62	6	2	3
766	62	6	2	3
178	62	18	2	4
621	62	1	2	4
826	62	6	2	4
790	62	10	2	3
457	62	17	2	3
276	62	16	2	2
682	62	2	2	3
500	62	0	2	3
254	62	14	2	3
279	62	19	2	3
429	62	9	2	3
619	62	19	2	1
271	62	11	2	2
267	62	7	2	3
183	62	3	2	2
394	62	14	2	4
683	62	3	2	4
417	62	17	2	3
280	62	0	2	3
466	62	6	2	3
407	62	7	2	3
543	62	3	2	3
541	62	1	2	4
442	62	2	2	2
87	62	7	2	5
622	62	2	2	4
640	62	0	2	3
896	62	16	2	2
727	62	7	2	3
741	82	1	2	3
308	82	8	2	4
437	82	17	2	3
883	82	3	2	3
694	82	14	2	5
771	82	11	2	2
128	82	8	2	5
94	82	14	2	4
804	82	4	2	5
373	82	13	2	1
705	82	5	2	5
862	82	2	2	4
389	82	9	2	4
290	82	10	2	4
638	82	18	2	2
536	82	16	2	4
25	82	5	2	4
73	82	13	2	2
398	82	18	2	5
110	82	10	2	4
230	82	10	2	5
379	82	19	2	4
72	82	12	2	3
532	82	12	2	5
416	82	16	2	5
806	82	6	2	4
399	82	19	2	3
749	82	9	2	5
106	82	6	2	3
468	82	8	2	5
918	82	18	2	3
20	82	0	2	4
505	82	5	2	4
307	82	7	2	4
18	82	18	2	3
201	82	1	2	4
363	82	3	2	3
620	82	0	2	5
889	82	9	2	4
97	82	17	2	4
848	82	8	2	5
796	82	16	2	3
246	82	6	2	2
758	82	18	2	4
295	82	15	2	4
234	82	14	2	3
551	82	11	2	5
846	82	6	2	2
815	82	15	2	4
174	82	14	2	1
280	82	0	2	2
254	82	14	2	4
326	82	6	2	3
484	82	4	2	4
504	82	4	2	4
385	82	5	2	1
311	82	11	2	5
916	82	16	2	4
850	82	10	2	5
506	82	6	2	5
42	82	2	2	4
871	82	11	2	3
23	82	3	2	3
276	82	16	2	4
222	82	2	2	4
524	82	4	2	4
92	82	12	2	2
840	82	0	2	3
537	82	17	2	2
566	82	6	2	4
927	82	7	2	2
184	82	4	2	3
868	82	8	2	2
91	82	11	2	5
774	82	14	2	2
56	82	16	2	4
471	82	11	2	5
632	82	12	2	4
892	82	12	2	3
347	82	7	2	5
911	82	11	2	2
778	82	18	2	3
38	82	18	2	5
488	82	8	2	4
115	82	15	2	4
538	82	18	2	4
262	82	2	2	3
940	82	0	2	4
648	82	8	2	5
30	82	10	2	4
543	82	3	2	4
125	82	5	2	5
508	82	8	2	3
715	82	15	2	4
301	82	1	2	5
151	82	11	2	3
843	82	3	2	3
600	82	0	2	5
320	82	0	2	3
756	82	16	2	3
70	82	10	2	4
268	82	8	2	3
158	82	18	2	5
472	82	12	2	5
601	82	1	2	1
219	82	19	2	1
269	82	9	2	2
528	82	8	2	4
334	82	14	2	4
197	82	17	2	5
263	82	3	2	4
59	82	19	2	5
545	82	5	2	4
332	82	12	2	5
7	82	7	2	3
584	82	4	2	3
798	82	18	2	4
286	82	6	2	3
64	82	4	2	3
303	82	3	2	4
193	82	13	2	2
95	82	15	2	3
235	82	15	2	2
746	82	6	2	4
650	82	10	2	3
429	82	9	2	4
450	82	10	2	3
788	82	8	2	3
830	82	10	2	3
495	82	15	2	5
37	82	17	2	1
207	82	7	2	3
194	82	14	2	2
738	82	18	2	5
425	82	5	2	3
786	82	6	2	4
655	82	15	2	2
421	82	1	2	4
85	82	5	2	3
452	82	12	2	3
253	82	13	2	3
442	82	2	2	3
922	82	2	2	3
328	82	8	2	4
932	82	12	2	3
669	82	9	2	4
44	82	4	2	4
577	82	17	2	4
62	82	2	2	4
618	82	18	2	4
60	82	0	2	3
766	82	6	2	3
497	82	17	2	4
896	82	16	2	3
838	82	18	2	4
647	82	7	2	4
43	82	3	2	4
807	82	7	2	4
435	82	15	2	5
313	82	13	2	3
619	82	19	2	5
378	82	18	2	4
49	82	9	2	1
12	82	12	2	4
198	82	18	2	3
142	82	2	2	4
407	82	7	2	3
805	82	5	2	3
455	82	15	2	5
684	82	4	2	5
622	82	2	2	3
343	82	3	2	5
119	82	19	2	2
405	82	5	2	4
881	82	1	2	5
653	82	13	2	4
554	82	14	2	4
878	82	18	2	3
924	82	4	2	4
541	82	1	2	3
621	82	1	2	5
606	82	6	2	5
500	82	0	2	4
87	82	7	2	5
394	82	14	2	4
709	82	9	2	4
826	82	6	2	3
901	82	1	2	5
934	82	14	2	4
933	82	13	2	3
216	82	16	2	4
727	82	7	2	3
487	82	7	2	5
660	82	0	2	2
757	82	17	2	4
588	82	8	2	5
721	82	1	2	4
457	82	17	2	5
668	82	8	2	4
659	82	19	2	4
671	82	11	2	4
109	82	9	2	5
178	82	18	2	5
666	82	6	2	3
627	82	7	2	4
453	82	13	2	3
374	82	14	2	4
654	82	14	2	5
267	82	7	2	4
10	82	10	2	4
330	82	10	2	4
633	82	13	2	4
217	82	17	2	5
8	82	8	2	5
130	82	10	2	5
913	82	13	2	3
844	82	4	2	3
339	82	19	2	4
13	82	13	2	2
921	82	1	2	3
919	82	19	2	5
352	82	12	2	3
291	82	11	2	4
417	82	17	2	4
1	82	1	2	5
393	82	13	2	4
734	82	14	2	4
293	82	13	2	4
682	82	2	2	4
711	82	11	2	3
642	82	2	2	5
325	82	5	2	3
83	82	3	2	5
880	82	0	2	3
712	82	12	2	5
586	82	6	2	2
533	82	13	2	4
864	82	4	2	5
215	82	15	2	3
479	82	19	2	4
466	82	6	2	3
643	82	3	2	3
751	82	11	2	4
387	82	7	2	4
256	82	16	2	5
102	82	2	2	2
887	82	7	2	4
847	82	7	2	4
327	82	7	2	2
244	82	4	2	3
882	82	2	2	5
562	82	2	2	5
716	82	16	2	5
747	82	7	2	4
233	82	13	2	4
579	82	19	2	3
200	82	0	2	5
454	82	14	2	4
897	82	17	2	5
493	82	13	2	5
885	82	5	2	4
23	102	3	2	3
805	102	5	2	4
44	102	4	2	2
94	102	14	2	3
381	102	1	2	2
541	102	1	2	4
577	102	17	2	4
504	102	4	2	3
59	102	19	2	2
42	102	2	2	5
642	102	2	2	5
43	102	3	2	4
297	102	17	2	1
452	102	12	2	2
280	102	0	2	5
864	102	4	2	4
222	102	2	2	2
450	102	10	2	4
5	102	5	2	3
290	102	10	2	3
405	102	5	2	1
505	102	5	2	1
892	102	12	2	3
95	102	15	2	4
254	102	14	2	3
102	102	2	2	3
417	102	17	2	3
363	102	3	2	4
295	102	15	2	4
543	102	3	2	4
49	102	9	2	2
911	102	11	2	3
330	102	10	2	4
471	102	11	2	5
313	102	13	2	3
815	102	15	2	3
826	102	6	2	4
807	102	7	2	4
843	102	3	2	2
537	102	17	2	1
712	102	12	2	4
436	102	16	2	4
275	102	15	2	3
399	102	19	2	3
373	102	13	2	5
846	102	6	2	2
1	102	1	2	2
387	102	7	2	3
92	102	12	2	2
890	102	10	2	3
234	102	14	2	2
786	102	6	2	4
716	102	16	2	2
823	102	3	2	4
385	122	5	2	3
868	122	8	2	3
83	122	3	2	1
472	122	12	2	3
457	122	17	2	2
320	122	0	2	3
697	122	17	2	4
374	122	14	2	2
269	122	9	2	1
406	122	6	2	3
642	122	2	2	2
216	122	16	2	5
130	122	10	2	3
592	122	12	2	4
655	122	15	2	2
682	122	2	2	3
882	122	2	2	2
478	122	18	2	2
43	122	3	2	2
262	122	2	2	2
880	122	0	2	3
314	122	14	2	1
533	122	13	2	1
793	122	13	2	3
666	122	6	2	2
279	122	19	2	1
244	122	4	2	4
453	122	13	2	3
560	122	0	2	3
851	122	11	2	2
417	122	17	2	2
449	122	9	2	1
500	122	0	2	3
38	122	18	2	1
922	122	2	2	2
624	122	4	2	3
893	122	13	2	2
308	122	8	2	4
26	122	6	2	1
716	122	16	2	2
921	122	1	2	2
193	122	13	2	1
825	122	5	2	1
805	122	5	2	5
852	122	12	2	1
104	122	4	2	3
504	122	4	2	1
497	122	17	2	1
276	122	16	2	3
865	122	5	2	3
722	122	2	2	3
336	122	16	2	5
757	122	17	2	1
32	122	12	2	2
566	122	6	2	2
621	122	1	2	2
92	122	12	2	3
109	122	9	2	2
484	122	4	2	2
542	122	2	2	3
887	122	7	2	5
181	122	1	2	2
342	122	2	2	4
382	122	2	2	3
479	122	19	2	1
501	122	1	2	4
660	122	0	2	1
614	122	14	2	3
943	122	3	2	1
833	122	13	2	2
806	122	6	2	3
174	122	14	2	1
869	122	9	2	3
774	122	14	2	1
790	122	10	2	2
648	122	8	2	1
125	122	5	2	1
294	122	14	2	3
344	122	4	2	1
938	122	18	2	1
634	122	14	2	3
56	122	16	2	2
301	122	1	2	2
435	122	15	2	3
117	122	17	2	2
332	122	12	2	5
303	122	3	2	4
593	122	13	2	1
162	122	2	2	2
291	122	11	2	3
1	122	1	2	3
756	122	16	2	1
854	122	14	2	3
393	122	13	2	1
715	122	15	2	4
198	122	18	2	1
758	122	18	2	4
145	122	5	2	1
67	122	7	2	3
416	122	16	2	3
101	122	1	2	1
293	122	13	2	3
49	122	9	2	2
121	122	1	2	2
727	122	7	2	2
268	122	8	2	2
230	142	10	2	4
798	142	18	2	3
286	142	6	2	4
504	142	4	2	3
59	142	19	2	1
847	142	7	2	3
545	142	5	2	3
269	142	9	2	1
373	142	13	2	3
275	142	15	2	2
416	142	16	2	4
405	142	5	2	1
887	142	7	2	1
254	142	14	2	3
749	142	9	2	4
234	142	14	2	2
911	142	11	2	4
70	142	10	2	3
417	142	17	2	3
588	142	8	2	5
705	142	5	2	2
901	142	1	2	4
541	142	1	2	5
389	142	9	2	3
318	142	18	2	4
710	142	10	2	3
295	142	15	2	4
622	142	2	2	3
222	142	2	2	2
716	142	16	2	3
843	142	3	2	2
890	142	10	2	3
450	142	10	2	5
94	142	14	2	3
301	142	1	2	3
1	142	1	2	2
885	142	5	2	2
280	142	0	2	4
712	142	12	2	4
42	142	2	2	4
334	142	14	2	3
7	142	7	2	3
807	142	7	2	3
621	142	1	2	3
276	142	16	2	3
18	142	18	2	4
642	142	2	2	4
381	142	1	2	3
313	142	13	2	3
805	142	5	2	4
751	142	11	2	4
496	142	16	2	2
653	142	13	2	2
868	142	8	2	1
846	142	6	2	3
393	142	13	2	4
95	142	15	2	4
398	162	18	2	5
401	162	1	2	5
504	162	4	2	4
194	162	14	2	3
843	162	3	2	2
280	162	0	2	3
109	162	9	2	2
629	162	9	2	5
622	162	2	2	3
373	162	13	2	3
7	162	7	2	5
290	162	10	2	3
269	162	9	2	3
293	162	13	2	3
538	162	18	2	3
734	162	14	2	3
174	162	14	2	5
10	162	10	2	4
60	162	0	2	4
721	162	1	2	2
354	162	14	2	3
18	162	18	2	4
934	162	14	2	3
161	162	1	2	2
749	162	9	2	3
760	162	0	2	3
374	162	14	2	2
711	162	11	2	5
308	162	8	2	4
295	162	15	2	4
719	162	19	2	4
639	162	19	2	3
106	162	6	2	5
593	162	13	2	5
407	162	7	2	4
568	162	8	2	2
275	162	15	2	3
890	162	10	2	4
763	162	3	2	4
650	162	10	2	3
707	162	7	2	5
664	162	4	2	4
38	162	18	2	5
301	162	1	2	3
488	162	8	2	3
643	162	3	2	3
495	162	15	2	3
313	162	13	2	3
850	162	10	2	3
429	162	9	2	4
189	162	9	2	3
62	162	2	2	4
788	162	8	2	3
457	162	17	2	5
610	162	10	2	5
23	162	3	2	3
318	162	18	2	5
409	162	9	2	4
1	162	1	2	4
892	162	12	2	4
806	162	6	2	3
5	162	5	2	1
588	162	8	2	5
798	162	18	2	3
230	162	10	2	4
659	162	19	2	3
437	162	17	2	4
655	162	15	2	3
932	162	12	2	4
716	162	16	2	4
316	162	16	2	3
64	162	4	2	3
263	162	3	2	5
188	162	8	2	4
561	162	1	2	3
868	162	8	2	3
747	162	7	2	5
244	162	4	2	4
608	162	8	2	3
454	162	14	2	3
243	162	3	2	4
417	162	17	2	3
254	162	14	2	3
239	162	19	2	5
535	162	15	2	3
435	162	15	2	1
378	162	18	2	4
693	162	13	2	3
452	162	12	2	3
90	162	10	2	5
151	162	11	2	5
627	162	7	2	3
835	162	15	2	5
328	162	8	2	4
804	162	4	2	2
666	162	6	2	4
573	162	13	2	4
450	162	10	2	5
222	162	2	2	2
234	162	14	2	3
848	162	8	2	2
805	162	5	2	2
551	162	11	2	5
85	162	5	2	2
152	162	12	2	5
224	162	4	2	4
213	182	13	2	4
907	182	7	2	5
627	182	7	2	4
226	182	6	2	1
660	182	0	2	2
90	182	10	2	3
889	182	9	2	4
776	182	16	2	3
389	182	9	2	5
591	182	11	2	3
102	182	2	2	3
618	182	18	2	4
1	182	1	2	4
215	182	15	2	3
640	182	0	2	5
833	182	13	2	5
667	182	7	2	5
551	182	11	2	5
378	182	18	2	4
144	182	4	2	3
301	182	1	2	5
916	182	16	2	3
468	182	8	2	5
450	182	10	2	5
929	182	9	2	4
840	182	0	2	4
214	182	14	2	4
867	182	7	2	4
505	182	5	2	1
253	182	13	2	3
397	182	17	2	5
766	182	6	2	4
58	182	18	2	4
524	182	4	2	5
910	182	10	2	4
398	182	18	2	4
659	182	19	2	4
276	182	16	2	5
715	182	15	2	5
479	182	19	2	4
16	182	16	2	5
874	182	14	2	4
749	182	9	2	3
645	182	5	2	5
561	182	1	2	3
686	182	6	2	5
402	182	2	2	5
566	182	6	2	4
537	182	17	2	4
299	182	19	2	3
363	182	3	2	1
153	182	13	2	5
666	182	6	2	4
51	182	11	2	3
230	182	10	2	2
347	182	7	2	5
318	182	18	2	4
383	182	3	2	5
600	182	0	2	4
138	182	18	2	4
538	182	18	2	4
773	182	13	2	4
753	182	13	2	3
64	182	4	2	4
943	182	3	2	5
592	182	12	2	5
158	182	18	2	5
846	182	6	2	5
145	182	5	2	5
435	182	15	2	4
456	182	16	2	3
892	182	12	2	5
10	182	10	2	5
567	182	7	2	5
59	182	19	2	5
194	182	14	2	3
95	182	15	2	2
880	182	0	2	5
76	182	16	2	4
788	182	8	2	2
334	182	14	2	3
871	182	11	2	5
96	182	16	2	4
13	182	13	2	5
123	182	3	2	4
671	182	11	2	4
69	182	9	2	4
407	182	7	2	4
391	182	11	2	4
327	182	7	2	4
193	182	13	2	4
896	182	16	2	4
795	182	15	2	4
385	182	5	2	5
851	182	11	2	5
94	182	14	2	5
653	182	13	2	3
280	182	0	2	3
497	182	17	2	4
826	182	6	2	4
429	182	9	2	4
269	182	9	2	4
498	182	18	2	4
488	182	8	2	3
796	182	16	2	4
478	182	18	2	5
503	182	3	2	3
62	182	2	2	5
535	182	15	2	3
326	182	6	2	2
650	182	10	2	3
442	182	2	2	4
114	182	14	2	3
374	182	14	2	5
527	182	7	2	5
664	182	4	2	4
500	182	0	2	2
249	182	9	2	5
691	182	11	2	5
593	182	13	2	2
709	182	9	2	4
332	182	12	2	5
499	182	19	2	2
154	182	14	2	5
457	182	17	2	4
629	182	9	2	5
573	182	13	2	4
339	182	19	2	5
815	182	15	2	3
412	182	12	2	4
748	182	8	2	4
553	182	13	2	3
8	182	8	2	5
411	182	11	2	3
322	182	2	2	5
216	182	16	2	4
271	182	11	2	3
533	182	13	2	3
7	182	7	2	4
217	182	17	2	2
29	182	9	2	4
405	182	5	2	1
682	182	2	2	4
864	182	4	2	3
346	182	6	2	5
256	182	16	2	4
85	182	5	2	4
293	182	13	2	5
466	182	6	2	4
862	182	2	2	5
177	182	17	2	5
806	182	6	2	5
454	182	14	2	3
437	182	17	2	2
897	182	17	2	4
267	182	7	2	5
493	182	13	2	5
222	182	2	2	4
99	182	19	2	4
575	182	15	2	3
6	182	6	2	4
380	182	0	2	3
474	182	14	2	5
201	182	1	2	4
521	182	1	2	3
128	182	8	2	4
308	182	8	2	5
264	182	4	2	5
608	182	8	2	4
663	182	3	2	5
399	182	19	2	4
886	182	6	2	4
823	182	3	2	4
297	182	17	2	3
342	182	2	2	5
632	182	12	2	3
119	182	19	2	4
49	182	9	2	3
747	182	7	2	5
328	182	8	2	2
288	182	8	2	4
184	182	4	2	4
745	182	5	2	2
92	182	12	2	4
619	182	19	2	4
436	182	16	2	5
313	182	13	2	4
325	182	5	2	3
87	182	7	2	4
710	182	10	2	4
903	182	3	2	5
417	182	17	2	4
197	182	17	2	3
426	182	6	2	2
586	182	6	2	3
207	182	7	2	3
160	182	0	2	5
72	182	12	2	5
559	182	19	2	4
804	182	4	2	4
843	182	3	2	2
421	182	1	2	5
406	182	6	2	4
210	182	10	2	5
819	182	19	2	4
458	182	18	2	4
268	182	8	2	4
198	182	18	2	4
658	182	18	2	5
91	182	11	2	4
655	182	15	2	4
18	182	18	2	4
352	182	12	2	5
416	182	16	2	4
303	182	3	2	5
933	182	13	2	4
870	182	10	2	5
774	182	14	2	4
506	182	6	2	5
321	182	1	2	3
331	182	11	2	4
545	182	5	2	3
881	182	1	2	3
495	182	15	2	5
387	182	7	2	5
234	182	14	2	3
394	202	14	2	5
87	202	7	2	5
738	202	18	2	4
904	202	4	2	2
163	202	3	2	3
566	202	6	2	4
786	202	6	2	4
330	202	10	2	5
276	202	16	2	4
684	202	4	2	4
913	202	13	2	4
196	202	16	2	3
90	202	10	2	3
871	202	11	2	4
625	202	5	2	3
183	202	3	2	4
249	202	9	2	4
412	202	12	2	3
478	202	18	2	4
409	202	9	2	3
648	202	8	2	5
664	202	4	2	4
716	202	16	2	4
757	202	17	2	4
417	202	17	2	4
877	202	17	2	4
406	202	6	2	3
638	202	18	2	3
543	202	3	2	4
371	202	11	2	5
551	202	11	2	4
271	202	11	2	4
479	202	19	2	4
886	202	6	2	3
889	202	9	2	3
89	202	9	2	3
943	202	3	2	2
847	202	7	2	4
500	202	0	2	4
760	202	0	2	3
499	202	19	2	4
682	202	2	2	4
401	202	1	2	4
94	202	14	2	2
303	202	3	2	5
523	202	3	2	4
41	202	1	2	2
934	202	14	2	5
374	202	14	2	3
741	202	1	2	3
165	202	5	2	4
699	202	19	2	3
659	202	19	2	4
125	202	5	2	5
804	202	4	2	4
639	202	19	2	2
823	202	3	2	4
326	202	6	2	4
527	202	7	2	3
521	202	1	2	3
880	202	0	2	4
393	202	13	2	3
398	202	18	2	3
579	202	19	2	5
59	202	19	2	4
868	202	8	2	3
207	202	7	2	3
288	202	8	2	5
660	202	0	2	2
379	202	19	2	5
766	202	6	2	3
43	202	3	2	5
92	202	12	2	3
887	202	7	2	5
878	202	18	2	4
864	202	4	2	5
313	202	13	2	5
174	202	14	2	5
109	202	9	2	5
232	202	12	2	4
795	202	15	2	3
429	202	9	2	4
452	202	12	2	3
145	202	5	2	4
727	202	7	2	4
653	202	13	2	3
888	202	8	2	4
899	202	19	2	4
280	202	0	2	3
295	202	15	2	5
592	202	12	2	5
554	202	14	2	4
1	202	1	2	5
774	202	14	2	5
497	202	17	2	4
650	202	10	2	3
160	202	0	2	4
297	202	17	2	3
411	202	11	2	4
506	202	6	2	5
299	202	19	2	4
178	202	18	2	5
95	202	15	2	4
640	202	0	2	5
215	202	15	2	4
690	202	10	2	2
514	202	14	2	4
298	202	18	2	3
632	202	12	2	4
389	202	9	2	5
498	202	18	2	3
12	202	12	2	4
588	202	8	2	1
70	202	10	2	4
188	202	8	2	2
559	202	19	2	1
655	202	15	2	2
495	202	15	2	4
539	202	19	2	5
44	202	4	2	4
354	202	14	2	3
665	202	5	2	3
269	202	9	2	2
373	202	13	2	3
344	202	4	2	4
327	202	7	2	4
151	202	11	2	5
666	202	6	2	5
830	202	10	2	5
860	202	0	2	4
315	202	15	2	3
208	202	8	2	4
561	202	1	2	3
504	202	4	2	3
56	202	16	2	4
65	202	5	2	4
591	202	11	2	3
846	202	6	2	5
286	202	6	2	4
642	202	2	2	3
916	202	16	2	3
751	202	11	2	4
798	202	18	2	2
542	202	2	2	3
184	202	4	2	3
158	202	18	2	5
435	202	15	2	4
320	202	0	2	4
715	202	15	2	5
749	202	9	2	5
416	202	16	2	4
645	202	5	2	3
38	202	18	2	2
387	202	7	2	3
194	202	14	2	3
19	202	19	2	4
586	202	6	2	4
263	202	3	2	4
222	202	2	2	4
698	202	18	2	3
545	202	5	2	4
712	202	12	2	4
283	202	3	2	5
311	202	11	2	4
921	202	1	2	4
18	202	18	2	3
897	202	17	2	2
870	202	10	2	3
97	202	17	2	5
343	202	3	2	4
210	202	10	2	5
780	202	0	2	4
250	202	10	2	4
537	202	17	2	3
64	202	4	2	4
848	202	8	2	5
361	202	1	2	3
710	202	10	2	3
465	202	5	2	4
246	202	6	2	3
647	202	7	2	4
731	202	11	2	5
378	202	18	2	3
796	202	16	2	4
450	202	10	2	4
618	202	18	2	2
833	202	13	2	4
577	202	17	2	4
301	202	1	2	5
16	202	16	2	5
538	202	18	2	4
487	202	7	2	5
253	202	13	2	5
700	202	0	2	3
924	202	4	2	4
484	202	4	2	5
528	202	8	2	5
933	202	13	2	2
275	202	15	2	3
476	202	16	2	4
73	202	13	2	2
13	202	13	2	5
234	202	14	2	3
892	202	12	2	4
161	202	1	2	5
23	202	3	2	3
82	202	2	2	4
456	202	16	2	3
850	202	10	2	4
907	202	7	2	5
102	202	2	2	4
110	202	10	2	2
264	202	4	2	5
694	202	14	2	4
290	202	10	2	4
745	202	5	2	3
612	202	12	2	2
42	202	2	2	5
267	202	7	2	5
711	202	11	2	4
201	202	1	2	3
883	202	3	2	4
336	202	16	2	1
472	202	12	2	5
840	202	0	2	5
256	202	16	2	3
790	202	10	2	3
771	202	11	2	4
764	202	4	2	4
862	202	2	2	5
347	202	7	2	4
643	202	3	2	3
14	202	14	2	3
606	202	6	2	4
881	202	1	2	4
130	202	10	2	5
454	202	14	2	3
49	202	9	2	3
505	202	5	2	3
437	202	17	2	5
758	202	18	2	5
200	202	0	2	5
279	202	19	2	4
777	202	17	2	5
48	202	8	2	4
308	202	8	2	4
6	202	6	2	3
233	202	13	2	5
882	202	2	2	4
746	202	6	2	5
533	202	13	2	4
7	202	7	2	3
22	202	2	2	5
453	202	13	2	4
805	202	5	2	2
919	202	19	2	3
623	202	3	2	1
457	202	17	2	4
345	202	5	2	3
314	202	14	2	5
251	202	11	2	4
293	202	13	2	3
305	202	5	2	3
747	202	7	2	4
216	202	16	2	4
629	202	9	2	4
734	202	14	2	5
230	202	10	2	4
128	202	8	2	2
405	202	5	2	4
154	202	14	2	3
815	202	15	2	4
896	202	16	2	2
481	202	1	2	4
407	202	7	2	4
291	202	11	2	4
447	202	7	2	3
180	202	0	2	3
922	202	2	2	5
622	202	2	2	4
546	222	6	2	4
279	222	19	2	1
402	222	2	2	4
292	222	12	2	3
901	222	1	2	4
456	222	16	2	2
151	222	11	2	5
442	222	2	2	3
548	222	8	2	5
81	222	1	2	2
101	222	1	2	3
422	222	2	2	4
447	222	7	2	3
244	222	4	2	2
595	222	15	2	3
94	222	14	2	3
495	222	15	2	5
63	222	3	2	3
897	222	17	2	4
790	222	10	2	3
806	222	6	2	4
411	222	11	2	3
877	222	17	2	2
472	222	12	2	5
264	222	4	2	5
765	222	5	2	2
501	222	1	2	4
455	222	15	2	3
670	222	10	2	4
745	222	5	2	2
42	222	2	2	4
837	222	17	2	3
669	222	9	2	3
407	222	7	2	4
507	222	7	2	5
880	222	0	2	4
817	222	17	2	4
103	222	3	2	3
198	222	18	2	3
62	222	2	2	5
467	222	7	2	3
689	222	9	2	5
154	222	14	2	2
183	222	3	2	4
203	222	3	2	4
459	222	19	2	4
705	222	5	2	5
478	222	18	2	2
650	222	10	2	4
796	222	16	2	5
378	222	18	2	3
757	222	17	2	4
178	222	18	2	4
665	222	5	2	3
429	222	9	2	4
194	222	14	2	1
26	222	6	2	3
737	222	17	2	3
541	222	1	2	4
498	222	18	2	3
435	222	15	2	3
717	222	17	2	4
518	222	18	2	5
749	222	9	2	3
344	222	4	2	4
158	222	18	2	3
263	222	3	2	4
830	222	10	2	3
138	222	18	2	4
164	222	4	2	4
391	222	11	2	2
697	222	17	2	4
630	222	10	2	4
361	222	1	2	2
677	222	17	2	4
578	222	18	2	4
58	222	18	2	4
625	222	5	2	4
769	222	9	2	4
552	222	12	2	4
800	222	0	2	4
829	222	9	2	4
303	222	3	2	3
868	222	8	2	3
550	222	10	2	4
295	222	15	2	4
916	222	16	2	3
607	222	7	2	3
638	222	18	2	4
234	222	14	2	3
746	222	6	2	3
484	222	4	2	5
700	222	0	2	3
678	222	18	2	3
82	222	2	2	3
323	222	3	2	3
490	222	10	2	3
698	222	18	2	4
387	222	7	2	4
933	222	13	2	1
275	222	15	2	4
255	222	15	2	3
718	222	18	2	4
104	222	4	2	3
470	222	10	2	3
660	222	0	2	2
551	222	11	2	5
572	222	12	2	2
254	222	14	2	4
913	222	13	2	3
561	222	1	2	3
545	222	5	2	4
487	222	7	2	4
343	222	3	2	4
738	222	18	2	4
647	222	7	2	4
655	222	15	2	2
347	222	7	2	4
102	222	2	2	3
311	222	11	2	4
524	222	4	2	2
215	222	15	2	4
301	222	1	2	4
910	222	10	2	4
294	222	14	2	4
581	222	1	2	3
537	222	17	2	2
84	222	4	2	4
601	222	1	2	4
825	222	5	2	5
758	222	18	2	4
289	222	9	2	2
756	222	16	2	2
793	222	13	2	3
363	222	3	2	5
479	222	19	2	4
56	222	16	2	5
715	222	15	2	3
798	222	18	2	3
327	222	7	2	2
403	222	3	2	5
580	222	0	2	3
450	222	10	2	3
584	222	4	2	4
560	222	0	2	4
569	222	9	2	3
334	222	14	2	4
865	222	5	2	2
517	222	17	2	4
64	222	4	2	4
693	222	13	2	2
788	222	8	2	3
430	222	10	2	4
795	222	15	2	3
483	222	3	2	3
621	222	1	2	4
425	222	5	2	5
540	222	0	2	4
727	222	7	2	3
805	222	5	2	4
75	222	15	2	5
399	222	19	2	3
671	222	11	2	1
716	222	16	2	4
432	222	12	2	4
838	222	18	2	4
44	222	4	2	4
354	222	14	2	3
886	222	6	2	4
592	222	12	2	1
5	222	5	2	4
497	222	17	2	3
221	222	1	2	3
162	222	2	2	4
374	222	14	2	4
15	222	15	2	3
370	222	10	2	3
339	222	19	2	4
664	222	4	2	3
182	222	2	2	3
176	222	16	2	5
768	222	8	2	4
249	222	9	2	4
666	222	6	2	3
815	222	15	2	4
938	222	18	2	5
22	222	2	2	4
939	222	19	2	5
922	222	2	2	4
394	222	14	2	4
457	222	17	2	5
8	222	8	2	5
747	222	7	2	2
603	222	3	2	4
704	222	4	2	3
28	222	8	2	5
79	222	19	2	4
623	222	3	2	4
748	222	8	2	4
307	222	7	2	4
937	222	17	2	3
310	222	10	2	3
533	222	13	2	5
287	222	7	2	5
236	222	16	2	4
882	222	2	2	5
661	222	1	2	3
454	222	14	2	3
513	222	13	2	5
25	222	5	2	4
290	222	10	2	4
108	222	8	2	2
919	222	19	2	3
23	222	3	2	4
493	222	13	2	3
676	222	16	2	4
474	222	14	2	4
708	222	8	2	5
386	222	6	2	4
256	222	16	2	4
862	222	2	2	5
764	222	4	2	4
128	222	8	2	3
380	222	0	2	3
895	222	15	2	3
222	222	2	2	4
360	222	0	2	2
148	222	8	2	4
711	222	11	2	3
417	222	17	2	3
168	222	8	2	5
413	222	13	2	4
267	222	7	2	4
721	222	1	2	5
703	222	3	2	4
770	222	10	2	4
494	222	14	2	5
270	222	10	2	5
767	222	7	2	5
743	222	3	2	4
636	222	16	2	5
804	222	4	2	5
899	222	19	2	4
247	222	7	2	3
763	222	3	2	5
32	222	12	2	3
201	222	1	2	3
393	222	13	2	4
896	222	16	2	4
514	222	14	2	4
109	222	9	2	4
250	222	10	2	4
879	222	19	2	4
742	222	2	2	2
119	222	19	2	5
139	222	19	2	3
554	222	14	2	4
276	222	16	2	4
596	222	16	2	3
823	222	3	2	3
702	222	2	2	5
89	222	9	2	5
357	222	17	2	5
406	222	6	2	3
72	222	12	2	1
807	222	7	2	4
594	222	14	2	4
69	222	9	2	3
268	222	8	2	4
337	222	17	2	5
844	222	4	2	3
648	222	8	2	5
634	222	14	2	3
365	222	5	2	4
224	222	4	2	4
280	222	0	2	3
843	222	3	2	3
296	222	16	2	5
92	222	12	2	4
297	222	17	2	4
779	222	19	2	4
682	222	2	2	4
761	222	1	2	4
654	222	14	2	5
313	222	13	2	3
332	222	12	2	4
521	222	1	2	4
210	222	10	2	4
759	222	19	2	5
674	222	14	2	3
85	222	5	2	2
200	222	0	2	5
299	222	19	2	2
771	222	11	2	2
190	222	10	2	4
883	222	3	2	3
536	222	16	2	4
864	222	4	2	4
293	222	13	2	3
847	222	7	2	5
130	222	10	2	4
606	222	6	2	3
217	222	17	2	5
167	222	7	2	4
180	222	0	2	5
734	222	14	2	1
867	222	7	2	4
43	222	3	2	4
486	222	6	2	3
251	222	11	2	4
396	222	16	2	5
127	222	7	2	5
328	222	8	2	3
253	222	13	2	4
774	222	14	2	3
305	222	5	2	2
496	222	16	2	3
887	222	7	2	3
699	222	19	2	3
87	222	7	2	4
923	222	3	2	4
11	222	11	2	3
622	222	2	2	5
213	222	13	2	3
586	222	6	2	3
137	222	17	2	5
932	222	12	2	4
181	222	1	2	4
854	222	14	2	4
60	222	0	2	4
117	222	17	2	5
97	222	17	2	5
582	222	2	2	4
312	222	12	2	3
679	222	19	2	4
588	222	8	2	3
285	222	5	2	4
125	222	5	2	5
881	222	1	2	5
77	222	17	2	4
71	222	11	2	3
506	222	6	2	4
113	222	13	2	3
93	222	13	2	4
245	222	5	2	4
1	222	1	2	4
468	222	8	2	4
70	222	10	2	4
13	222	13	2	3
57	222	17	2	5
786	222	6	2	4
892	222	12	2	4
14	222	14	2	4
488	222	8	2	4
37	222	17	2	3
165	222	5	2	5
17	222	17	2	3
927	222	7	2	5
141	222	1	2	4
21	222	1	2	2
941	222	1	2	2
145	222	5	2	5
508	222	8	2	3
921	222	1	2	5
653	222	13	2	3
673	242	13	2	4
202	242	2	2	3
204	242	4	2	5
500	242	0	2	3
249	242	9	2	5
181	242	1	2	1
279	242	19	2	3
624	242	4	2	4
520	242	0	2	5
898	242	18	2	4
63	242	3	2	3
354	242	14	2	5
866	242	6	2	3
306	242	6	2	5
523	242	3	2	5
35	242	15	2	2
497	242	17	2	1
486	242	6	2	4
594	242	14	2	4
9	242	9	2	4
139	242	19	2	3
845	242	5	2	4
568	242	8	2	4
439	242	19	2	5
123	242	3	2	5
417	242	17	2	3
639	242	19	2	4
154	242	14	2	3
566	242	6	2	5
131	242	11	2	5
12	242	12	2	5
6	242	6	2	4
721	242	1	2	3
145	242	5	2	5
743	242	3	2	4
532	242	12	2	4
767	242	7	2	4
937	242	17	2	3
539	242	19	2	5
111	242	11	2	4
697	242	17	2	5
207	242	7	2	4
416	242	16	2	4
90	242	10	2	4
894	242	14	2	4
86	242	6	2	4
355	242	15	2	4
574	242	14	2	5
205	242	5	2	4
30	242	10	2	5
270	242	10	2	5
765	242	5	2	5
655	242	15	2	4
296	242	16	2	4
18	242	18	2	5
803	242	3	2	5
360	242	0	2	4
129	242	9	2	4
617	242	17	2	3
144	242	4	2	4
597	242	17	2	4
271	242	11	2	4
740	242	0	2	4
40	242	0	2	4
451	242	11	2	1
869	242	9	2	2
720	242	0	2	4
234	242	14	2	4
680	242	0	2	4
473	242	13	2	3
871	242	11	2	3
1	242	1	2	5
2	242	2	2	5
331	242	11	2	4
206	242	6	2	3
226	242	6	2	5
794	242	14	2	5
201	242	1	2	4
240	242	0	2	5
724	242	4	2	1
113	242	13	2	2
199	242	19	2	5
21	242	1	2	3
592	242	12	2	5
758	242	18	2	3
675	242	15	2	4
695	242	15	2	5
195	242	15	2	4
13	242	13	2	2
863	242	3	2	4
440	242	0	2	5
628	242	8	2	5
533	242	13	2	4
485	242	5	2	5
309	242	9	2	4
492	242	12	2	5
428	242	8	2	4
707	242	7	2	4
239	242	19	2	5
537	242	17	2	3
305	242	5	2	5
209	242	9	2	4
460	242	0	2	4
771	242	11	2	4
461	242	1	2	3
408	242	8	2	4
34	242	14	2	5
641	242	1	2	5
173	242	13	2	5
753	242	13	2	4
735	242	15	2	5
733	242	13	2	4
651	242	11	2	5
463	242	3	2	2
196	242	16	2	3
14	242	14	2	4
861	242	1	2	5
608	262	8	2	3
635	262	15	2	5
342	262	2	2	2
615	262	15	2	4
721	262	1	2	3
747	262	7	2	5
276	262	16	2	4
372	262	12	2	4
149	262	9	2	1
493	262	13	2	3
643	262	3	2	3
79	262	19	2	5
130	262	10	2	3
592	262	12	2	5
486	262	6	2	1
291	262	11	2	4
176	262	16	2	4
116	262	16	2	3
624	262	4	2	4
63	262	3	2	4
851	262	11	2	4
31	262	11	2	5
778	262	18	2	4
204	262	4	2	4
173	262	13	2	4
758	262	18	2	5
611	262	11	2	4
808	262	8	2	5
113	262	13	2	2
833	262	13	2	2
448	262	8	2	4
537	262	17	2	5
557	262	17	2	2
889	262	9	2	4
206	262	6	2	1
144	262	4	2	3
720	262	0	2	4
655	262	15	2	5
146	262	6	2	4
47	262	7	2	5
126	262	6	2	4
587	262	7	2	4
871	262	11	2	3
13	262	13	2	4
303	262	3	2	5
1	262	1	2	3
364	262	4	2	3
46	262	6	2	5
860	262	0	2	4
894	262	14	2	4
498	262	18	2	2
717	262	17	2	4
171	262	11	2	4
184	262	4	2	5
21	262	1	2	4
49	262	9	2	5
847	262	7	2	5
282	262	2	2	4
863	262	3	2	3
345	262	5	2	5
284	262	4	2	4
181	262	1	2	2
385	262	5	2	4
574	262	14	2	5
451	262	11	2	1
926	262	6	2	3
396	282	16	2	4
318	282	18	2	4
549	282	9	2	3
403	282	3	2	5
190	282	10	2	3
487	282	7	2	4
216	282	16	2	5
293	282	13	2	2
834	282	14	2	4
921	282	1	2	2
905	282	5	2	3
456	282	16	2	3
684	282	4	2	4
825	282	5	2	4
265	282	5	2	5
715	282	15	2	3
115	282	15	2	4
347	282	7	2	5
930	282	10	2	4
289	282	9	2	3
52	282	12	2	4
793	282	13	2	4
599	282	19	2	5
923	282	3	2	4
394	282	14	2	3
28	282	8	2	4
311	282	11	2	5
450	282	10	2	5
363	282	3	2	2
236	282	16	2	5
936	282	16	2	2
84	282	4	2	4
71	282	11	2	3
486	282	6	2	2
68	282	8	2	1
728	282	8	2	4
16	282	16	2	5
314	282	14	2	5
329	282	9	2	3
277	282	17	2	4
682	282	2	2	4
643	282	3	2	3
910	282	10	2	3
533	282	13	2	4
919	282	19	2	4
526	282	6	2	3
296	282	16	2	4
747	282	7	2	2
758	282	18	2	3
439	282	19	2	3
378	282	18	2	4
294	282	14	2	3
108	282	8	2	3
770	282	10	2	5
889	282	9	2	4
525	282	5	2	4
224	282	4	2	4
776	282	16	2	3
274	282	14	2	5
880	282	0	2	2
301	282	1	2	4
474	282	14	2	4
181	282	1	2	4
933	282	13	2	3
104	282	4	2	3
718	282	18	2	5
879	282	19	2	4
128	282	8	2	3
504	282	4	2	4
862	282	2	2	5
907	282	7	2	4
222	282	2	2	4
256	282	16	2	3
323	282	3	2	3
342	282	2	2	1
57	282	17	2	5
903	282	3	2	4
678	282	18	2	3
120	282	0	2	4
742	282	2	2	3
764	282	4	2	4
627	282	7	2	2
886	282	6	2	3
201	282	1	2	2
869	282	9	2	3
45	282	5	2	4
441	282	1	2	4
663	282	3	2	3
796	282	16	2	4
270	282	10	2	3
552	282	12	2	3
99	282	19	2	3
674	282	14	2	5
145	282	5	2	5
101	282	1	2	3
453	282	13	2	4
455	282	15	2	3
605	282	5	2	4
168	282	8	2	5
207	282	7	2	4
899	282	19	2	5
761	282	1	2	4
121	282	1	2	1
891	282	11	2	5
144	282	4	2	4
618	282	18	2	3
590	282	10	2	2
271	282	11	2	2
459	282	19	2	3
637	282	17	2	3
399	282	19	2	3
649	282	9	2	4
657	282	17	2	3
935	282	15	2	4
303	282	3	2	3
872	282	12	2	5
328	282	8	2	3
534	282	14	2	5
406	282	6	2	3
654	282	14	2	3
297	282	17	2	3
119	282	19	2	5
194	282	14	2	3
535	282	15	2	3
697	282	17	2	4
66	282	6	2	3
542	282	2	2	3
630	282	10	2	3
859	282	19	2	3
864	282	4	2	3
280	282	0	2	3
391	282	11	2	4
292	282	12	2	4
164	282	4	2	5
665	282	5	2	4
141	282	1	2	5
634	282	14	2	4
717	282	17	2	5
69	282	9	2	3
652	282	12	2	4
823	282	3	2	3
881	282	1	2	4
554	282	14	2	3
178	282	18	2	3
26	282	6	2	4
551	282	11	2	5
253	282	13	2	4
478	282	18	2	3
223	282	3	2	4
12	282	12	2	5
251	282	11	2	4
896	282	16	2	2
429	282	9	2	3
721	282	1	2	4
709	282	9	2	5
447	282	7	2	4
81	282	1	2	5
203	282	3	2	1
548	282	8	2	4
324	282	4	2	5
401	282	1	2	3
438	282	18	2	5
92	282	12	2	4
655	282	15	2	3
790	282	10	2	4
94	282	14	2	3
705	282	5	2	5
632	282	12	2	4
109	282	9	2	3
792	282	12	2	3
458	282	18	2	2
532	282	12	2	5
501	282	1	2	4
393	282	13	2	4
336	282	16	2	3
248	282	8	2	2
734	282	14	2	4
345	282	5	2	3
85	282	5	2	3
160	282	0	2	4
804	282	4	2	4
714	282	14	2	4
606	282	6	2	4
479	282	19	2	5
374	282	14	2	5
221	282	1	2	4
588	282	8	2	5
666	282	6	2	3
15	282	15	2	3
788	282	8	2	4
653	282	13	2	3
943	282	3	2	5
117	282	17	2	5
854	282	14	2	2
768	282	8	2	4
500	282	0	2	4
2	282	2	2	4
130	282	10	2	5
477	282	17	2	4
193	282	13	2	5
305	282	5	2	3
716	282	16	2	3
624	282	4	2	4
942	282	2	2	5
63	282	3	2	1
416	282	16	2	5
917	282	17	2	4
298	282	18	2	4
595	282	15	2	4
332	282	12	2	5
432	282	12	2	5
42	282	2	2	4
592	282	12	2	4
727	282	7	2	4
693	282	13	2	4
200	282	0	2	4
710	282	10	2	2
719	282	19	2	4
291	282	11	2	4
754	282	14	2	4
463	282	3	2	3
334	282	14	2	4
457	282	17	2	4
276	282	16	2	4
326	282	6	2	2
733	282	13	2	3
95	282	15	2	4
423	282	3	2	4
593	282	13	2	5
495	282	15	2	5
580	282	0	2	5
449	282	9	2	3
574	302	14	2	4
399	302	19	2	4
467	302	7	2	4
431	302	11	2	3
2	302	2	2	5
461	302	1	2	3
427	302	7	2	4
507	302	7	2	5
896	302	16	2	2
421	302	1	2	4
806	302	6	2	4
531	302	11	2	5
836	302	16	2	5
532	302	12	2	5
401	302	1	2	3
551	302	11	2	3
547	302	7	2	5
567	302	7	2	4
54	302	14	2	4
62	302	2	2	3
587	302	7	2	3
846	302	6	2	5
331	302	11	2	5
367	302	7	2	5
828	302	8	2	4
561	302	1	2	4
808	302	8	2	5
611	302	11	2	5
592	302	12	2	5
707	302	7	2	4
102	302	2	2	3
788	302	8	2	4
651	302	11	2	5
241	302	1	2	3
866	302	6	2	2
327	302	7	2	3
339	302	19	2	4
666	302	6	2	5
747	302	7	2	5
201	302	1	2	4
392	302	12	2	5
696	302	16	2	5
676	302	16	2	5
688	302	8	2	5
626	302	6	2	4
668	302	8	2	5
656	302	16	2	3
721	302	1	2	3
14	302	14	2	5
787	302	7	2	3
616	302	16	2	5
222	302	2	2	3
207	302	7	2	4
926	302	6	2	4
352	302	12	2	4
332	302	12	2	5
556	302	16	2	4
751	302	11	2	4
319	302	19	2	4
827	302	7	2	4
271	302	11	2	5
628	302	8	2	5
282	302	2	2	5
10	302	10	2	4
322	302	2	2	5
781	302	1	2	5
791	302	11	2	4
299	302	19	2	4
147	302	7	2	4
801	302	1	2	4
105	302	5	2	5
107	302	7	2	4
181	302	1	2	2
841	302	1	2	5
865	302	5	2	5
619	302	19	2	4
362	302	2	2	5
191	302	11	2	4
752	302	12	2	5
47	302	7	2	5
171	302	11	2	4
772	302	12	2	5
548	302	8	2	4
851	302	11	2	5
422	302	2	2	3
812	302	12	2	3
145	302	5	2	4
871	302	11	2	5
13	302	13	2	5
526	302	6	2	5
151	302	11	2	3
931	302	11	2	4
934	302	14	2	4
131	302	11	2	5
232	302	12	2	5
111	302	11	2	5
185	302	5	2	4
90	302	10	2	5
40	302	0	2	3
192	302	12	2	5
894	302	14	2	4
448	302	8	2	5
428	302	8	2	5
71	302	11	2	3
874	302	14	2	5
408	302	8	2	5
173	302	13	2	5
31	302	11	2	4
388	302	8	2	5
285	302	5	2	5
416	302	16	2	5
100	302	0	2	4
854	302	14	2	3
328	302	8	2	4
305	302	5	2	4
112	302	12	2	4
140	302	0	2	4
177	302	17	2	4
903	302	3	2	4
160	302	0	2	5
486	302	6	2	5
197	302	17	2	3
293	302	13	2	4
29	302	9	2	4
49	302	9	2	4
883	302	3	2	5
466	302	6	2	5
190	302	10	2	5
277	302	17	2	4
863	302	3	2	4
345	302	5	2	5
654	302	14	2	5
297	302	17	2	4
446	302	6	2	4
240	302	0	2	5
179	302	19	2	4
819	302	19	2	5
210	302	10	2	5
634	302	14	2	5
69	302	9	2	4
393	302	13	2	4
397	302	17	2	5
139	302	19	2	3
268	302	8	2	5
762	302	2	2	5
52	302	12	2	4
276	302	16	2	5
208	302	8	2	1
782	302	2	2	3
514	302	14	2	5
743	302	3	2	5
802	302	2	2	4
417	302	17	2	3
413	302	13	2	2
474	302	14	2	5
433	302	13	2	5
683	302	3	2	5
129	302	9	2	4
360	302	0	2	4
915	302	15	2	4
784	302	4	2	5
149	302	9	2	4
842	302	2	2	5
380	302	0	2	5
875	302	15	2	5
473	302	13	2	4
744	302	4	2	5
346	302	6	2	3
88	302	8	2	3
454	302	14	2	4
724	302	4	2	3
48	302	8	2	4
420	302	0	2	4
405	302	5	2	4
919	302	19	2	4
902	302	2	2	3
704	302	4	2	4
414	302	14	2	5
460	302	0	2	4
216	302	16	2	5
480	302	0	2	4
229	302	9	2	5
543	302	3	2	4
664	302	4	2	4
898	302	18	2	4
249	302	9	2	4
370	302	10	2	5
15	302	15	2	4
390	302	10	2	5
116	302	16	2	3
624	302	4	2	4
425	302	5	2	5
520	302	0	2	3
673	302	13	2	3
838	302	18	2	4
430	302	10	2	4
818	302	18	2	5
463	302	3	2	5
713	302	13	2	4
775	302	15	2	3
733	302	13	2	4
560	302	0	2	5
755	302	15	2	4
423	302	3	2	5
564	302	4	2	3
544	302	4	2	5
334	302	14	2	5
39	302	19	2	5
445	302	5	2	1
269	302	9	2	3
383	302	3	2	4
115	302	15	2	4
537	302	17	2	4
16	302	16	2	5
485	302	5	2	5
758	302	18	2	5
524	302	4	2	5
640	302	0	2	5
329	302	9	2	5
363	302	3	2	5
695	302	15	2	4
833	302	13	2	3
450	302	10	2	5
853	302	13	2	4
343	302	3	2	4
104	302	4	2	5
913	302	13	2	4
206	302	6	2	5
389	302	9	2	5
490	302	10	2	4
186	302	6	2	3
889	302	9	2	4
720	302	0	2	5
740	302	0	2	5
605	302	5	2	4
617	302	17	2	4
570	302	10	2	4
146	302	6	2	4
144	302	4	2	3
315	302	15	2	5
809	302	9	2	5
126	302	6	2	4
464	302	4	2	5
820	302	0	2	5
375	302	15	2	5
657	302	17	2	2
870	302	10	2	4
303	302	3	2	4
214	302	14	2	4
404	302	4	2	4
697	302	17	2	5
384	302	4	2	5
364	302	4	2	4
717	302	17	2	5
158	302	18	2	4
860	302	0	2	4
344	302	4	2	5
880	302	0	2	5
178	302	18	2	4
26	302	6	2	5
498	302	18	2	3
655	302	15	2	4
685	302	5	2	3
154	302	14	2	4
535	302	15	2	3
134	302	14	2	2
669	302	9	2	4
635	302	15	2	4
284	302	4	2	4
458	302	18	2	5
745	302	5	2	4
418	302	18	2	2
278	302	18	2	3
877	302	17	2	2
475	302	15	2	3
615	302	15	2	4
6	302	6	2	4
63	302	3	2	3
920	302	0	2	4
204	302	4	2	5
905	302	5	2	5
940	302	0	2	4
94	302	14	2	4
74	302	14	2	4
770	302	10	2	2
43	302	3	2	4
515	302	15	2	3
489	302	9	2	5
569	302	9	2	4
845	302	5	2	3
3	302	3	2	2
555	302	15	2	3
710	302	10	2	4
378	302	18	2	5
509	302	9	2	5
451	302	11	2	3
512	302	12	2	4
153	322	13	2	3
178	322	18	2	3
459	322	19	2	4
907	322	7	2	5
344	322	4	2	2
428	322	8	2	4
133	322	13	2	2
881	322	1	2	4
113	322	13	2	3
816	322	16	2	4
401	322	1	2	2
324	322	4	2	4
494	322	14	2	2
91	322	11	2	4
908	322	8	2	2
304	322	4	2	4
391	322	11	2	3
143	322	3	2	4
284	322	4	2	3
723	322	3	2	2
109	322	9	2	2
782	322	2	2	4
548	322	8	2	4
728	322	8	2	4
119	322	19	2	4
743	322	3	2	3
99	322	19	2	3
724	322	4	2	1
533	322	13	2	4
433	322	13	2	2
250	322	10	2	3
21	322	1	2	3
616	322	16	2	4
13	322	13	2	3
704	322	4	2	2
454	322	14	2	2
90	322	10	2	4
28	322	8	2	2
559	322	19	2	4
451	322	11	2	4
346	322	6	2	3
300	322	0	2	4
417	322	17	2	3
474	322	14	2	4
721	322	1	2	4
460	322	0	2	3
393	322	13	2	4
227	322	7	2	3
397	322	17	2	1
593	322	13	2	2
942	322	2	2	3
534	322	14	2	4
691	322	11	2	3
276	322	16	2	3
372	322	12	2	3
804	322	4	2	5
832	322	12	2	3
803	322	3	2	2
926	322	6	2	2
374	322	14	2	4
141	322	1	2	4
722	322	2	2	3
633	322	13	2	3
432	322	12	2	3
370	322	10	2	3
357	322	17	2	3
116	322	16	2	2
15	322	15	2	3
824	322	4	2	4
683	322	3	2	2
35	322	15	2	3
644	322	4	2	5
462	322	2	2	5
280	322	0	2	4
142	322	2	2	2
75	322	15	2	1
159	322	19	2	5
673	322	13	2	4
317	322	17	2	3
425	322	5	2	3
788	322	8	2	4
818	322	18	2	2
261	322	1	2	4
651	322	11	2	3
634	322	14	2	3
334	322	14	2	3
128	322	8	2	2
3	322	3	2	3
489	322	9	2	5
515	322	15	2	3
450	322	10	2	4
733	322	13	2	2
481	322	1	2	4
755	322	15	2	3
423	322	3	2	3
488	322	8	2	3
256	322	16	2	4
281	322	1	2	4
260	322	0	2	4
102	322	2	2	3
446	322	6	2	3
92	322	12	2	3
207	322	7	2	3
921	322	1	2	3
905	322	5	2	3
753	322	13	2	3
537	322	17	2	1
524	322	4	2	4
199	322	19	2	2
314	322	14	2	4
311	322	11	2	4
592	322	12	2	1
863	322	3	2	1
204	322	4	2	3
308	322	8	2	2
629	322	9	2	3
155	322	15	2	2
589	322	9	2	3
313	322	13	2	3
332	322	12	2	4
84	322	4	2	3
883	322	3	2	5
825	322	5	2	5
63	322	3	2	2
329	322	9	2	3
170	322	10	2	5
363	322	3	2	2
575	322	15	2	3
302	322	2	2	2
294	322	14	2	1
525	322	5	2	2
772	322	12	2	4
853	322	13	2	3
612	322	12	2	3
591	322	11	2	2
708	322	8	2	3
828	322	8	2	3
919	322	19	2	3
557	322	17	2	3
884	322	4	2	3
181	322	1	2	1
781	322	1	2	2
805	322	5	2	2
255	322	15	2	2
293	322	13	2	2
356	322	16	2	3
703	322	3	2	3
234	322	14	2	2
546	322	6	2	4
791	322	11	2	4
323	322	3	2	2
889	322	9	2	3
504	322	4	2	4
924	322	4	2	2
83	322	3	2	3
396	322	16	2	4
197	322	17	2	3
186	322	6	2	5
699	322	19	2	3
510	322	10	2	3
530	322	10	2	4
107	322	7	2	1
130	322	10	2	4
740	322	0	2	3
166	322	6	2	5
328	322	8	2	3
140	322	0	2	3
416	322	16	2	3
637	322	17	2	3
752	322	12	2	1
464	322	4	2	3
901	322	1	2	4
809	322	9	2	3
587	322	7	2	3
47	322	7	2	2
177	322	17	2	2
409	322	9	2	2
126	322	6	2	3
796	322	16	2	3
841	322	1	2	4
552	322	12	2	3
335	322	15	2	4
351	322	11	2	5
151	322	11	2	2
427	322	7	2	3
511	322	11	2	3
923	322	3	2	4
205	322	5	2	3
112	322	12	2	4
730	322	10	2	1
486	322	6	2	2
224	322	4	2	2
677	322	17	2	4
98	322	18	2	3
431	322	11	2	4
415	322	15	2	4
630	322	10	2	3
529	322	9	2	4
786	322	6	2	3
856	322	16	2	4
663	322	3	2	4
656	322	16	2	1
164	322	4	2	4
854	322	14	2	1
732	322	12	2	3
836	322	16	2	2
750	322	10	2	2
26	322	6	2	3
362	322	2	2	3
263	322	3	2	3
749	322	9	2	4
894	322	14	2	3
679	322	19	2	3
717	322	17	2	5
725	322	5	2	4
729	322	9	2	4
173	322	13	2	4
223	322	3	2	4
178	342	18	2	4
851	342	11	2	2
863	342	3	2	1
294	342	14	2	3
404	342	4	2	3
393	342	13	2	5
3	342	3	2	4
501	342	1	2	4
506	342	6	2	3
61	342	1	2	2
335	342	15	2	2
810	342	10	2	5
442	342	2	2	2
526	342	6	2	2
758	342	18	2	4
164	342	4	2	2
281	342	1	2	1
502	342	2	2	4
13	342	13	2	4
515	342	15	2	3
724	342	4	2	3
796	342	16	2	5
871	342	11	2	4
813	342	13	2	1
834	342	14	2	2
713	342	13	2	3
489	342	9	2	3
787	342	7	2	2
100	342	0	2	3
104	342	4	2	3
365	342	5	2	2
145	342	5	2	4
883	342	3	2	4
130	342	10	2	3
587	342	7	2	1
611	342	11	2	3
395	342	15	2	4
332	342	12	2	4
624	342	4	2	3
261	342	1	2	3
99	342	19	2	1
592	342	12	2	2
279	342	19	2	4
401	342	1	2	1
640	342	0	2	5
880	342	0	2	3
146	342	6	2	1
514	342	14	2	1
441	342	1	2	4
782	342	2	2	2
873	342	13	2	4
816	342	16	2	4
588	362	8	2	3
758	362	18	2	5
393	362	13	2	3
842	362	2	2	3
931	362	11	2	3
561	362	1	2	2
787	362	7	2	3
616	362	16	2	3
4	362	4	2	5
418	362	18	2	1
942	362	2	2	3
13	362	13	2	4
193	362	13	2	3
729	362	9	2	4
660	362	0	2	2
142	362	2	2	3
682	362	2	2	2
425	362	5	2	3
463	362	3	2	1
206	362	6	2	1
713	362	13	2	1
197	362	17	2	4
179	362	19	2	1
260	362	0	2	5
708	362	8	2	1
515	362	15	2	4
472	362	12	2	5
863	362	3	2	1
523	382	3	2	5
591	382	11	2	4
43	382	3	2	5
151	382	11	2	4
219	382	19	2	5
303	382	3	2	3
279	382	19	2	4
327	382	7	2	3
5	382	5	2	5
497	382	17	2	4
85	382	5	2	4
409	382	9	2	4
805	382	5	2	4
305	382	5	2	5
537	382	17	2	3
312	382	12	2	4
919	382	19	2	5
655	382	15	2	3
592	382	12	2	4
795	382	15	2	4
766	382	6	2	3
407	382	7	2	3
87	382	7	2	3
539	382	19	2	5
639	382	19	2	2
828	382	8	2	3
503	382	3	2	4
417	382	17	2	2
579	382	19	2	3
343	382	3	2	3
916	382	16	2	4
373	382	13	2	4
884	382	4	2	5
342	382	2	2	3
19	382	19	2	3
354	382	14	2	5
308	382	8	2	4
7	382	7	2	4
456	382	16	2	1
846	382	6	2	3
406	382	6	2	5
868	382	8	2	4
59	382	19	2	4
345	382	5	2	4
184	382	4	2	5
380	382	0	2	3
693	382	13	2	4
704	382	4	2	4
889	382	9	2	2
92	382	12	2	4
524	382	4	2	3
90	382	10	2	5
533	382	13	2	1
268	382	8	2	3
455	382	15	2	3
721	382	1	2	4
535	382	15	2	5
588	382	8	2	3
607	382	7	2	3
435	382	15	2	3
11	382	11	2	3
358	382	18	2	2
315	382	15	2	4
542	382	2	2	3
940	382	0	2	3
565	382	5	2	5
18	382	18	2	3
707	382	7	2	3
719	382	19	2	2
49	382	9	2	2
474	382	14	2	3
14	382	14	2	5
321	382	1	2	3
276	382	16	2	4
399	382	19	2	3
125	382	5	2	1
122	382	2	2	3
286	382	6	2	5
504	382	4	2	4
378	382	18	2	4
450	382	10	2	3
212	382	12	2	5
618	382	18	2	2
601	382	1	2	4
870	382	10	2	3
73	382	13	2	4
198	382	18	2	4
405	382	5	2	1
62	382	2	2	3
295	382	15	2	5
13	382	13	2	1
773	382	13	2	3
196	382	16	2	4
861	382	1	2	5
72	382	12	2	4
763	382	3	2	5
119	382	19	2	5
751	382	11	2	3
877	382	17	2	3
883	382	3	2	3
918	382	18	2	4
640	382	0	2	4
922	382	2	2	4
239	382	19	2	3
429	382	9	2	3
264	382	4	2	4
338	382	18	2	5
909	382	9	2	5
854	382	14	2	4
864	382	4	2	3
561	382	1	2	4
270	402	10	2	5
528	402	8	2	4
456	402	16	2	2
7	402	7	2	5
901	402	1	2	4
151	402	11	2	3
13	402	13	2	4
90	402	10	2	5
871	402	11	2	3
659	402	19	2	3
897	402	17	2	5
690	402	10	2	3
43	402	3	2	4
94	402	14	2	4
927	402	7	2	4
487	402	7	2	4
877	402	17	2	3
299	402	19	2	3
914	402	14	2	5
495	402	15	2	3
378	402	18	2	4
298	402	18	2	3
790	402	10	2	2
506	402	6	2	4
399	402	19	2	3
521	402	1	2	3
42	402	2	2	5
455	402	15	2	4
907	402	7	2	5
532	402	12	2	5
62	402	2	2	3
198	402	18	2	3
562	402	2	2	5
184	402	4	2	3
174	402	14	2	5
407	402	7	2	2
110	402	10	2	4
541	402	1	2	3
709	402	9	2	3
416	402	16	2	5
588	402	8	2	5
472	402	12	2	5
796	402	16	2	5
880	402	0	2	3
749	402	9	2	4
650	402	10	2	3
193	402	13	2	3
435	402	15	2	3
868	402	8	2	1
194	402	14	2	3
622	402	2	2	3
830	402	10	2	4
943	402	3	2	2
152	402	12	2	5
655	402	15	2	2
303	402	3	2	4
916	402	16	2	3
766	402	6	2	3
610	402	10	2	5
361	402	1	2	3
328	402	8	2	3
38	402	18	2	5
11	402	11	2	4
295	402	15	2	5
325	402	5	2	2
551	402	11	2	4
18	402	18	2	3
577	402	17	2	4
924	402	4	2	3
774	402	14	2	2
660	402	0	2	3
627	402	7	2	3
904	402	4	2	4
293	402	13	2	2
9	402	9	2	4
719	402	19	2	4
389	402	9	2	3
647	402	7	2	4
301	402	1	2	2
345	402	5	2	4
504	402	4	2	4
889	402	9	2	3
537	402	17	2	1
379	402	19	2	3
246	402	6	2	3
896	402	16	2	4
505	402	5	2	5
642	402	2	2	4
314	402	14	2	4
864	402	4	2	3
363	402	3	2	2
524	402	4	2	2
756	402	16	2	4
536	402	16	2	4
92	402	12	2	3
761	402	1	2	3
200	402	0	2	4
224	402	4	2	5
712	402	12	2	4
308	402	8	2	4
450	402	10	2	4
788	402	8	2	3
885	402	5	2	3
286	402	6	2	3
56	402	16	2	5
313	402	13	2	3
271	402	11	2	4
805	402	5	2	2
276	402	16	2	3
795	402	15	2	2
798	402	18	2	3
693	402	13	2	3
807	402	7	2	5
95	402	15	2	3
843	402	3	2	2
210	402	10	2	5
727	402	7	2	3
269	402	9	2	2
59	402	19	2	4
230	402	10	2	5
653	402	13	2	1
311	402	11	2	4
751	402	11	2	3
878	402	18	2	4
72	402	12	2	4
497	402	17	2	4
373	402	13	2	4
89	402	9	2	4
815	402	15	2	5
503	402	3	2	3
262	402	2	2	4
280	402	0	2	4
5	402	5	2	1
457	402	17	2	4
500	402	0	2	3
24	402	4	2	4
268	402	8	2	1
593	402	13	2	4
221	402	1	2	2
393	402	13	2	3
922	402	2	2	3
684	402	4	2	3
394	402	14	2	4
417	402	17	2	4
216	402	16	2	2
307	402	7	2	2
748	402	8	2	2
405	402	5	2	3
533	402	13	2	4
721	402	1	2	4
201	402	1	2	2
208	402	8	2	4
514	402	14	2	4
65	402	5	2	4
437	402	17	2	2
109	402	9	2	4
804	402	4	2	3
291	402	11	2	4
454	402	14	2	3
12	402	12	2	5
290	402	10	2	4
99	402	19	2	4
222	402	2	2	4
339	402	19	2	3
128	402	8	2	1
711	402	11	2	4
256	402	16	2	4
340	402	0	2	4
632	402	12	2	3
453	402	13	2	3
826	422	6	2	2
921	422	1	2	3
484	422	4	2	3
805	422	5	2	4
843	422	3	2	2
95	422	15	2	2
807	422	7	2	4
222	422	2	2	2
896	422	16	2	3
927	422	7	2	4
892	422	12	2	1
620	422	0	2	1
230	422	10	2	3
642	422	2	2	3
471	422	11	2	5
864	422	4	2	3
528	422	8	2	2
5	422	5	2	4
505	422	5	2	3
330	422	10	2	4
417	422	17	2	3
776	422	16	2	2
450	422	10	2	3
405	422	5	2	1
479	422	19	2	3
128	422	8	2	4
13	442	13	2	1
776	442	16	2	2
5	442	5	2	1
405	442	5	2	1
500	462	0	2	4
829	462	9	2	4
468	462	8	2	4
385	462	5	2	2
307	462	7	2	4
848	462	8	2	5
566	462	6	2	4
71	462	11	2	5
840	462	0	2	3
235	462	15	2	3
669	462	9	2	5
435	462	15	2	5
707	462	7	2	4
296	462	16	2	4
919	462	19	2	3
712	462	12	2	3
932	462	12	2	4
292	462	12	2	3
492	462	12	2	3
568	462	8	2	4
934	462	14	2	4
405	462	5	2	2
233	462	13	2	5
758	462	18	2	4
58	462	18	2	4
62	462	2	2	2
875	462	15	2	4
85	462	5	2	4
172	462	12	2	3
894	462	14	2	4
299	462	19	2	5
543	462	3	2	4
861	462	1	2	4
271	462	11	2	4
862	462	2	2	4
773	462	13	2	5
90	462	10	2	5
763	462	3	2	5
269	462	9	2	3
660	462	0	2	2
480	462	0	2	4
565	462	5	2	4
562	462	2	2	5
257	462	17	2	4
232	462	12	2	4
430	462	10	2	3
753	462	13	2	4
123	462	3	2	4
201	462	1	2	1
655	462	15	2	3
207	462	7	2	3
249	462	9	2	5
429	462	9	2	4
664	462	4	2	4
483	462	3	2	3
303	462	3	2	3
18	462	18	2	3
457	462	17	2	5
128	462	8	2	4
918	462	18	2	3
59	462	19	2	5
456	462	16	2	3
214	462	14	2	4
391	462	11	2	4
187	462	7	2	5
884	462	4	2	4
828	462	8	2	3
200	462	0	2	4
493	462	13	2	2
452	462	12	2	4
618	462	18	2	2
715	462	15	2	4
380	462	0	2	4
437	462	17	2	5
180	462	0	2	5
855	462	15	2	4
344	462	4	2	2
286	462	6	2	5
639	462	19	2	5
82	462	2	2	4
561	462	1	2	3
533	462	13	2	2
399	462	19	2	3
527	462	7	2	3
907	462	7	2	4
6	462	6	2	5
474	462	14	2	4
188	462	8	2	4
343	462	3	2	4
160	462	0	2	4
406	462	6	2	5
321	462	1	2	4
239	462	19	2	5
347	462	7	2	2
771	462	11	2	3
42	462	2	2	2
10	462	10	2	3
498	462	18	2	3
870	462	10	2	4
455	462	15	2	3
334	462	14	2	4
450	462	10	2	4
605	462	5	2	5
236	462	16	2	4
293	462	13	2	4
305	462	5	2	5
381	462	1	2	4
654	462	14	2	4
642	462	2	2	4
487	462	7	2	2
514	462	14	2	4
889	462	9	2	5
731	462	11	2	5
571	462	11	2	4
416	462	16	2	5
585	462	5	2	3
276	462	16	2	4
234	462	14	2	4
184	462	4	2	4
301	462	1	2	2
608	462	8	2	4
883	462	3	2	5
878	462	18	2	4
747	462	7	2	5
504	462	4	2	4
189	462	9	2	5
151	462	11	2	4
115	462	15	2	4
345	462	5	2	5
13	462	13	2	5
615	462	15	2	4
211	462	11	2	4
440	462	0	2	5
449	462	9	2	5
49	462	9	2	2
95	462	15	2	4
896	462	16	2	3
537	462	17	2	3
401	462	1	2	4
916	462	16	2	4
198	462	18	2	3
913	462	13	2	3
607	462	7	2	4
279	462	19	2	3
354	462	14	2	3
338	462	18	2	4
154	462	14	2	3
316	462	16	2	3
6	482	6	2	4
325	482	5	2	4
327	482	7	2	4
401	482	1	2	4
908	482	8	2	3
60	482	0	2	4
97	482	17	2	5
892	482	12	2	5
854	482	14	2	3
474	482	14	2	3
43	482	3	2	4
82	482	2	2	4
154	482	14	2	4
650	482	10	2	3
378	482	18	2	4
312	482	12	2	5
391	482	11	2	4
114	482	14	2	4
698	482	18	2	2
342	482	2	2	5
532	482	12	2	5
398	482	18	2	5
125	482	5	2	1
694	482	14	2	5
454	482	14	2	3
666	482	6	2	4
567	482	7	2	5
263	482	3	2	4
699	482	19	2	2
734	482	14	2	2
279	482	19	2	4
912	482	12	2	5
667	482	7	2	4
429	482	9	2	3
758	482	18	2	5
194	482	14	2	3
744	482	4	2	3
437	482	17	2	5
234	482	14	2	4
747	482	7	2	5
716	482	16	2	5
707	482	7	2	3
645	482	5	2	4
308	482	8	2	5
316	482	16	2	3
128	482	8	2	4
731	482	11	2	3
392	482	12	2	5
151	482	11	2	4
669	482	9	2	4
553	482	13	2	4
659	482	19	2	4
298	482	18	2	5
90	482	10	2	5
169	482	9	2	3
358	482	18	2	2
292	482	12	2	5
385	482	5	2	3
303	482	3	2	5
499	482	19	2	2
123	482	3	2	4
442	482	2	2	3
846	482	6	2	5
452	482	12	2	5
7	482	7	2	3
70	482	10	2	4
506	482	6	2	5
524	482	4	2	5
214	482	14	2	4
239	482	19	2	3
889	482	9	2	4
16	482	16	2	5
13	482	13	2	5
405	482	5	2	3
568	482	8	2	4
592	482	12	2	4
878	482	18	2	4
389	482	9	2	5
670	482	10	2	5
664	482	4	2	5
204	482	4	2	4
299	482	19	2	4
653	482	13	2	2
503	482	3	2	5
601	482	1	2	4
201	482	1	2	4
225	482	5	2	5
766	482	6	2	3
328	482	8	2	3
293	482	13	2	4
10	482	10	2	4
233	482	13	2	4
305	482	5	2	2
896	482	16	2	3
643	482	3	2	4
406	482	6	2	5
210	482	10	2	5
464	482	4	2	5
556	482	16	2	5
409	482	9	2	4
382	482	2	2	5
940	482	0	2	5
296	482	16	2	5
843	482	3	2	2
313	482	13	2	5
788	482	8	2	4
271	482	11	2	5
492	482	12	2	3
622	482	2	2	3
798	482	18	2	3
450	482	10	2	5
311	482	11	2	4
269	482	9	2	3
18	482	18	2	5
535	482	15	2	4
91	482	11	2	3
426	482	6	2	5
676	482	16	2	4
318	482	18	2	5
85	482	5	2	4
924	482	4	2	4
331	482	11	2	2
537	482	17	2	4
253	482	13	2	5
847	482	7	2	2
911	482	11	2	4
607	482	7	2	5
932	482	12	2	5
747	502	7	2	5
102	502	2	2	3
325	502	5	2	4
210	502	10	2	3
559	502	19	2	4
22	502	2	2	4
293	502	13	2	3
653	502	13	2	2
269	502	9	2	3
385	502	5	2	3
450	502	10	2	5
407	502	7	2	2
313	502	13	2	3
398	502	18	2	3
334	502	14	2	3
758	502	18	2	4
85	502	5	2	4
389	502	9	2	4
303	502	3	2	4
380	502	0	2	1
340	502	0	2	2
795	502	15	2	3
650	502	10	2	3
237	502	17	2	4
379	502	19	2	5
158	502	18	2	4
10	502	10	2	4
327	502	7	2	3
234	502	14	2	4
298	502	18	2	5
429	502	9	2	3
301	502	1	2	4
934	502	14	2	4
535	502	15	2	5
7	502	7	2	5
98	502	18	2	2
406	502	6	2	1
361	502	1	2	4
213	502	13	2	5
452	502	12	2	2
87	502	7	2	5
279	502	19	2	5
16	502	16	2	4
508	502	8	2	4
716	502	16	2	3
655	502	15	2	4
194	502	14	2	4
13	502	13	2	5
60	502	0	2	4
648	502	8	2	5
299	502	19	2	4
6	502	6	2	4
659	502	19	2	4
308	502	8	2	5
666	502	6	2	3
823	502	3	2	5
932	502	12	2	4
385	522	5	2	4
114	522	14	2	5
669	522	9	2	4
777	522	17	2	5
308	522	8	2	3
299	522	19	2	3
498	522	18	2	3
773	522	13	2	4
664	522	4	2	3
214	522	14	2	4
235	522	15	2	5
187	522	7	2	3
48	522	8	2	2
655	522	15	2	3
833	522	13	2	2
500	522	0	2	4
269	522	9	2	5
151	522	11	2	5
425	522	5	2	3
854	522	14	2	2
592	522	12	2	5
102	522	2	2	3
405	522	5	2	1
339	522	19	2	5
397	522	17	2	5
379	522	19	2	5
804	522	4	2	3
625	522	5	2	3
765	522	5	2	5
184	522	4	2	3
23	522	3	2	4
13	522	13	2	5
805	522	5	2	5
806	522	6	2	3
6	522	6	2	5
727	542	7	2	2
378	542	18	2	4
405	542	5	2	1
807	542	7	2	5
95	542	15	2	2
109	542	9	2	3
815	542	15	2	4
130	542	10	2	3
541	542	1	2	1
758	542	18	2	2
536	542	16	2	1
7	542	7	2	4
846	542	6	2	3
70	542	10	2	2
399	542	19	2	3
892	542	12	2	1
554	542	14	2	3
435	542	15	2	1
927	542	7	2	2
660	542	0	2	2
313	542	13	2	3
222	542	2	2	2
194	542	14	2	3
275	542	15	2	3
621	542	1	2	2
881	542	1	2	1
642	542	2	2	5
314	542	14	2	4
711	542	11	2	1
622	542	2	2	2
49	542	9	2	2
561	542	1	2	1
325	542	5	2	2
506	542	6	2	3
771	542	11	2	4
545	542	5	2	2
588	542	8	2	3
864	542	4	2	4
416	542	16	2	1
280	542	0	2	3
712	542	12	2	4
44	542	4	2	3
896	542	16	2	3
686	542	6	2	1
254	542	14	2	3
843	542	3	2	2
303	542	3	2	2
200	542	0	2	3
682	542	2	2	2
43	542	3	2	3
796	542	16	2	3
889	562	9	2	3
217	562	17	2	3
532	562	12	2	5
435	562	15	2	5
868	562	8	2	2
472	562	12	2	5
896	562	16	2	2
158	562	18	2	4
429	562	9	2	2
183	562	3	2	3
344	562	4	2	2
7	562	7	2	5
276	562	16	2	3
606	562	6	2	4
194	562	14	2	2
193	562	13	2	3
405	562	5	2	1
417	562	17	2	4
291	562	11	2	4
922	562	2	2	3
543	562	3	2	2
303	562	3	2	4
727	562	7	2	2
119	562	19	2	4
788	562	8	2	3
682	562	2	2	2
671	562	11	2	5
425	562	5	2	1
59	562	19	2	4
207	562	7	2	2
268	562	8	2	4
497	562	17	2	2
932	562	12	2	2
279	562	19	2	3
619	562	19	2	3
484	562	4	2	3
924	562	4	2	3
757	562	17	2	3
627	562	7	2	2
887	562	7	2	5
600	562	0	2	3
314	562	14	2	4
846	562	6	2	5
94	562	14	2	3
864	562	4	2	4
311	562	11	2	3
332	562	12	2	5
301	562	1	2	3
778	582	18	2	1
579	582	19	2	4
64	582	4	2	4
18	582	18	2	5
885	582	5	2	2
530	582	10	2	4
297	582	17	2	4
327	582	7	2	4
387	582	7	2	3
903	582	3	2	3
536	582	16	2	2
313	582	13	2	2
585	582	5	2	3
122	582	2	2	5
378	582	18	2	5
76	582	16	2	3
617	582	17	2	4
829	582	9	2	4
605	582	5	2	4
551	582	11	2	5
877	582	17	2	2
447	582	7	2	4
896	582	16	2	2
618	582	18	2	4
85	582	5	2	4
843	582	3	2	2
615	582	15	2	3
566	582	6	2	5
693	582	13	2	2
345	582	5	2	5
450	582	10	2	4
469	582	9	2	5
354	582	14	2	4
741	582	1	2	3
483	582	3	2	3
303	582	3	2	4
116	582	16	2	3
271	582	11	2	3
719	582	19	2	3
503	582	3	2	5
360	582	0	2	4
495	582	15	2	4
230	582	10	2	4
516	582	16	2	5
224	582	4	2	4
682	582	2	2	1
878	582	18	2	4
10	582	10	2	4
886	582	6	2	1
308	582	8	2	3
561	582	1	2	4
121	582	1	2	2
293	582	13	2	4
870	582	10	2	5
328	582	8	2	5
295	582	15	2	5
305	582	5	2	4
664	582	4	2	1
7	582	7	2	5
881	582	1	2	1
363	582	3	2	2
828	582	8	2	3
257	582	17	2	5
262	582	2	2	4
523	582	3	2	4
338	582	18	2	5
234	582	14	2	4
72	582	12	2	4
848	582	8	2	4
537	582	17	2	3
840	582	0	2	5
24	582	4	2	4
734	582	14	2	2
500	582	0	2	4
268	582	8	2	5
610	582	10	2	4
358	582	18	2	5
214	582	14	2	3
106	582	6	2	4
543	582	3	2	3
380	582	0	2	4
554	582	14	2	3
918	582	18	2	4
250	582	10	2	4
437	582	17	2	5
892	582	12	2	3
59	582	19	2	4
639	582	19	2	3
200	582	0	2	4
232	582	12	2	5
919	582	19	2	5
316	582	16	2	5
815	582	15	2	1
875	582	15	2	5
80	582	0	2	3
194	582	14	2	1
213	582	13	2	4
758	582	18	2	3
398	582	18	2	2
187	582	7	2	1
381	582	1	2	5
747	582	7	2	5
42	582	2	2	3
291	582	11	2	4
506	582	6	2	3
514	582	14	2	4
721	582	1	2	3
346	582	6	2	3
82	582	2	2	4
562	582	2	2	4
457	582	17	2	5
440	582	0	2	3
195	582	15	2	4
533	582	13	2	3
567	582	7	2	3
861	582	1	2	2
151	582	11	2	5
92	582	12	2	5
65	582	5	2	3
79	582	19	2	5
882	582	2	2	5
189	582	9	2	5
694	582	14	2	4
429	582	9	2	3
405	582	5	2	3
399	582	19	2	3
301	582	1	2	2
299	582	19	2	2
456	582	16	2	5
711	582	11	2	5
805	582	5	2	3
909	582	9	2	5
883	582	3	2	3
627	582	7	2	3
343	582	3	2	3
804	582	4	2	3
855	582	15	2	3
339	582	19	2	4
201	582	1	2	5
458	582	18	2	1
455	582	15	2	2
417	582	17	2	3
60	582	0	2	4
184	582	4	2	4
577	582	17	2	4
62	582	2	2	4
401	582	1	2	4
276	582	16	2	3
161	582	1	2	1
406	582	6	2	4
172	582	12	2	4
243	582	3	2	5
884	582	4	2	5
174	582	14	2	4
270	582	10	2	3
894	582	14	2	4
527	582	7	2	2
790	582	10	2	3
474	582	14	2	5
916	582	16	2	4
666	582	6	2	4
269	582	9	2	4
524	582	4	2	3
707	582	7	2	5
655	582	15	2	2
468	582	8	2	3
788	582	8	2	4
334	582	14	2	5
650	602	10	2	4
184	602	4	2	4
588	602	8	2	3
299	602	19	2	3
474	602	14	2	3
60	602	0	2	4
912	602	12	2	5
263	602	3	2	4
138	602	18	2	4
264	602	4	2	4
625	602	5	2	3
305	602	5	2	3
234	602	14	2	4
398	602	18	2	4
295	602	15	2	5
900	602	0	2	1
18	602	18	2	3
450	602	10	2	4
308	602	8	2	4
846	602	6	2	4
389	602	9	2	4
847	602	7	2	3
128	602	8	2	4
16	602	16	2	5
934	602	14	2	3
707	602	7	2	4
537	602	17	2	3
269	602	9	2	4
479	602	19	2	4
10	602	10	2	5
798	602	18	2	3
271	602	11	2	3
354	602	14	2	3
59	602	19	2	2
151	602	11	2	4
716	602	16	2	5
815	602	15	2	3
659	602	19	2	4
807	602	7	2	5
13	602	13	2	4
90	602	10	2	5
583	602	3	2	4
406	602	6	2	3
437	602	17	2	3
7	602	7	2	3
454	602	14	2	2
292	602	12	2	4
429	602	9	2	5
766	602	6	2	4
312	602	12	2	4
541	622	1	2	3
705	622	5	2	4
504	622	4	2	4
200	622	0	2	3
7	622	7	2	4
807	622	7	2	3
749	622	9	2	3
716	622	16	2	3
234	622	14	2	2
268	622	8	2	3
230	622	10	2	3
497	622	17	2	2
393	622	13	2	4
632	622	12	2	4
128	622	8	2	4
653	622	13	2	3
95	622	15	2	4
712	622	12	2	4
450	622	10	2	5
711	622	11	2	4
263	622	3	2	4
94	622	14	2	3
911	622	11	2	3
495	622	15	2	2
379	622	19	2	5
85	622	5	2	3
59	622	19	2	4
756	622	16	2	3
405	622	5	2	1
130	622	10	2	3
267	622	7	2	3
290	622	10	2	3
311	622	11	2	3
642	622	2	2	4
399	622	19	2	4
897	622	17	2	3
254	622	14	2	4
846	622	6	2	4
650	622	10	2	3
664	642	4	2	4
374	642	14	2	1
405	642	5	2	1
543	642	3	2	3
172	642	12	2	4
271	642	11	2	5
293	642	13	2	3
690	642	10	2	3
299	642	19	2	4
429	642	9	2	4
23	642	3	2	3
650	642	10	2	3
833	642	13	2	3
506	642	6	2	4
468	642	8	2	3
110	642	10	2	2
407	642	7	2	2
154	642	14	2	3
234	642	14	2	3
524	642	4	2	4
16	642	16	2	5
848	642	8	2	5
805	642	5	2	4
474	642	14	2	4
749	642	9	2	2
135	642	15	2	4
308	642	8	2	5
870	642	10	2	4
561	642	1	2	3
889	642	9	2	3
846	642	6	2	5
389	642	9	2	4
145	642	5	2	3
437	642	17	2	1
295	642	15	2	4
115	642	15	2	5
151	642	11	2	3
454	642	14	2	2
450	642	10	2	4
896	642	16	2	2
447	642	7	2	4
311	642	11	2	4
267	642	7	2	4
537	642	17	2	4
756	642	16	2	2
417	642	17	2	5
495	642	15	2	4
94	642	14	2	4
184	642	4	2	4
334	642	14	2	5
655	642	15	2	3
256	642	16	2	4
7	642	7	2	3
623	642	3	2	3
864	642	4	2	3
903	642	3	2	4
346	642	6	2	3
269	642	9	2	3
222	642	2	2	3
343	642	3	2	4
916	642	16	2	3
92	642	12	2	3
666	642	6	2	5
59	642	19	2	5
286	642	6	2	3
315	642	15	2	5
538	642	18	2	3
339	642	19	2	5
406	642	6	2	3
177	642	17	2	4
548	642	8	2	4
497	642	17	2	3
201	642	1	2	4
804	642	4	2	3
480	642	0	2	4
194	642	14	2	2
823	642	3	2	4
85	642	5	2	4
659	642	19	2	2
878	642	18	2	3
207	642	7	2	3
72	642	12	2	4
436	642	16	2	4
130	642	10	2	4
881	642	1	2	4
653	642	13	2	1
218	642	18	2	3
387	642	7	2	4
840	642	0	2	4
896	662	16	2	3
263	662	3	2	4
639	662	19	2	2
734	662	14	2	3
882	662	2	2	3
878	662	18	2	1
450	662	10	2	4
254	662	14	2	4
406	662	6	2	3
901	662	1	2	4
606	662	6	2	4
500	662	0	2	2
506	662	6	2	5
650	662	10	2	3
398	662	18	2	2
275	662	15	2	3
91	662	11	2	4
877	662	17	2	5
429	662	9	2	3
591	662	11	2	3
738	662	18	2	4
11	662	11	2	3
151	662	11	2	4
90	662	10	2	5
59	662	19	2	3
224	662	4	2	5
174	662	14	2	5
885	662	5	2	3
711	662	11	2	3
922	662	2	2	3
846	662	6	2	3
868	662	8	2	2
13	662	13	2	5
535	662	15	2	3
503	662	3	2	3
456	662	16	2	4
468	662	8	2	4
577	662	17	2	4
416	662	16	2	4
921	662	1	2	4
210	662	10	2	2
731	662	11	2	3
666	662	6	2	3
890	662	10	2	3
311	662	11	2	4
693	662	13	2	4
279	662	19	2	2
222	662	2	2	3
536	662	16	2	5
244	662	4	2	3
405	662	5	2	1
780	662	0	2	5
138	662	18	2	4
495	662	15	2	5
704	662	4	2	3
7	662	7	2	3
328	662	8	2	3
716	662	16	2	3
698	662	18	2	2
64	662	4	2	4
256	662	16	2	2
313	662	13	2	3
208	662	8	2	4
340	662	0	2	2
655	662	15	2	2
804	662	4	2	4
942	662	2	2	4
488	662	8	2	4
871	662	11	2	3
712	662	12	2	5
24	662	4	2	5
796	662	16	2	5
523	662	3	2	4
766	662	6	2	3
798	662	18	2	3
788	662	8	2	4
234	662	14	2	3
23	662	3	2	3
648	662	8	2	3
455	662	15	2	4
299	662	19	2	4
389	662	9	2	3
502	682	2	2	5
904	682	4	2	4
461	682	1	2	1
388	682	8	2	4
532	682	12	2	4
466	682	6	2	1
515	682	15	2	4
223	682	3	2	4
695	682	15	2	1
91	682	11	2	2
314	682	14	2	5
284	682	4	2	3
285	682	5	2	4
646	682	6	2	3
143	682	3	2	3
110	682	10	2	4
920	682	0	2	3
416	682	16	2	3
681	682	1	2	1
304	682	4	2	3
537	682	17	2	1
620	682	0	2	2
287	682	7	2	4
193	682	13	2	1
724	682	4	2	1
13	682	13	2	1
31	682	11	2	2
36	682	16	2	1
592	682	12	2	4
331	682	11	2	5
872	682	12	2	3
57	682	17	2	3
863	682	3	2	3
99	682	19	2	2
145	682	5	2	3
514	682	14	2	4
220	682	0	2	4
599	682	19	2	4
635	682	15	2	2
631	682	11	2	2
377	682	17	2	3
721	682	1	2	3
557	682	17	2	2
925	682	5	2	4
327	682	7	2	3
451	682	11	2	4
596	682	16	2	4
276	682	16	2	3
260	682	0	2	4
683	682	3	2	1
482	682	2	2	3
688	682	8	2	5
697	682	17	2	2
760	682	0	2	3
550	682	10	2	4
341	682	1	2	3
181	682	1	2	4
281	682	1	2	3
529	682	9	2	4
179	682	19	2	5
519	682	19	2	1
676	682	16	2	1
33	682	13	2	4
126	682	6	2	1
812	682	12	2	4
472	682	12	2	4
7	682	7	2	2
198	682	18	2	3
433	682	13	2	2
782	682	2	2	4
489	682	9	2	4
381	682	1	2	2
507	682	7	2	5
241	682	1	2	2
587	682	7	2	3
589	682	9	2	4
422	682	2	2	2
663	682	3	2	3
626	682	6	2	3
511	682	11	2	4
741	682	1	2	3
768	682	8	2	3
546	682	6	2	3
851	682	11	2	1
462	682	2	2	5
355	682	15	2	4
178	682	18	2	3
332	682	12	2	4
130	682	10	2	4
801	682	1	2	5
853	682	13	2	4
427	682	7	2	5
255	682	15	2	5
706	682	6	2	2
909	682	9	2	3
206	682	6	2	3
201	682	1	2	3
363	682	3	2	1
294	682	14	2	3
319	682	19	2	3
608	702	8	2	1
429	702	9	2	5
592	702	12	2	4
894	702	14	2	4
331	702	11	2	3
234	702	14	2	2
878	702	18	2	1
87	702	7	2	3
707	702	7	2	3
406	702	6	2	3
405	702	5	2	1
916	702	16	2	3
92	702	12	2	3
535	702	15	2	1
877	702	17	2	4
354	702	14	2	3
49	702	9	2	3
279	702	19	2	4
763	702	3	2	3
299	702	19	2	4
804	702	4	2	2
437	702	17	2	1
378	702	18	2	4
828	702	8	2	2
543	702	3	2	2
639	702	19	2	2
327	702	7	2	2
503	702	3	2	2
311	702	11	2	3
664	702	4	2	4
59	702	19	2	5
846	702	6	2	4
655	702	15	2	2
343	702	3	2	4
201	702	1	2	1
561	702	1	2	3
537	702	17	2	3
449	702	9	2	5
301	702	1	2	4
345	702	5	2	4
806	702	6	2	3
450	702	10	2	4
264	702	4	2	4
128	702	8	2	3
62	702	2	2	2
10	702	10	2	3
89	702	9	2	5
151	702	11	2	3
339	702	19	2	4
653	702	13	2	3
85	702	5	2	2
18	702	18	2	3
524	702	4	2	4
13	722	13	2	3
864	722	4	2	2
378	722	18	2	3
943	722	3	2	3
684	722	4	2	2
210	722	10	2	4
457	722	17	2	4
11	722	11	2	3
207	722	7	2	3
523	722	3	2	3
642	722	2	2	3
174	722	14	2	4
758	722	18	2	3
798	722	18	2	3
682	722	2	2	4
450	722	10	2	5
125	722	5	2	3
790	722	10	2	3
314	722	14	2	1
435	722	15	2	3
318	722	18	2	4
399	722	19	2	2
256	722	16	2	3
660	722	0	2	1
222	722	2	2	3
336	722	16	2	3
648	722	8	2	3
109	722	9	2	3
927	722	7	2	3
405	722	5	2	1
295	722	15	2	4
712	722	12	2	3
727	722	7	2	2
690	722	10	2	3
532	722	12	2	3
94	722	14	2	2
303	722	3	2	2
389	722	9	2	2
345	722	5	2	3
796	722	16	2	3
270	722	10	2	4
92	722	12	2	3
291	722	11	2	4
280	722	0	2	3
477	722	17	2	5
655	722	15	2	1
393	722	13	2	2
621	722	1	2	4
870	722	10	2	2
622	722	2	2	3
87	722	7	2	4
83	722	3	2	4
741	722	1	2	3
110	722	10	2	3
193	722	13	2	3
653	722	13	2	1
880	722	0	2	3
497	722	17	2	3
674	742	14	2	5
454	742	14	2	3
394	742	14	2	5
287	742	7	2	3
181	742	1	2	4
717	742	17	2	5
588	742	8	2	4
301	742	1	2	4
534	742	14	2	5
734	742	14	2	4
913	742	13	2	3
487	742	7	2	5
436	742	16	2	5
68	742	8	2	1
543	742	3	2	3
442	742	2	2	3
128	742	8	2	3
447	742	7	2	3
551	742	11	2	5
660	742	0	2	2
505	742	5	2	4
299	742	19	2	4
207	742	7	2	4
387	742	7	2	2
222	742	2	2	5
880	742	0	2	4
253	742	13	2	4
121	742	1	2	5
905	742	5	2	4
586	742	6	2	3
190	742	10	2	3
109	742	9	2	5
188	742	8	2	5
265	742	5	2	5
924	742	4	2	3
11	742	11	2	3
308	742	8	2	4
256	742	16	2	5
597	742	17	2	4
381	742	1	2	4
399	742	19	2	4
193	742	13	2	4
293	742	13	2	2
162	742	2	2	4
274	742	14	2	4
470	742	10	2	4
304	742	4	2	3
378	742	18	2	4
119	742	19	2	5
288	742	8	2	3
521	742	1	2	3
525	742	5	2	3
761	742	1	2	2
472	742	12	2	5
821	742	1	2	4
290	742	10	2	2
271	742	11	2	3
445	742	5	2	1
665	742	5	2	4
533	742	13	2	4
313	742	13	2	3
770	742	10	2	4
654	742	14	2	4
518	742	18	2	5
344	742	4	2	3
655	742	15	2	3
484	742	4	2	3
763	742	3	2	4
297	742	17	2	3
733	742	13	2	3
677	742	17	2	4
754	742	14	2	3
764	742	4	2	3
595	742	15	2	2
620	742	0	2	5
94	742	14	2	3
524	742	4	2	3
728	742	8	2	4
294	742	14	2	4
682	742	2	2	3
280	742	0	2	4
751	742	11	2	3
45	742	5	2	4
396	742	16	2	4
864	742	4	2	4
889	742	9	2	3
453	742	13	2	3
554	742	14	2	3
552	742	12	2	4
43	742	3	2	5
622	742	2	2	3
164	742	4	2	5
422	742	2	2	2
919	742	19	2	4
32	742	12	2	3
831	742	11	2	3
59	742	19	2	3
703	742	3	2	3
158	742	18	2	4
499	742	19	2	4
648	742	8	2	5
189	742	9	2	3
144	742	4	2	4
363	742	3	2	2
468	742	8	2	3
608	742	8	2	4
267	742	7	2	3
851	742	11	2	5
768	742	8	2	3
872	742	12	2	4
54	742	14	2	5
95	742	15	2	4
334	742	14	2	2
99	742	19	2	5
345	742	5	2	4
671	742	11	2	5
21	742	1	2	3
634	742	14	2	4
270	742	10	2	2
895	742	15	2	4
833	742	13	2	3
862	742	2	2	5
450	742	10	2	4
42	742	2	2	4
113	742	13	2	3
416	742	16	2	4
286	742	6	2	5
592	742	12	2	4
374	742	14	2	5
365	742	5	2	3
718	742	18	2	5
847	742	7	2	3
27	742	7	2	3
117	742	17	2	4
548	742	8	2	5
252	742	12	2	4
650	742	10	2	3
495	742	15	2	5
789	742	9	2	3
467	742	7	2	2
756	742	16	2	3
249	742	9	2	3
684	742	4	2	4
138	742	18	2	4
314	742	14	2	4
346	742	6	2	4
693	742	13	2	3
500	742	0	2	3
120	742	0	2	4
690	742	10	2	3
459	742	19	2	4
805	742	5	2	3
540	742	0	2	4
264	742	4	2	2
800	742	0	2	4
749	742	9	2	4
741	742	1	2	4
896	742	16	2	1
938	742	18	2	3
141	742	1	2	4
823	742	3	2	4
203	742	3	2	3
291	742	11	2	3
457	742	17	2	4
178	742	18	2	3
184	742	4	2	3
432	742	12	2	4
923	742	3	2	4
630	742	10	2	5
337	742	17	2	5
75	742	15	2	1
486	742	6	2	2
624	742	4	2	4
545	742	5	2	4
795	742	15	2	2
458	742	18	2	4
357	742	17	2	4
38	742	18	2	5
250	742	10	2	3
324	742	4	2	5
653	742	13	2	3
939	742	19	2	5
504	742	4	2	4
69	742	9	2	3
526	742	6	2	3
66	742	6	2	5
839	742	19	2	3
637	742	17	2	4
792	742	12	2	3
907	742	7	2	5
24	742	4	2	4
101	742	1	2	4
488	742	8	2	4
506	742	6	2	5
336	742	16	2	3
435	742	15	2	4
81	742	1	2	2
52	742	12	2	4
15	742	15	2	2
854	742	14	2	2
910	742	10	2	4
757	742	17	2	4
906	742	6	2	3
168	742	8	2	5
850	742	10	2	5
159	742	19	2	2
332	742	12	2	5
303	742	3	2	4
881	742	1	2	4
25	742	5	2	4
593	742	13	2	4
390	742	10	2	4
697	742	17	2	3
663	742	3	2	4
417	742	17	2	2
361	742	1	2	1
62	742	2	2	2
642	742	2	2	5
130	742	10	2	5
429	742	9	2	4
84	742	4	2	3
577	742	17	2	4
730	742	10	2	3
251	742	11	2	5
92	742	12	2	3
20	742	0	2	4
26	742	6	2	3
328	742	8	2	4
678	742	18	2	4
790	742	10	2	4
582	742	2	2	3
186	742	6	2	3
927	742	7	2	5
320	742	0	2	4
804	742	4	2	4
393	742	13	2	4
348	742	8	2	4
708	742	8	2	1
825	742	5	2	4
145	742	5	2	4
706	742	6	2	2
635	742	15	2	3
891	742	11	2	4
347	742	7	2	5
449	742	9	2	3
566	742	6	2	3
666	742	6	2	3
174	742	14	2	4
647	742	7	2	4
230	742	10	2	5
298	742	18	2	3
897	742	17	2	3
289	742	9	2	4
388	742	8	2	5
793	742	13	2	3
277	742	17	2	4
493	742	13	2	3
223	742	3	2	3
276	742	16	2	4
935	742	15	2	5
758	742	18	2	4
200	742	0	2	4
719	742	19	2	4
759	742	19	2	5
788	742	8	2	3
899	742	19	2	4
796	742	16	2	3
907	762	7	2	5
145	762	5	2	3
692	762	12	2	4
365	762	5	2	4
144	762	4	2	3
99	762	19	2	2
548	762	8	2	4
417	762	17	2	3
663	762	3	2	4
634	762	14	2	3
435	762	15	2	4
868	762	8	2	4
174	762	14	2	5
344	762	4	2	3
222	762	2	2	3
486	762	6	2	4
336	762	16	2	5
699	762	19	2	3
493	762	13	2	4
540	762	0	2	4
708	762	8	2	5
796	762	16	2	3
196	762	16	2	3
655	762	15	2	2
595	762	15	2	4
274	762	14	2	5
277	762	17	2	3
880	762	0	2	4
323	762	3	2	4
859	762	19	2	5
361	762	1	2	2
555	762	15	2	4
837	762	17	2	2
921	762	1	2	2
52	762	12	2	3
458	762	18	2	3
262	762	2	2	2
18	762	18	2	3
789	762	9	2	3
268	762	8	2	2
119	762	19	2	4
450	762	10	2	3
889	762	9	2	3
259	762	19	2	2
279	762	19	2	3
59	762	19	2	4
923	762	3	2	4
14	762	14	2	3
665	762	5	2	4
109	762	9	2	3
63	762	3	2	3
264	762	4	2	3
13	762	13	2	5
888	762	8	2	5
916	762	16	2	3
886	762	6	2	5
178	762	18	2	3
771	762	11	2	2
661	762	1	2	2
904	762	4	2	2
624	762	4	2	4
938	762	18	2	4
823	762	3	2	4
792	762	12	2	4
445	762	5	2	1
303	762	3	2	4
854	762	14	2	2
374	762	14	2	5
286	762	6	2	2
244	762	4	2	3
334	762	14	2	3
160	762	0	2	3
525	762	5	2	4
712	762	12	2	4
711	762	11	2	3
429	762	9	2	4
401	762	1	2	2
194	762	14	2	3
733	762	13	2	4
659	762	19	2	3
436	762	16	2	4
768	762	8	2	1
709	762	9	2	3
269	762	9	2	1
447	762	7	2	3
551	762	11	2	5
592	762	12	2	5
478	762	18	2	4
416	762	16	2	3
89	762	9	2	3
345	762	5	2	5
180	762	0	2	4
218	762	18	2	4
90	762	10	2	3
506	762	6	2	3
500	762	0	2	4
342	762	2	2	2
378	762	18	2	3
537	762	17	2	3
790	762	10	2	5
618	762	18	2	3
561	762	1	2	3
569	762	9	2	3
376	762	16	2	4
314	762	14	2	4
45	762	5	2	4
70	762	10	2	3
221	762	1	2	4
115	762	15	2	4
181	762	1	2	2
834	762	14	2	4
588	762	8	2	4
467	762	7	2	3
593	762	13	2	4
682	762	2	2	3
707	782	7	2	3
13	782	13	2	3
655	782	15	2	3
889	782	9	2	2
592	782	12	2	2
85	782	5	2	2
234	782	14	2	3
151	782	11	2	4
537	782	17	2	3
405	782	5	2	1
497	802	17	2	2
627	802	7	2	2
640	802	0	2	3
833	802	13	2	1
363	802	3	2	2
246	802	6	2	1
758	802	18	2	3
200	802	0	2	4
135	802	15	2	2
870	802	10	2	3
197	802	17	2	4
308	802	8	2	3
256	802	16	2	3
600	802	0	2	2
846	802	6	2	2
279	802	19	2	4
92	802	12	2	2
276	802	16	2	3
268	802	8	2	3
682	802	2	2	2
506	802	6	2	4
487	802	7	2	4
671	802	11	2	3
749	802	9	2	3
561	802	1	2	1
653	802	13	2	2
393	802	13	2	3
551	802	11	2	4
394	802	14	2	1
13	802	13	2	2
896	802	16	2	2
727	802	7	2	2
346	802	6	2	4
405	802	5	2	1
87	802	7	2	4
880	802	0	2	3
826	802	6	2	4
110	802	10	2	3
130	802	10	2	5
301	802	1	2	2
308	822	8	2	4
82	822	2	2	2
85	822	5	2	3
13	822	13	2	3
234	842	14	2	4
254	842	14	2	3
298	842	18	2	4
807	842	7	2	4
308	842	8	2	3
452	842	12	2	2
13	842	13	2	2
532	842	12	2	4
588	842	8	2	3
712	842	12	2	3
496	842	16	2	2
601	842	1	2	1
437	842	17	2	4
60	842	0	2	4
747	842	7	2	5
454	842	14	2	2
318	842	18	2	2
405	842	5	2	5
716	842	16	2	3
450	842	10	2	4
393	842	13	2	4
379	842	19	2	4
346	842	6	2	1
416	842	16	2	4
85	842	5	2	3
373	842	13	2	3
303	842	3	2	2
174	862	14	2	1
682	862	2	2	1
83	862	3	2	4
56	862	16	2	3
705	862	5	2	1
13	862	13	2	3
790	862	10	2	1
798	862	18	2	3
435	862	15	2	1
563	862	3	2	1
819	862	19	2	2
22	862	2	2	1
653	862	13	2	2
648	862	8	2	1
279	862	19	2	5
95	862	15	2	1
536	862	16	2	3
642	862	2	2	4
278	882	18	2	3
451	882	11	2	1
713	882	13	2	3
351	882	11	2	5
655	882	15	2	3
883	882	3	2	4
695	882	15	2	4
537	882	17	2	4
271	882	11	2	3
752	882	12	2	4
548	882	8	2	4
355	882	15	2	4
486	882	6	2	2
13	882	13	2	3
219	882	19	2	3
685	882	5	2	3
466	882	6	2	5
36	882	16	2	5
410	882	10	2	3
863	882	3	2	4
732	882	12	2	5
354	882	14	2	4
229	882	9	2	4
724	882	4	2	1
611	882	11	2	4
129	882	9	2	2
866	882	6	2	2
334	882	14	2	3
424	882	4	2	3
260	882	0	2	5
668	882	8	2	3
181	882	1	2	1
206	882	6	2	1
707	882	7	2	4
559	902	19	2	4
133	902	13	2	3
720	902	0	2	4
810	902	10	2	5
883	902	3	2	4
655	902	15	2	2
13	902	13	2	3
334	902	14	2	4
450	902	10	2	4
107	902	7	2	5
448	902	8	2	4
79	902	19	2	3
668	902	8	2	2
828	902	8	2	4
758	902	18	2	4
587	902	7	2	2
782	902	2	2	2
445	902	5	2	4
707	902	7	2	5
516	902	16	2	5
669	902	9	2	2
116	902	16	2	2
285	902	5	2	4
934	902	14	2	4
294	902	14	2	4
179	902	19	2	1
842	902	2	2	5
880	902	0	2	4
466	902	6	2	5
475	902	15	2	5
335	902	15	2	5
752	902	12	2	5
174	902	14	2	3
863	902	3	2	5
276	902	16	2	4
499	902	19	2	5
269	902	9	2	5
822	902	2	2	4
273	902	13	2	5
489	902	9	2	4
676	902	16	2	4
894	902	14	2	3
276	922	16	2	4
14	922	14	2	4
456	922	16	2	4
657	922	17	2	4
592	922	12	2	3
132	922	12	2	5
385	922	5	2	4
637	922	17	2	1
279	922	19	2	3
854	922	14	2	5
354	922	14	2	4
151	922	11	2	4
634	922	14	2	4
733	922	13	2	3
422	922	2	2	4
682	922	2	2	3
334	922	14	2	4
269	922	9	2	5
160	922	0	2	5
115	922	15	2	3
501	922	1	2	4
805	922	5	2	5
498	922	18	2	5
181	922	1	2	1
92	922	12	2	1
758	922	18	2	5
894	922	14	2	4
754	922	14	2	3
883	922	3	2	5
581	922	1	2	5
868	922	8	2	5
537	922	17	2	3
595	922	15	2	4
393	922	13	2	4
321	942	1	2	3
846	942	6	2	4
896	942	16	2	4
311	942	11	2	5
128	942	8	2	5
642	942	2	2	4
280	942	0	2	5
293	942	13	2	4
606	942	6	2	4
116	942	16	2	3
405	942	5	2	1
659	942	19	2	3
537	942	17	2	3
389	942	9	2	3
504	942	4	2	4
387	942	7	2	4
339	942	19	2	4
655	942	15	2	4
198	942	18	2	4
234	942	14	2	3
314	942	14	2	3
16	942	16	2	4
561	942	1	2	3
805	942	5	2	3
144	942	4	2	4
524	942	4	2	4
455	942	15	2	4
213	942	13	2	4
385	942	5	2	2
618	942	18	2	2
454	942	14	2	2
184	942	4	2	3
721	942	1	2	4
535	942	15	2	4
682	942	2	2	2
416	942	16	2	4
627	942	7	2	2
308	942	8	2	3
90	942	10	2	4
276	942	16	2	4
450	942	10	2	5
693	942	13	2	2
406	942	6	2	4
94	942	14	2	4
378	942	18	2	3
90	962	10	2	2
655	962	15	2	5
527	962	7	2	3
201	962	1	2	4
354	962	14	2	4
327	962	7	2	3
618	962	18	2	1
639	962	19	2	1
299	962	19	2	4
144	962	4	2	4
406	962	6	2	4
666	962	6	2	3
308	962	8	2	4
676	962	16	2	4
667	962	7	2	2
18	962	18	2	4
539	962	19	2	4
535	962	15	2	4
123	962	3	2	3
707	962	7	2	2
224	962	4	2	2
151	962	11	2	1
918	962	18	2	4
804	982	4	2	4
195	982	15	2	2
21	982	1	2	1
727	982	7	2	4
255	982	15	2	2
130	982	10	2	1
386	982	6	2	3
181	982	1	2	1
543	982	3	2	3
200	982	0	2	2
332	982	12	2	3
718	982	18	2	4
279	982	19	2	3
347	982	7	2	1
825	982	5	2	5
256	982	16	2	3
532	982	12	2	3
393	982	13	2	3
119	982	19	2	4
862	982	2	2	4
805	1002	5	2	1
268	1002	8	2	1
22	1002	2	2	1
880	1002	0	2	3
181	1002	1	2	1
145	1002	5	2	1
159	1002	19	2	3
472	1002	12	2	4
655	1022	15	2	3
31	1022	11	2	5
196	1022	16	2	4
592	1022	12	2	5
707	1022	7	2	3
310	1022	10	2	5
171	1022	11	2	3
204	1022	4	2	5
567	1022	7	2	5
758	1022	18	2	5
451	1022	11	2	4
845	1022	5	2	2
206	1022	6	2	1
448	1022	8	2	5
247	1022	7	2	4
146	1022	6	2	5
871	1022	11	2	3
523	1022	3	2	4
379	1022	19	2	3
931	1022	11	2	1
697	1022	17	2	1
521	1022	1	2	4
181	1022	1	2	1
889	1022	9	2	4
646	1022	6	2	4
385	1022	5	2	3
863	1022	3	2	2
47	1022	7	2	3
257	1022	17	2	2
79	1022	19	2	5
307	1022	7	2	4
574	1022	14	2	2
256	1042	16	2	5
788	1042	8	2	3
378	1042	18	2	3
405	1042	5	2	1
328	1042	8	2	3
586	1042	6	2	4
399	1042	19	2	3
332	1042	12	2	4
291	1042	11	2	4
92	1042	12	2	3
655	1042	15	2	2
311	1042	11	2	3
870	1042	10	2	2
222	1042	2	2	4
796	1042	16	2	4
653	1042	13	2	2
690	1042	10	2	4
186	1042	6	2	5
916	1042	16	2	3
896	1042	16	2	2
293	1042	13	2	3
554	1042	14	2	3
276	1042	16	2	1
374	1042	14	2	5
42	1042	2	2	3
577	1042	17	2	4
497	1042	17	2	3
727	1042	7	2	2
574	1062	14	2	5
863	1062	3	2	4
655	1062	15	2	3
206	1062	6	2	3
405	1062	5	2	1
724	1062	4	2	1
519	1062	19	2	5
696	1062	16	2	4
46	1062	6	2	5
720	1062	0	2	5
448	1062	8	2	5
828	1062	8	2	4
49	1082	9	2	3
782	1082	2	2	3
655	1082	15	2	3
116	1082	16	2	3
345	1082	5	2	2
486	1082	6	2	2
592	1082	12	2	3
344	1082	4	2	2
145	1102	5	2	1
637	1102	17	2	3
236	1102	16	2	4
798	1102	18	2	4
58	1102	18	2	1
207	1102	7	2	3
181	1102	1	2	1
60	1122	0	2	5
65	1142	5	2	4
479	1142	19	2	5
344	1142	4	2	5
360	1142	0	2	4
69	1142	9	2	4
298	1142	18	2	4
467	1142	7	2	5
655	1142	15	2	2
292	1142	12	2	4
889	1142	9	2	4
141	1142	1	2	1
533	1142	13	2	4
707	1142	7	2	1
793	1142	13	2	5
130	1142	10	2	4
310	1142	10	2	5
498	1142	18	2	4
136	1142	16	2	4
392	1142	12	2	5
198	1142	18	2	5
437	1142	17	2	4
758	1142	18	2	5
486	1142	6	2	5
747	1142	7	2	4
733	1142	13	2	4
473	1142	13	2	5
144	1142	4	2	5
92	1142	12	2	4
382	1142	2	2	3
449	1142	9	2	4
894	1142	14	2	4
303	1142	3	2	4
447	1142	7	2	5
595	1142	15	2	5
592	1142	12	2	5
903	1142	3	2	5
116	1142	16	2	4
460	1142	0	2	4
782	1142	2	2	3
160	1142	0	2	5
296	1142	16	2	5
614	1142	14	2	3
279	1142	19	2	1
634	1142	14	2	3
82	1162	2	2	1
181	1162	1	2	1
532	1162	12	2	2
634	1162	14	2	1
279	1162	19	2	3
303	1182	3	2	2
417	1182	17	2	3
87	1182	7	2	3
110	1182	10	2	2
393	1182	13	2	3
286	1182	6	2	2
774	1182	14	2	1
279	1182	19	2	3
405	1182	5	2	1
495	1182	15	2	3
280	1182	0	2	3
642	1182	2	2	2
846	1182	6	2	2
334	1202	14	2	4
286	1202	6	2	3
936	1202	16	2	4
181	1202	1	2	1
119	1202	19	2	4
406	1202	6	2	3
90	1202	10	2	5
486	1202	6	2	4
450	1222	10	2	3
883	1222	3	2	5
425	1222	5	2	2
896	1222	16	2	2
727	1222	7	2	1
880	1222	0	2	4
826	1222	6	2	3
95	1222	15	2	2
110	1222	10	2	2
671	1222	11	2	3
715	1222	15	2	2
804	1222	4	2	3
94	1222	14	2	3
246	1222	6	2	3
109	1222	9	2	4
429	1222	9	2	3
456	1222	16	2	2
346	1222	6	2	4
197	1222	17	2	3
268	1222	8	2	2
405	1222	5	2	1
311	1222	11	2	3
217	1222	17	2	1
682	1222	2	2	3
303	1222	3	2	3
207	1242	7	2	5
181	1242	1	2	1
409	1242	9	2	2
106	1242	6	2	4
279	1242	19	2	1
543	1262	3	2	2
416	1262	16	2	5
437	1262	17	2	3
889	1262	9	2	3
608	1262	8	2	5
655	1262	15	2	3
119	1262	19	2	3
174	1262	14	2	5
271	1282	11	2	2
798	1282	18	2	3
717	1282	17	2	4
790	1282	10	2	5
174	1282	14	2	5
533	1282	13	2	3
141	1282	1	2	3
181	1282	1	2	1
450	1282	10	2	3
486	1302	6	2	3
181	1302	1	2	1
157	1302	17	2	5
782	1302	2	2	3
499	1302	19	2	5
374	1322	14	2	3
299	1322	19	2	3
181	1322	1	2	1
486	1322	6	2	3
769	1322	9	2	2
655	1322	15	2	2
181	1342	1	2	1
662	1342	2	2	4
181	1362	1	2	1
552	1362	12	2	3
181	1382	1	2	1
405	1382	5	2	1
782	1382	2	2	3
869	1382	9	2	3
450	1402	10	2	2
279	1402	19	2	1
189	1402	9	2	4
877	1402	17	2	4
201	1422	1	2	2
405	1422	5	2	1
875	1422	15	2	3
498	1422	18	2	3
405	1442	5	2	1
504	1442	4	2	3
224	1442	4	2	3
541	1442	1	2	1
721	1442	1	2	4
655	1462	15	2	3
234	1462	14	2	3
894	1462	14	2	3
257	1462	17	2	5
883	1462	3	2	5
828	1462	8	2	3
385	1462	5	2	4
276	1482	16	2	4
532	1502	12	2	1
286	1502	6	2	2
436	1522	16	2	2
693	1522	13	2	3
320	1522	0	2	3
405	1522	5	2	1
504	1522	4	2	3
896	1522	16	2	2
796	1522	16	2	3
399	1542	19	2	2
495	1542	15	2	4
405	1562	5	2	1
405	1582	5	2	1
448	1602	8	2	4
655	1602	15	2	3
860	1602	0	2	3
896	1622	16	2	2
828	1622	8	2	1
565	1622	5	2	4
707	1642	7	2	5
655	1642	15	2	4
782	1662	2	2	4
762	1662	2	2	1
916	1682	16	2	3
