308	19	8	19	3
878	19	18	19	4
264	19	4	19	5
144	19	4	19	4
420	19	0	19	3
18	19	18	19	3
334	19	14	19	4
537	19	17	19	4
937	19	17	19	1
585	19	5	19	3
919	19	19	19	4
699	19	19	19	4
2	19	2	19	3
639	19	19	19	4
383	19	3	19	4
497	19	17	19	4
514	19	14	19	4
131	19	11	19	4
896	19	16	19	2
463	19	3	19	5
321	19	1	19	4
6	19	6	19	4
90	19	10	19	3
828	19	8	19	5
1	19	1	19	5
316	19	16	19	5
936	19	16	19	5
733	19	13	19	5
468	19	8	19	4
655	19	15	19	2
23	19	3	19	4
459	19	19	19	3
907	19	7	19	5
470	19	10	19	4
306	19	6	19	5
794	19	14	19	4
181	19	1	19	1
79	19	19	19	5
354	19	14	19	5
136	19	16	19	4
854	19	14	19	3
539	19	19	19	5
569	19	9	19	5
14	19	14	19	5
227	19	7	19	4
491	19	11	19	4
837	19	17	19	4
876	19	16	19	5
913	19	13	19	5
701	19	1	19	5
299	19	19	19	1
894	19	14	19	4
296	19	16	19	5
607	19	7	19	3
725	19	5	19	5
503	19	3	19	5
558	19	18	19	5
460	19	0	19	5
594	19	14	19	3
430	19	10	19	5
402	19	2	19	4
533	19	13	19	3
883	19	3	19	2
857	19	17	19	4
590	19	10	19	5
52	19	12	19	5
344	19	4	19	4
527	19	7	19	3
561	19	1	19	3
239	39	19	19	5
49	39	9	19	2
826	39	6	19	4
94	39	14	19	3
548	39	8	19	5
268	39	8	19	3
178	39	18	19	2
7	39	7	19	5
738	39	18	19	3
425	39	5	19	4
804	39	4	19	2
535	39	15	19	4
201	39	1	19	1
442	39	2	19	3
375	39	15	19	3
496	39	16	19	5
795	39	15	19	4
796	39	16	19	3
158	39	18	19	5
374	39	14	19	4
287	39	7	19	5
627	39	7	19	4
436	39	16	19	3
249	39	9	19	4
311	39	11	19	4
429	39	9	19	3
682	39	2	19	4
889	39	9	19	2
883	39	3	19	4
301	39	1	19	3
586	39	6	19	4
450	39	10	19	4
295	39	15	19	4
693	39	13	19	3
567	39	7	19	3
406	39	6	19	4
933	39	13	19	3
145	39	5	19	4
218	39	18	19	2
629	39	9	19	2
135	39	15	19	3
59	39	19	19	4
455	39	15	19	2
387	39	7	19	3
524	39	4	19	5
643	39	3	19	4
329	39	9	19	2
363	39	3	19	4
352	39	12	19	5
214	39	14	19	4
435	39	15	19	3
916	39	16	19	4
645	39	5	19	3
727	39	7	19	2
758	39	18	19	2
747	39	7	19	4
399	39	19	19	2
1	39	1	19	4
443	39	3	19	1
846	39	6	19	3
619	39	19	19	2
763	39	3	19	4
87	39	7	19	3
92	39	12	19	3
11	39	11	19	3
497	39	17	19	3
896	39	16	19	2
293	39	13	19	3
259	39	19	19	4
847	39	7	19	2
221	39	1	19	4
405	39	5	19	1
500	39	0	19	4
880	39	0	19	4
715	39	15	19	3
468	39	8	19	3
601	39	1	19	1
394	39	14	19	4
16	39	16	19	5
417	39	17	19	3
648	39	8	19	3
13	39	13	19	3
276	39	16	19	3
130	39	10	19	4
537	39	17	19	2
344	39	4	19	3
197	39	17	19	2
773	59	13	19	5
385	59	5	19	2
457	59	17	19	5
59	59	19	19	5
279	59	19	19	4
90	59	10	19	5
846	59	6	19	4
433	59	13	19	5
641	59	1	19	4
639	59	19	19	3
493	59	13	19	5
645	59	5	19	5
354	59	14	19	5
450	59	10	19	4
160	59	0	19	4
763	59	3	19	5
177	59	17	19	4
381	59	1	19	3
456	59	16	19	4
585	59	5	19	4
268	59	8	19	5
382	59	2	19	5
592	59	12	19	4
543	59	3	19	4
608	59	8	19	5
527	59	7	19	5
195	59	15	19	3
10	59	10	19	4
331	59	11	19	5
207	59	7	19	4
305	59	5	19	3
567	59	7	19	5
189	59	9	19	3
535	59	15	19	3
389	59	9	19	5
321	59	1	19	4
877	59	17	19	5
269	59	9	19	4
889	59	9	19	4
257	59	17	19	5
474	59	14	19	3
378	59	18	19	4
409	59	9	19	5
405	59	5	19	1
144	59	4	19	4
380	59	0	19	4
358	59	18	19	4
361	59	1	19	4
883	59	3	19	5
855	59	15	19	3
60	59	0	19	5
539	59	19	19	5
221	59	1	19	2
201	59	1	19	4
868	59	8	19	4
76	59	16	19	4
6	59	6	19	5
334	59	14	19	5
391	59	11	19	5
145	59	5	19	1
62	59	2	19	4
537	59	17	19	3
308	59	8	19	4
498	59	18	19	4
453	59	13	19	2
392	59	12	19	4
13	59	13	19	4
106	59	6	19	4
500	59	0	19	4
894	59	14	19	5
878	59	18	19	3
712	59	12	19	2
299	59	19	19	5
655	59	15	19	4
903	59	3	19	4
18	59	18	19	4
73	59	13	19	5
862	59	2	19	5
449	59	9	19	5
1	59	1	19	5
568	59	8	19	1
23	59	3	19	4
828	59	8	19	5
85	79	5	19	3
537	79	17	19	3
554	79	14	19	5
301	79	1	19	5
700	79	0	19	3
160	79	0	19	4
184	79	4	19	3
6	79	6	19	3
660	79	0	19	2
493	79	13	19	5
249	79	9	19	5
807	79	7	19	5
619	79	19	19	5
230	79	10	19	5
42	79	2	19	5
921	79	1	19	4
394	79	14	19	5
294	79	14	19	4
405	79	5	19	5
193	79	13	19	4
790	79	10	19	4
575	79	15	19	5
37	79	17	19	4
326	79	6	19	4
328	79	8	19	4
588	79	8	19	4
780	79	0	19	4
551	79	11	19	5
850	79	10	19	5
618	79	18	19	5
655	79	15	19	5
667	79	7	19	3
771	79	11	19	1
826	79	6	19	4
608	79	8	19	5
753	79	13	19	4
785	79	5	19	4
452	79	12	19	4
622	79	2	19	5
381	79	1	19	3
756	79	16	19	4
69	79	9	19	4
882	79	2	19	5
867	79	7	19	4
738	79	18	19	3
846	79	6	19	4
881	79	1	19	4
586	79	6	19	4
763	79	3	19	5
11	79	11	19	4
623	79	3	19	5
535	79	15	19	3
57	79	17	19	5
709	79	9	19	3
276	79	16	19	4
379	79	19	19	5
897	79	17	19	5
862	79	2	19	5
55	79	15	19	5
125	79	5	19	5
18	79	18	19	4
749	79	9	19	4
606	79	6	19	3
632	79	12	19	5
56	79	16	19	4
840	79	0	19	4
346	79	6	19	5
308	79	8	19	4
538	79	18	19	4
648	79	8	19	5
690	79	10	19	4
577	79	17	19	4
7	79	7	19	4
425	79	5	19	4
716	79	16	19	4
135	79	15	19	3
568	79	8	19	4
31	79	11	19	2
393	79	13	19	4
292	79	12	19	5
188	79	8	19	5
498	79	18	19	3
640	79	0	19	5
216	79	16	19	4
592	79	12	19	4
124	79	4	19	3
102	79	2	19	2
29	79	9	19	4
886	79	6	19	5
710	79	10	19	4
610	79	10	19	3
751	79	11	19	4
13	79	13	19	3
503	79	3	19	5
389	79	9	19	4
851	79	11	19	4
927	79	7	19	3
543	79	3	19	4
411	79	11	19	4
885	79	5	19	4
360	79	0	19	4
562	79	2	19	4
647	79	7	19	4
118	79	18	19	5
864	79	4	19	5
87	79	7	19	5
59	79	19	19	5
478	79	18	19	4
889	79	9	19	3
495	79	15	19	5
907	79	7	19	5
38	79	18	19	3
320	79	0	19	4
91	79	11	19	5
334	79	14	19	4
871	79	11	19	5
541	79	1	19	5
97	79	17	19	5
84	79	4	19	4
75	79	15	19	5
806	79	6	19	3
524	79	4	19	4
458	79	18	19	5
270	79	10	19	4
821	79	1	19	5
373	79	13	19	4
235	79	15	19	4
296	79	16	19	4
747	79	7	19	4
263	79	3	19	4
248	79	8	19	3
522	79	2	19	3
409	79	9	19	4
380	79	0	19	4
115	79	15	19	4
548	79	8	19	5
650	79	10	19	3
902	79	2	19	5
162	79	2	19	4
64	79	4	19	4
445	79	5	19	4
880	79	0	19	4
682	79	2	19	4
892	79	12	19	5
94	79	14	19	4
758	79	18	19	4
268	79	8	19	3
877	79	17	19	4
272	79	12	19	5
715	79	15	19	5
854	79	14	19	4
151	79	11	19	4
280	79	0	19	4
536	79	16	19	4
532	79	12	19	5
398	79	18	19	4
711	79	11	19	4
778	79	18	19	3
447	79	7	19	3
180	79	0	19	3
239	79	19	19	3
705	79	5	19	5
600	79	0	19	4
528	79	8	19	5
137	79	17	19	5
883	79	3	19	4
459	79	19	19	3
311	79	11	19	4
253	79	13	19	5
429	79	9	19	4
371	79	11	19	5
210	79	10	19	4
372	79	12	19	5
417	79	17	19	3
748	79	8	19	4
795	79	15	19	2
514	79	14	19	4
567	79	7	19	2
363	79	3	19	2
454	79	14	19	4
442	79	2	19	3
741	79	1	19	4
693	79	13	19	4
691	79	11	19	5
805	79	5	19	5
99	79	19	19	4
347	79	7	19	5
505	79	5	19	3
455	79	15	19	4
896	79	16	19	5
487	79	7	19	5
279	79	19	19	3
457	79	17	19	5
712	79	12	19	4
653	79	13	19	4
815	79	15	19	4
80	79	0	19	4
466	79	6	19	3
671	79	11	19	2
508	79	8	19	2
24	79	4	19	4
943	79	3	19	5
798	79	18	19	4
479	79	19	19	4
207	79	7	19	4
234	79	14	19	3
472	79	12	19	5
70	79	10	19	4
437	79	17	19	4
81	79	1	19	5
406	79	6	19	3
643	79	3	19	4
177	79	17	19	4
788	79	8	19	4
627	79	7	19	3
16	79	16	19	5
145	79	5	19	5
774	79	14	19	2
128	79	8	19	4
378	79	18	19	4
214	79	14	19	4
96	79	16	19	4
95	79	15	19	4
474	79	14	19	5
221	79	1	19	4
305	79	5	19	3
456	79	16	19	3
916	79	16	19	3
313	79	13	19	5
90	79	10	19	4
293	79	13	19	3
82	79	2	19	3
593	79	13	19	4
201	79	1	19	4
833	79	13	19	3
561	79	1	19	3
497	79	17	19	4
23	79	3	19	4
344	79	4	19	4
545	79	5	19	4
664	79	4	19	4
352	79	12	19	4
661	79	1	19	5
291	79	11	19	5
329	79	9	19	4
659	79	19	19	4
913	79	13	19	4
942	79	2	19	5
591	79	11	19	4
338	79	18	19	4
746	79	6	19	5
200	79	0	19	5
197	79	17	19	5
343	79	3	19	4
669	79	9	19	2
435	79	15	19	4
830	79	10	19	4
251	79	11	19	5
5	79	5	19	3
933	79	13	19	3
22	79	2	19	4
213	79	13	19	5
345	79	5	19	4
421	79	1	19	4
271	79	11	19	4
158	79	18	19	4
43	79	3	19	4
899	79	19	19	5
186	79	6	19	5
110	79	10	19	4
908	79	8	19	4
903	79	3	19	4
506	79	6	19	5
870	79	10	19	4
488	79	8	19	4
327	79	7	19	3
109	79	9	19	5
72	79	12	19	4
63	79	3	19	3
823	79	3	19	4
719	79	19	19	4
194	79	14	19	3
130	79	10	19	5
217	79	17	19	5
1	79	1	19	4
804	79	4	19	4
298	79	18	19	5
354	79	14	19	2
605	79	5	19	5
621	79	1	19	5
222	79	2	19	5
686	79	6	19	4
236	79	16	19	4
843	79	3	19	2
387	79	7	19	4
399	79	19	19	3
521	79	1	19	4
189	79	9	19	3
745	79	5	19	3
332	79	12	19	5
303	79	3	19	5
297	79	17	19	3
665	79	5	19	3
178	79	18	19	4
633	79	13	19	5
339	79	19	19	4
847	79	7	19	4
419	79	19	19	4
83	79	3	19	5
361	79	1	19	4
385	79	5	19	3
757	79	17	19	4
92	79	12	19	4
416	79	16	19	5
453	79	13	19	3
333	79	13	19	3
25	79	5	19	4
323	79	3	19	4
60	79	0	19	4
739	79	19	19	4
198	79	18	19	3
8	79	8	19	4
295	79	15	19	4
673	79	13	19	5
484	79	4	19	5
654	79	14	19	5
666	79	6	19	3
450	79	10	19	4
28	79	8	19	4
256	79	16	19	5
727	79	7	19	4
374	79	14	19	4
315	79	15	19	4
153	79	13	19	5
480	79	0	19	4
796	79	16	19	5
94	99	14	19	3
632	99	12	19	5
393	99	13	19	3
308	99	8	19	4
313	99	13	19	4
268	99	8	19	3
705	99	5	19	3
409	99	9	19	3
942	99	2	19	5
710	99	10	19	4
887	99	7	19	5
756	99	16	19	3
588	99	8	19	5
471	99	11	19	2
387	99	7	19	5
807	99	7	19	5
167	99	7	19	4
537	99	17	19	2
392	99	12	19	5
592	99	12	19	5
194	99	14	19	3
7	99	7	19	5
897	99	17	19	5
840	99	0	19	5
880	99	0	19	3
450	99	10	19	4
295	99	15	19	4
504	99	4	19	3
458	99	18	19	4
429	99	9	19	3
95	99	15	19	4
339	99	19	19	4
437	99	17	19	4
298	99	18	19	3
290	99	10	19	4
276	99	16	19	4
5	99	5	19	3
826	99	6	19	3
847	99	7	19	2
622	99	2	19	4
262	99	2	19	3
487	99	7	19	4
878	99	18	19	4
299	99	19	19	3
85	99	5	19	5
330	99	10	19	4
42	99	2	19	5
311	99	11	19	5
734	99	14	19	4
711	99	11	19	3
1	99	1	19	3
620	99	0	19	3
650	99	10	19	4
542	99	2	19	5
189	99	9	19	5
286	99	6	19	4
927	99	7	19	2
91	99	11	19	2
541	99	1	19	4
763	99	3	19	4
830	99	10	19	3
293	99	13	19	3
882	99	2	19	5
848	99	8	19	3
843	99	3	19	2
862	99	2	19	4
618	99	18	19	3
399	99	19	19	3
407	99	7	19	4
553	99	13	19	5
751	99	11	19	4
320	99	0	19	4
642	99	2	19	2
234	99	14	19	5
279	99	19	19	3
606	99	6	19	4
303	99	3	19	4
291	99	11	19	4
18	99	18	19	5
195	99	15	19	3
174	99	14	19	3
233	99	13	19	3
881	99	1	19	3
385	99	5	19	2
521	99	1	19	3
686	99	6	19	5
59	99	19	19	4
885	99	5	19	4
804	99	4	19	4
483	99	3	19	3
327	99	7	19	4
601	99	1	19	3
805	99	5	19	2
545	99	5	19	4
846	99	6	19	4
417	99	17	19	4
426	99	6	19	4
378	99	18	19	4
401	99	1	19	4
815	99	15	19	4
911	99	11	19	3
280	99	0	19	2
222	99	2	19	3
82	99	2	19	4
301	99	1	19	4
23	99	3	19	4
456	99	16	19	3
334	99	14	19	4
758	99	18	19	3
49	99	9	19	4
505	99	5	19	4
932	99	12	19	4
215	99	15	19	4
766	99	6	19	3
865	99	5	19	1
130	99	10	19	5
102	99	2	19	2
389	99	9	19	5
325	99	5	19	5
201	99	1	19	3
764	99	4	19	4
660	99	0	19	2
716	99	16	19	5
844	99	4	19	3
497	99	17	19	3
452	99	12	19	3
200	99	0	19	5
864	99	4	19	3
749	99	9	19	5
712	99	12	19	4
254	99	14	19	3
314	99	14	19	4
693	99	13	19	3
532	99	12	19	5
527	99	7	19	3
246	99	6	19	3
922	99	2	19	4
796	99	16	19	3
230	99	10	19	3
892	99	12	19	3
454	99	14	19	3
70	99	10	19	4
44	99	4	19	4
128	99	8	19	4
406	99	6	19	5
436	99	16	19	3
577	99	17	19	3
643	99	3	19	4
913	99	13	19	4
347	99	7	19	3
496	99	16	19	3
16	99	16	19	5
405	99	5	19	5
472	99	12	19	3
13	99	13	19	4
263	99	3	19	3
561	99	1	19	3
381	99	1	19	5
307	99	7	19	4
453	99	13	19	3
275	99	15	19	3
474	99	14	19	4
934	99	14	19	3
373	99	13	19	5
38	99	18	19	5
919	99	19	19	4
416	99	16	19	4
10	99	10	19	5
747	99	7	19	5
178	99	18	19	4
210	99	10	19	4
786	99	6	19	4
1	119	1	19	5
234	119	14	19	3
344	119	4	19	5
932	119	12	19	5
758	139	18	19	4
532	139	12	19	5
279	139	19	19	3
380	139	0	19	1
653	139	13	19	2
200	139	0	19	3
405	139	5	19	3
303	139	3	19	3
373	139	13	19	3
749	139	9	19	4
339	139	19	19	3
174	139	14	19	3
38	139	18	19	2
437	139	17	19	3
943	139	3	19	1
70	139	10	19	3
536	139	16	19	4
286	139	6	19	3
269	139	9	19	1
881	139	1	19	3
268	139	8	19	2
1	139	1	19	3
95	139	15	19	4
868	139	8	19	1
290	139	10	19	2
846	139	6	19	2
790	139	10	19	2
807	139	7	19	2
660	139	0	19	2
435	139	15	19	2
7	139	7	19	3
541	139	1	19	3
83	139	3	19	3
399	139	19	19	3
308	139	8	19	3
313	139	13	19	3
495	139	15	19	2
5	139	5	19	3
642	139	2	19	1
293	139	13	19	3
450	139	10	19	5
276	139	16	19	4
497	139	17	19	3
381	139	1	19	3
504	139	4	19	3
417	139	17	19	3
545	139	5	19	3
393	139	13	19	4
804	139	4	19	3
896	139	16	19	2
551	159	11	19	4
643	159	3	19	3
868	159	8	19	2
347	159	7	19	4
92	159	12	19	4
130	159	10	19	4
12	159	12	19	4
363	159	3	19	1
291	159	11	19	4
416	159	16	19	1
222	159	2	19	3
186	159	6	19	5
389	159	9	19	2
659	159	19	19	4
436	159	16	19	4
267	159	7	19	4
788	159	8	19	3
194	159	14	19	3
749	159	9	19	4
815	159	15	19	3
246	159	6	19	3
671	159	11	19	5
790	159	10	19	3
378	159	18	19	3
44	159	4	19	3
442	159	2	19	4
398	159	18	19	3
715	159	15	19	3
561	159	1	19	1
823	159	3	19	3
892	159	12	19	4
633	159	13	19	4
109	159	9	19	4
886	159	6	19	2
407	159	7	19	3
716	159	16	19	4
860	159	0	19	3
877	159	17	19	4
94	159	14	19	3
655	159	15	19	3
429	159	9	19	3
756	159	16	19	4
381	159	1	19	3
622	159	2	19	3
618	159	18	19	3
293	159	13	19	3
796	159	16	19	3
763	159	3	19	3
690	159	10	19	3
660	159	0	19	1
193	159	13	19	4
588	159	8	19	1
49	159	9	19	2
864	159	4	19	4
664	159	4	19	3
851	159	11	19	3
301	159	1	19	3
896	159	16	19	2
303	159	3	19	3
758	159	18	19	3
693	159	13	19	4
346	159	6	19	4
343	159	3	19	2
455	159	15	19	3
682	159	2	19	3
916	159	16	19	3
62	159	2	19	3
332	159	12	19	5
435	159	15	19	5
1	159	1	19	3
468	159	8	19	3
500	159	0	19	2
521	159	1	19	3
339	159	19	19	3
804	159	4	19	4
843	159	3	19	2
250	159	10	19	4
727	159	7	19	2
933	159	13	19	3
295	159	15	19	4
650	159	10	19	3
276	159	16	19	3
632	159	12	19	3
374	159	14	19	4
128	159	8	19	4
372	159	12	19	5
215	159	15	19	3
270	159	10	19	4
593	159	13	19	4
586	159	6	19	4
320	159	0	19	4
188	159	8	19	3
328	159	8	19	3
268	159	8	19	2
280	159	0	19	4
417	159	17	19	4
922	159	2	19	3
889	159	9	19	3
145	159	5	19	4
833	159	13	19	2
183	159	3	19	4
406	179	6	19	5
343	179	3	19	5
648	179	8	19	4
840	179	0	19	5
18	179	18	19	4
694	179	14	19	4
299	179	19	19	4
577	179	17	19	2
325	179	5	19	5
508	179	8	19	4
371	179	11	19	3
268	179	8	19	4
617	179	17	19	4
13	179	13	19	2
162	179	2	19	3
655	179	15	19	4
305	179	5	19	1
417	179	17	19	4
774	179	14	19	5
286	179	6	19	5
339	179	19	19	5
661	179	1	19	4
457	179	17	19	4
885	179	5	19	1
838	179	18	19	5
387	179	7	19	5
361	179	1	19	4
881	179	1	19	5
212	179	12	19	1
498	179	18	19	4
751	179	11	19	4
435	179	15	19	5
880	179	0	19	4
861	179	1	19	1
521	179	1	19	4
118	179	18	19	5
87	179	7	19	4
933	179	13	19	5
234	179	14	19	3
522	179	2	19	5
49	179	9	19	5
458	179	18	19	4
886	179	6	19	2
542	179	2	19	4
659	179	19	19	1
128	179	8	19	3
248	179	8	19	3
773	179	13	19	5
429	179	9	19	3
543	179	3	19	4
848	179	8	19	5
189	179	9	19	5
114	179	14	19	5
456	179	16	19	5
236	179	16	19	1
90	179	10	19	5
650	179	10	19	2
109	179	9	19	4
262	179	2	19	4
625	179	5	19	4
92	179	12	19	5
855	179	15	19	3
766	179	6	19	4
805	179	5	19	4
875	179	15	19	5
342	179	2	19	5
416	179	16	19	2
130	179	10	19	4
65	179	5	19	3
178	179	18	19	2
757	179	17	19	4
601	179	1	19	5
666	179	6	19	5
219	179	19	19	5
214	179	14	19	5
815	179	15	19	2
643	179	3	19	4
198	179	18	19	4
202	179	2	19	1
844	179	4	19	3
367	179	7	19	5
291	179	11	19	5
436	179	16	19	3
235	179	15	19	5
565	179	5	19	5
487	179	7	19	3
561	179	1	19	4
523	179	3	19	3
916	179	16	19	3
210	179	10	19	3
95	179	15	19	3
627	179	7	19	5
374	179	14	19	1
870	179	10	19	4
721	179	1	19	5
897	179	17	19	3
226	179	6	19	4
843	179	3	19	4
407	179	7	19	3
437	179	17	19	4
308	179	8	19	4
323	179	3	19	4
250	179	10	19	4
606	179	6	19	5
334	179	14	19	4
835	179	15	19	5
60	179	0	19	4
828	179	8	19	4
59	179	19	19	5
117	179	17	19	5
833	179	13	19	5
504	179	4	19	1
201	179	1	19	5
786	179	6	19	4
527	179	7	19	3
177	179	17	19	5
264	179	4	19	5
311	179	11	19	2
363	179	3	19	4
727	179	7	19	3
862	179	2	19	5
276	179	16	19	5
1	179	1	19	3
495	179	15	19	5
394	179	14	19	5
749	179	9	19	4
378	179	18	19	2
237	179	17	19	4
73	179	13	19	5
918	179	18	19	2
890	179	10	19	5
896	179	16	19	2
474	179	14	19	5
758	179	18	19	5
239	179	19	19	5
682	179	2	19	4
748	179	8	19	4
579	179	19	19	3
806	179	6	19	5
894	179	14	19	5
271	179	11	19	4
664	179	4	19	4
200	179	0	19	4
77	179	17	19	5
409	179	9	19	5
244	179	4	19	5
85	179	5	19	4
535	179	15	19	4
913	179	13	19	3
380	179	0	19	3
301	179	1	19	3
899	179	19	19	2
660	179	0	19	4
567	179	7	19	5
568	179	8	19	2
449	179	9	19	4
389	179	9	19	4
686	179	6	19	5
215	179	15	19	4
303	179	3	19	5
269	179	9	19	4
903	179	3	19	5
653	179	13	19	4
500	179	0	19	4
514	179	14	19	4
537	179	17	19	4
369	179	9	19	4
645	179	5	19	5
465	179	5	19	3
249	179	9	19	5
738	179	18	19	3
379	179	19	19	5
884	179	4	19	5
327	179	7	19	2
207	179	7	19	4
293	179	13	19	4
267	179	7	19	5
56	179	16	19	3
312	179	12	19	5
350	179	10	19	5
934	179	14	19	2
615	179	15	19	4
94	179	14	19	5
194	179	14	19	4
452	179	12	19	5
524	179	4	19	5
322	179	2	19	5
62	179	2	19	4
554	179	14	19	3
10	179	10	19	5
187	179	7	19	5
479	179	19	19	1
592	179	12	19	5
450	179	10	19	5
846	179	6	19	5
296	179	16	19	4
340	179	0	19	1
747	179	7	19	5
392	179	12	19	5
259	179	19	19	4
878	179	18	19	4
420	179	0	19	5
932	179	12	19	5
7	179	7	19	5
776	179	16	19	4
64	179	4	19	5
593	179	13	19	5
358	179	18	19	4
373	179	13	19	3
318	179	18	19	4
710	179	10	19	4
753	179	13	19	2
868	179	8	19	4
889	179	9	19	3
639	179	19	19	1
399	179	19	19	3
781	179	1	19	5
573	179	13	19	4
405	179	5	19	1
715	179	15	19	4
536	179	16	19	2
16	199	16	19	5
524	199	4	19	4
305	199	5	19	4
488	199	8	19	4
380	199	0	19	3
151	199	11	19	3
786	199	6	19	4
87	199	7	19	5
897	199	17	19	4
514	199	14	19	3
889	199	9	19	5
397	199	17	19	5
1	199	1	19	4
454	199	14	19	3
659	199	19	19	4
189	199	9	19	5
561	199	1	19	4
409	199	9	19	4
504	199	4	19	4
594	199	14	19	4
474	199	14	19	5
263	199	3	19	5
59	199	19	19	4
537	199	17	19	4
481	199	1	19	5
882	199	2	19	5
298	199	18	19	4
450	199	10	19	5
503	199	3	19	4
230	199	10	19	3
389	199	9	19	5
311	199	11	19	4
80	199	0	19	2
429	199	9	19	5
405	199	5	19	1
90	199	10	19	5
271	199	11	19	4
815	199	15	19	4
7	199	7	19	5
780	199	0	19	5
18	199	18	19	3
543	199	3	19	4
211	199	11	19	5
650	199	10	19	4
116	199	16	19	4
387	199	7	19	4
53	199	13	19	5
749	199	9	19	5
392	199	12	19	5
77	199	17	19	5
6	199	6	19	4
774	199	14	19	4
301	199	1	19	4
308	199	8	19	4
275	199	15	19	4
727	199	7	19	4
213	199	13	19	5
545	199	5	19	4
479	199	19	19	5
236	199	16	19	4
296	199	16	19	5
788	199	8	19	5
796	199	16	19	3
568	199	8	19	3
911	199	11	19	3
896	199	16	19	3
492	199	12	19	3
747	199	7	19	4
934	199	14	19	4
340	199	0	19	5
748	199	8	19	4
62	199	2	19	4
629	199	9	19	5
721	199	1	19	4
406	199	6	19	5
868	199	8	19	5
918	199	18	19	3
505	199	5	19	4
178	199	18	19	4
370	199	10	19	4
323	199	3	19	4
843	199	3	19	3
883	199	3	19	4
360	199	0	19	5
608	199	8	19	1
807	199	7	19	5
465	199	5	19	3
169	199	9	19	4
288	199	8	19	4
119	199	19	19	5
698	199	18	19	2
82	199	2	19	4
559	199	19	19	5
339	199	19	19	5
846	199	6	19	5
693	199	13	19	3
627	199	7	19	5
426	199	6	19	5
666	199	6	19	5
57	199	17	19	5
64	199	4	19	4
615	199	15	19	5
494	199	14	19	4
312	199	12	19	5
670	199	10	19	4
553	199	13	19	4
661	199	1	19	5
193	199	13	19	5
326	199	6	19	5
290	199	10	19	3
932	199	12	19	5
435	199	15	19	5
536	199	16	19	3
840	199	0	19	4
92	199	12	19	3
313	199	13	19	4
379	199	19	19	4
716	199	16	19	4
188	199	8	19	4
58	199	18	19	4
292	199	12	19	5
293	199	13	19	5
707	199	7	19	2
95	199	15	19	5
398	199	18	19	4
325	199	5	19	5
13	199	13	19	5
653	199	13	19	4
538	199	18	19	5
804	199	4	19	5
85	199	5	19	5
516	199	16	19	3
10	199	10	19	4
567	199	7	19	4
237	199	17	19	4
452	199	12	19	5
60	199	0	19	5
648	199	8	19	4
401	199	1	19	3
738	199	18	19	4
469	199	9	19	4
753	199	13	19	5
254	199	14	19	4
316	199	16	19	3
329	199	9	19	4
881	199	1	19	5
862	199	2	19	5
194	199	14	19	4
212	199	12	19	5
639	199	19	19	3
622	199	2	19	5
694	199	14	19	5
385	199	5	19	3
848	199	8	19	5
506	199	6	19	4
343	199	3	19	5
321	199	1	19	4
483	199	3	19	3
328	199	8	19	4
416	199	16	19	5
458	199	18	19	4
185	199	5	19	4
758	199	18	19	4
234	199	14	19	5
354	199	14	19	4
417	219	17	19	3
870	219	10	19	2
661	219	1	19	2
561	219	1	19	1
222	219	2	19	4
847	219	7	19	4
551	219	11	19	5
416	219	16	19	4
814	219	14	19	4
194	219	14	19	2
327	219	7	19	4
833	219	13	19	4
262	219	2	19	3
709	219	9	19	4
766	219	6	19	3
42	219	2	19	1
843	219	3	19	2
92	219	12	19	4
387	219	7	19	2
308	219	8	19	3
5	219	5	19	3
508	219	8	19	1
28	219	8	19	5
21	219	1	19	5
264	219	4	19	5
49	219	9	19	1
933	219	13	19	1
925	219	5	19	3
778	219	18	19	3
366	219	6	19	5
495	219	15	19	4
504	219	4	19	3
682	219	2	19	2
864	219	4	19	4
804	219	4	19	3
346	219	6	19	2
896	219	16	19	3
13	219	13	19	1
379	219	19	19	3
727	219	7	19	3
372	219	12	19	5
802	219	2	19	5
201	219	1	19	4
130	219	10	19	5
377	219	17	19	3
437	219	17	19	3
407	219	7	19	4
868	219	8	19	2
660	219	0	19	1
796	219	16	19	4
1	219	1	19	1
650	219	10	19	3
385	219	5	19	1
291	219	11	19	4
303	219	3	19	5
7	219	7	19	1
776	219	16	19	3
326	219	6	19	2
457	219	17	19	4
270	219	10	19	5
421	219	1	19	3
254	219	14	19	1
425	219	5	19	2
774	219	14	19	4
846	219	6	19	4
435	219	15	19	5
586	219	6	19	3
388	219	8	19	5
59	219	19	19	5
102	219	2	19	2
367	219	7	19	4
643	219	3	19	5
301	219	1	19	4
655	219	15	19	2
56	219	16	19	5
823	219	3	19	2
943	219	3	19	4
648	219	8	19	4
478	219	18	19	2
405	219	5	19	5
368	219	8	19	2
255	219	15	19	5
94	219	14	19	4
210	219	10	19	3
711	219	11	19	2
268	219	8	19	3
617	219	17	19	4
889	219	9	19	2
234	219	14	19	2
795	219	15	19	3
178	219	18	19	4
280	219	0	19	2
276	219	16	19	4
442	219	2	19	3
246	219	6	19	5
916	219	16	19	3
922	219	2	19	1
566	219	6	19	1
399	219	19	19	3
422	219	2	19	4
145	219	5	19	5
95	219	15	19	4
671	219	11	19	3
23	219	3	19	1
545	219	5	19	2
429	219	9	19	4
546	219	6	19	5
653	219	13	19	1
436	219	16	19	5
406	219	6	19	3
279	219	19	19	2
524	239	4	19	2
56	239	16	19	4
125	239	5	19	5
222	239	2	19	5
835	239	15	19	5
846	239	6	19	4
299	239	19	19	3
13	239	13	19	4
65	239	5	19	5
453	239	13	19	3
230	239	10	19	4
95	239	15	19	3
655	239	15	19	2
269	239	9	19	2
618	239	18	19	3
472	239	12	19	5
645	239	5	19	3
815	239	15	19	5
11	239	11	19	4
373	239	13	19	3
326	239	6	19	3
807	239	7	19	4
493	239	13	19	5
541	239	1	19	4
934	239	14	19	4
943	239	3	19	5
630	239	10	19	4
457	239	17	19	5
606	239	6	19	4
660	239	0	19	2
301	239	1	19	2
201	239	1	19	1
224	239	4	19	4
109	239	9	19	4
684	239	4	19	4
398	239	18	19	3
215	239	15	19	3
185	239	5	19	3
537	239	17	19	2
122	239	2	19	4
363	239	3	19	3
405	239	5	19	3
897	239	17	19	2
588	239	8	19	5
653	239	13	19	5
303	239	3	19	3
883	239	3	19	3
442	239	2	19	3
497	239	17	19	4
450	239	10	19	5
758	239	18	19	3
308	239	8	19	3
268	239	8	19	3
864	239	4	19	4
484	239	4	19	4
436	239	16	19	3
892	239	12	19	4
640	239	0	19	5
158	239	18	19	3
379	239	19	19	4
1	239	1	19	4
49	239	9	19	2
207	239	7	19	3
690	239	10	19	2
583	239	3	19	2
896	239	16	19	4
280	239	0	19	3
741	239	1	19	2
293	239	13	19	3
682	239	2	19	3
533	239	13	19	3
539	239	19	19	3
721	239	1	19	4
194	239	14	19	3
843	239	3	19	3
778	239	18	19	4
476	239	16	19	4
508	239	8	19	2
327	239	7	19	3
528	239	8	19	5
899	239	19	19	3
334	239	14	19	3
933	239	13	19	3
271	239	11	19	3
387	239	7	19	1
311	239	11	19	3
5	239	5	19	4
25	239	5	19	4
870	239	10	19	3
665	239	5	19	3
487	239	7	19	5
654	239	14	19	4
885	239	5	19	3
416	239	16	19	5
798	239	18	19	4
267	239	7	19	4
345	239	5	19	4
868	239	8	19	3
889	239	9	19	4
561	239	1	19	3
174	239	14	19	4
435	239	15	19	4
650	239	10	19	3
318	239	18	19	4
399	239	19	19	3
393	239	13	19	4
246	239	6	19	3
307	239	7	19	3
601	239	1	19	3
727	239	7	19	4
102	239	2	19	3
130	239	10	19	4
506	239	6	19	3
378	239	18	19	3
347	239	7	19	5
455	239	15	19	3
92	239	12	19	4
437	239	17	19	4
715	239	15	19	4
42	239	2	19	5
514	239	14	19	5
749	239	9	19	4
880	239	0	19	4
407	239	7	19	4
313	239	13	19	3
586	239	6	19	3
290	239	10	19	2
406	239	6	19	3
694	239	14	19	4
521	239	1	19	5
87	239	7	19	4
279	239	19	19	4
543	239	3	19	2
627	239	7	19	3
886	239	6	19	3
305	239	5	19	3
374	239	14	19	4
847	239	7	19	5
751	239	11	19	4
389	239	9	19	3
916	239	16	19	3
64	239	4	19	3
804	239	4	19	4
200	239	0	19	3
823	239	3	19	4
276	239	16	19	4
488	239	8	19	4
773	239	13	19	4
249	239	9	19	3
336	239	16	19	3
250	259	10	19	1
303	259	3	19	3
559	259	19	19	3
5	259	5	19	1
782	259	2	19	1
936	259	16	19	3
424	259	4	19	2
48	259	8	19	4
404	259	4	19	5
388	259	8	19	3
802	259	2	19	2
173	259	13	19	3
646	259	6	19	3
34	259	14	19	2
804	259	4	19	4
40	259	0	19	2
261	259	1	19	4
400	259	0	19	3
38	259	18	19	3
727	259	7	19	4
197	259	17	19	1
702	259	2	19	3
281	259	1	19	3
488	259	8	19	1
824	259	4	19	4
178	259	18	19	1
324	259	4	19	5
199	259	19	19	1
644	259	4	19	4
255	259	15	19	3
85	259	5	19	2
304	259	4	19	1
284	259	4	19	2
772	259	12	19	2
455	259	15	19	2
798	259	18	19	5
852	259	12	19	4
475	259	15	19	5
752	259	12	19	5
489	259	9	19	2
1	259	1	19	1
450	259	10	19	3
682	259	2	19	3
871	259	11	19	3
550	259	10	19	2
515	259	15	19	3
537	259	17	19	1
743	259	3	19	3
21	259	1	19	2
816	259	16	19	2
787	259	7	19	4
660	259	0	19	4
683	259	3	19	3
221	259	1	19	4
168	259	8	19	2
346	259	6	19	2
142	259	2	19	3
703	259	3	19	1
204	259	4	19	2
615	259	15	19	1
642	259	2	19	5
459	259	19	19	4
921	259	1	19	4
791	259	11	19	3
592	259	12	19	2
901	259	1	19	2
11	259	11	19	3
184	259	4	19	3
609	259	9	19	1
299	259	19	19	3
193	259	13	19	2
652	259	12	19	2
141	259	1	19	1
598	259	18	19	3
254	259	14	19	2
451	259	11	19	4
188	259	8	19	3
602	259	2	19	4
524	259	4	19	3
7	259	7	19	3
589	259	9	19	5
425	259	5	19	1
487	259	7	19	2
514	259	14	19	4
881	259	1	19	3
724	259	4	19	2
676	259	16	19	4
381	259	1	19	2
541	259	1	19	1
704	259	4	19	2
863	259	3	19	1
532	259	12	19	3
373	259	13	19	5
279	259	19	19	3
576	259	16	19	2
107	259	7	19	2
502	259	2	19	3
296	259	16	19	1
234	259	14	19	2
893	259	13	19	3
688	259	8	19	5
319	259	19	19	2
801	259	1	19	3
544	259	4	19	1
159	259	19	19	4
181	259	1	19	1
462	259	2	19	3
268	259	8	19	3
755	259	15	19	3
30	259	10	19	4
505	259	5	19	3
393	259	13	19	4
813	259	13	19	2
940	259	0	19	4
873	259	13	19	1
721	259	1	19	3
461	259	1	19	2
247	259	7	19	3
803	259	3	19	2
90	259	10	19	2
119	259	19	19	4
681	259	1	19	2
452	259	12	19	2
35	259	15	19	4
805	259	5	19	1
6	259	6	19	1
519	259	19	19	1
510	259	10	19	2
474	259	14	19	1
790	259	10	19	2
145	259	5	19	3
663	259	3	19	2
29	259	9	19	4
857	259	17	19	4
919	259	19	19	4
454	259	14	19	4
308	259	8	19	3
441	259	1	19	3
341	259	1	19	3
194	259	14	19	2
116	259	16	19	4
32	259	12	19	2
63	259	3	19	3
223	259	3	19	3
587	259	7	19	4
253	259	13	19	2
170	259	10	19	3
853	259	13	19	3
83	259	3	19	2
416	259	16	19	2
797	259	17	19	3
942	259	2	19	4
601	259	1	19	1
86	259	6	19	4
531	259	11	19	1
134	259	14	19	2
8	259	8	19	1
428	259	8	19	4
612	259	12	19	3
464	259	4	19	4
938	259	18	19	2
829	259	9	19	2
889	279	9	19	2
270	279	10	19	5
296	279	16	19	4
655	279	15	19	3
13	279	13	19	5
887	279	7	19	5
181	279	1	19	1
733	279	13	19	2
894	279	14	19	4
455	279	15	19	3
707	279	7	19	3
277	279	17	19	4
460	279	0	19	2
614	279	14	19	3
115	279	15	19	3
883	279	3	19	3
185	279	5	19	4
613	279	13	19	4
265	279	5	19	2
747	279	7	19	4
454	279	14	19	4
486	279	6	19	4
374	279	14	19	4
537	279	17	19	2
234	279	14	19	3
2	279	2	19	4
141	279	1	19	1
527	279	7	19	4
328	299	8	19	2
863	299	3	19	2
341	299	1	19	5
450	299	10	19	2
809	299	9	19	4
682	299	2	19	4
13	299	13	19	3
372	299	12	19	4
686	299	6	19	5
663	299	3	19	2
317	299	17	19	4
611	299	11	19	1
489	299	9	19	2
717	299	17	19	4
435	299	15	19	4
113	299	13	19	5
755	299	15	19	2
34	299	14	19	5
301	299	1	19	3
173	299	13	19	4
782	299	2	19	3
708	299	8	19	1
451	299	11	19	1
784	299	4	19	3
567	299	7	19	4
724	299	4	19	1
685	299	5	19	2
177	299	17	19	4
896	299	16	19	1
791	299	11	19	2
853	299	13	19	4
592	299	12	19	1
894	299	14	19	3
464	299	4	19	4
801	299	1	19	2
116	299	16	19	3
488	299	8	19	3
851	299	11	19	4
783	299	3	19	5
683	299	3	19	3
920	299	0	19	2
511	299	11	19	2
423	299	3	19	3
159	299	19	19	3
710	299	10	19	3
164	299	4	19	4
186	299	6	19	3
557	299	17	19	4
104	299	4	19	3
181	299	1	19	1
2	299	2	19	4
446	299	6	19	2
616	299	16	19	3
31	299	11	19	4
880	299	0	19	4
294	299	14	19	3
510	299	10	19	3
519	299	19	19	5
537	299	17	19	2
49	299	9	19	2
145	299	5	19	4
721	299	1	19	3
486	299	6	19	1
422	299	2	19	1
621	299	1	19	1
170	299	10	19	3
21	299	1	19	1
925	299	5	19	3
802	299	2	19	4
119	299	19	19	4
130	299	10	19	3
302	299	2	19	2
3	299	3	19	3
19	319	19	19	4
85	319	5	19	4
687	319	7	19	4
839	319	19	19	1
791	319	11	19	2
574	319	14	19	5
390	319	10	19	5
36	319	16	19	2
126	319	6	19	2
83	319	3	19	1
274	319	14	19	5
740	319	0	19	3
123	319	3	19	4
86	319	6	19	3
325	319	5	19	3
608	319	8	19	4
587	319	7	19	3
819	319	19	19	4
279	319	19	19	4
799	319	19	19	4
594	319	14	19	3
503	319	3	19	3
592	319	12	19	4
31	319	11	19	4
256	319	16	19	2
489	319	9	19	3
555	319	15	19	5
861	319	1	19	5
273	319	13	19	4
576	319	16	19	3
234	319	14	19	3
144	319	4	19	3
556	319	16	19	3
147	319	7	19	4
149	319	9	19	2
458	319	18	19	4
866	319	6	19	4
463	319	3	19	1
624	319	4	19	3
708	319	8	19	5
344	319	4	19	1
323	319	3	19	2
824	319	4	19	2
308	319	8	19	4
10	319	10	19	3
220	319	0	19	4
735	319	15	19	4
266	319	6	19	2
285	319	5	19	3
299	319	19	19	3
451	319	11	19	2
465	319	5	19	3
755	319	15	19	3
306	319	6	19	4
664	319	4	19	4
13	319	13	19	4
599	319	19	19	2
427	319	7	19	3
728	319	8	19	3
201	319	1	19	2
805	319	5	19	2
30	319	10	19	4
485	319	5	19	3
940	319	0	19	2
102	319	2	19	4
50	319	10	19	5
748	319	8	19	3
795	319	15	19	4
863	319	3	19	2
309	319	9	19	4
509	319	9	19	2
354	319	14	19	3
809	319	9	19	3
758	319	18	19	4
883	319	3	19	3
113	319	13	19	2
473	319	13	19	3
560	319	0	19	4
476	319	16	19	1
609	319	9	19	1
470	319	10	19	3
207	319	7	19	3
364	319	4	19	3
425	319	5	19	1
662	319	2	19	3
227	319	7	19	4
936	319	16	19	4
787	319	7	19	3
898	319	18	19	5
3	319	3	19	2
392	319	12	19	5
530	319	10	19	3
539	319	19	19	5
829	319	9	19	4
655	319	15	19	3
284	319	4	19	3
159	319	19	19	1
461	319	1	19	3
214	319	14	19	3
437	319	17	19	5
615	319	15	19	4
721	319	1	19	3
533	319	13	19	3
507	319	7	19	3
547	319	7	19	4
500	319	0	19	4
695	319	15	19	5
355	319	15	19	5
524	319	4	19	4
383	319	3	19	2
480	319	0	19	3
659	319	19	19	3
905	319	5	19	2
919	319	19	19	3
666	319	6	19	4
334	319	14	19	3
529	319	9	19	4
542	319	2	19	3
685	319	5	19	2
378	319	18	19	3
176	319	16	19	3
448	319	8	19	5
14	319	14	19	1
342	319	2	19	4
663	319	3	19	1
18	319	18	19	4
155	319	15	19	3
491	319	11	19	1
150	319	10	19	4
665	319	5	19	4
387	319	7	19	1
440	319	0	19	2
181	319	1	19	3
152	319	12	19	2
894	319	14	19	4
361	319	1	19	5
537	319	17	19	4
572	319	12	19	4
365	319	5	19	4
408	319	8	19	5
429	319	9	19	3
699	319	19	19	3
39	319	19	19	4
270	319	10	19	5
646	319	6	19	3
420	319	0	19	4
173	319	13	19	4
416	319	16	19	5
629	319	9	19	4
707	319	7	19	5
303	319	3	19	5
561	319	1	19	2
486	319	6	19	3
88	319	8	19	3
140	319	0	19	4
260	319	0	19	2
108	319	8	19	5
178	319	18	19	1
21	319	1	19	2
79	319	19	19	4
645	319	5	19	3
535	319	15	19	5
282	319	2	19	4
146	319	6	19	4
568	319	8	19	2
720	319	0	19	3
128	319	8	19	5
235	319	15	19	4
191	339	11	19	3
324	339	4	19	3
616	339	16	19	3
780	339	0	19	4
829	339	9	19	2
261	339	1	19	5
147	339	7	19	5
422	339	2	19	2
519	339	19	19	3
592	339	12	19	3
3	339	3	19	3
112	339	12	19	4
179	339	19	19	1
782	339	2	19	3
404	339	4	19	1
129	339	9	19	2
134	339	14	19	2
909	339	9	19	4
33	339	13	19	3
894	339	14	19	4
223	339	3	19	4
286	339	6	19	5
178	339	18	19	3
416	339	16	19	5
688	339	8	19	5
810	339	10	19	5
589	339	9	19	5
284	339	4	19	3
873	339	13	19	3
851	339	11	19	4
796	339	16	19	2
532	339	12	19	5
36	339	16	19	5
587	339	7	19	3
803	339	3	19	3
13	339	13	19	3
423	339	3	19	2
863	339	3	19	3
697	339	17	19	2
379	339	19	19	3
860	339	0	19	3
145	339	5	19	3
39	339	19	19	3
489	339	9	19	3
666	339	6	19	4
682	339	2	19	2
409	339	9	19	2
688	359	8	19	5
181	359	1	19	1
4	359	4	19	5
351	359	11	19	4
489	359	9	19	5
871	359	11	19	3
721	359	1	19	3
753	359	13	19	4
655	359	15	19	3
446	359	6	19	3
427	359	7	19	5
739	359	19	19	5
863	359	3	19	3
206	359	6	19	1
451	359	11	19	2
787	359	7	19	3
261	359	1	19	5
754	359	14	19	3
648	379	8	19	1
368	379	8	19	4
425	379	5	19	2
135	379	15	19	2
268	379	8	19	1
843	379	3	19	2
561	379	1	19	2
5	379	5	19	3
222	379	2	19	1
546	379	6	19	4
279	379	19	19	3
804	379	4	19	3
286	379	6	19	5
682	379	2	19	4
727	379	7	19	2
422	379	2	19	2
254	379	14	19	1
880	379	0	19	4
303	379	3	19	4
833	379	13	19	2
709	379	9	19	3
201	379	1	19	3
270	379	10	19	5
21	379	1	19	3
280	379	0	19	5
620	379	0	19	4
586	379	6	19	4
367	379	7	19	4
671	379	11	19	3
932	379	12	19	2
399	379	19	19	3
13	379	13	19	1
495	379	15	19	5
314	379	14	19	3
145	379	5	19	3
896	379	16	19	2
405	379	5	19	1
545	379	5	19	4
7	379	7	19	4
276	379	16	19	3
130	379	10	19	4
802	379	2	19	4
291	379	11	19	3
600	399	0	19	4
577	399	17	19	4
648	399	8	19	4
705	399	5	19	5
886	399	6	19	3
716	399	16	19	3
751	399	11	19	3
95	399	15	19	4
184	399	4	19	3
807	399	7	19	4
712	399	12	19	5
826	399	6	19	4
268	399	8	19	3
588	399	8	19	3
541	399	1	19	3
727	399	7	19	3
407	399	7	19	3
125	399	5	19	3
373	399	13	19	3
932	399	12	19	4
417	399	17	19	3
650	399	10	19	3
158	399	18	19	3
320	399	0	19	3
94	399	14	19	4
387	399	7	19	3
279	399	19	19	4
328	399	8	19	2
222	399	2	19	4
336	399	16	19	3
326	399	6	19	4
642	399	2	19	3
757	399	17	19	3
551	399	11	19	3
450	399	10	19	4
889	399	9	19	3
749	399	9	19	3
416	399	16	19	4
864	399	4	19	4
405	399	5	19	1
299	399	19	19	2
7	399	7	19	4
22	399	2	19	4
194	399	14	19	2
504	399	4	19	4
56	399	16	19	4
221	399	1	19	3
484	399	4	19	4
537	399	17	19	2
311	399	11	19	4
545	399	5	19	4
5	399	5	19	3
788	399	8	19	3
487	399	7	19	5
276	399	16	19	2
497	399	17	19	4
643	399	3	19	3
830	399	10	19	5
804	399	4	19	4
378	399	18	19	3
399	399	19	19	3
70	399	10	19	4
943	399	3	19	1
197	399	17	19	2
476	399	16	19	3
435	399	15	19	3
393	399	13	19	4
398	399	18	19	4
11	399	11	19	3
756	399	16	19	2
314	399	14	19	3
741	399	1	19	2
774	399	14	19	2
916	399	16	19	3
682	399	2	19	4
746	399	6	19	3
627	399	7	19	3
715	399	15	19	2
883	399	3	19	5
911	399	11	19	5
102	399	2	19	2
896	399	16	19	1
506	399	6	19	5
881	399	1	19	4
933	399	13	19	3
542	399	2	19	2
796	399	16	19	4
532	399	12	19	3
798	399	18	19	5
456	419	16	19	4
622	419	2	19	4
13	419	13	19	3
385	419	5	19	2
95	419	15	19	4
472	419	12	19	4
7	419	7	19	3
608	419	8	19	4
378	419	18	19	4
524	419	4	19	1
707	419	7	19	3
271	419	11	19	3
921	419	1	19	5
850	419	10	19	5
886	419	6	19	3
864	419	4	19	4
327	419	7	19	4
643	419	3	19	4
847	419	7	19	3
298	419	18	19	5
130	419	10	19	5
848	419	8	19	5
262	419	2	19	3
912	419	12	19	4
128	419	8	19	3
601	419	1	19	4
798	419	18	19	4
318	419	18	19	5
49	419	9	19	4
836	419	16	19	2
712	419	12	19	3
535	419	15	19	3
222	419	2	19	2
239	419	19	19	3
254	419	14	19	4
758	419	18	19	4
313	419	13	19	3
275	419	15	19	3
606	419	6	19	4
881	419	1	19	5
682	419	2	19	3
429	419	9	19	4
536	419	16	19	3
756	419	16	19	3
450	419	10	19	5
621	419	1	19	4
868	419	8	19	3
642	419	2	19	4
846	419	6	19	5
650	419	10	19	4
823	419	3	19	4
620	419	0	19	2
504	419	4	19	3
59	419	19	19	2
236	419	16	19	5
85	419	5	19	5
307	419	7	19	4
405	419	5	19	4
18	419	18	19	3
892	419	12	19	3
297	419	17	19	3
749	419	9	19	5
165	419	5	19	4
416	419	16	19	4
840	419	0	19	5
780	419	0	19	4
908	419	8	19	4
488	419	8	19	3
64	419	4	19	2
295	419	15	19	4
665	419	5	19	4
618	419	18	19	4
25	419	5	19	4
235	419	15	19	5
796	419	16	19	5
290	419	10	19	4
188	419	8	19	5
887	419	7	19	2
913	419	13	19	5
786	419	6	19	4
321	419	1	19	4
911	419	11	19	5
286	419	6	19	5
394	419	14	19	5
727	419	7	19	2
175	419	15	19	5
452	419	12	19	4
698	419	18	19	3
929	419	9	19	4
679	419	19	19	3
882	419	2	19	5
487	419	7	19	3
330	419	10	19	5
838	419	18	19	5
804	419	4	19	3
194	419	14	19	2
38	419	18	19	5
94	419	14	19	3
919	419	19	19	5
234	419	14	19	4
379	419	19	19	4
311	419	11	19	3
766	419	6	19	3
610	419	10	19	5
399	419	19	19	3
588	419	8	19	5
711	419	11	19	5
326	419	6	19	3
454	419	14	19	4
660	419	0	19	2
934	419	14	19	4
795	419	15	19	3
632	419	12	19	4
537	419	17	19	2
44	419	4	19	4
484	419	4	19	4
42	419	2	19	5
670	419	10	19	4
474	419	14	19	4
603	419	3	19	2
901	419	1	19	5
566	419	6	19	2
280	419	0	19	3
230	419	10	19	4
232	419	12	19	4
437	419	17	19	5
496	419	16	19	2
747	419	7	19	5
312	419	12	19	3
807	419	7	19	5
23	419	3	19	3
381	419	1	19	5
314	419	14	19	4
943	419	3	19	2
705	419	5	19	3
710	419	10	19	4
731	419	11	19	4
60	419	0	19	3
751	419	11	19	4
885	419	5	19	4
334	419	14	19	3
6	419	6	19	4
806	419	6	19	5
308	419	8	19	4
151	419	11	19	3
541	419	1	19	5
406	419	6	19	1
897	419	17	19	4
263	419	3	19	5
514	419	14	19	4
716	419	16	19	5
389	419	9	19	3
57	419	17	19	3
5	419	5	19	3
354	419	14	19	4
693	419	13	19	2
505	419	5	19	3
70	419	10	19	5
843	419	3	19	2
303	419	3	19	4
200	419	0	19	4
301	419	1	19	3
659	419	19	19	5
393	419	13	19	4
545	419	5	19	3
734	419	14	19	4
380	419	0	19	3
532	419	12	19	5
495	419	15	19	1
293	419	13	19	3
210	419	10	19	4
805	419	5	19	4
417	419	17	19	4
694	419	14	19	4
292	419	12	19	4
276	419	16	19	5
815	419	15	19	3
918	419	18	19	3
776	439	16	19	1
21	439	1	19	1
405	439	5	19	1
13	439	13	19	1
5	439	5	19	1
399	459	19	19	4
932	459	12	19	4
733	459	13	19	4
189	459	9	19	4
349	459	9	19	4
486	459	6	19	2
891	459	11	19	5
6	459	6	19	2
381	459	1	19	4
119	459	19	19	4
541	459	1	19	5
312	459	12	19	4
754	459	14	19	4
823	459	3	19	4
344	459	4	19	4
393	459	13	19	4
15	459	15	19	5
931	459	11	19	4
373	459	13	19	4
537	459	17	19	3
821	459	1	19	5
449	459	9	19	4
655	459	15	19	2
181	459	1	19	1
669	479	9	19	5
500	479	0	19	5
561	479	1	19	4
189	479	9	19	5
292	479	12	19	4
214	479	14	19	4
331	479	11	19	2
308	479	8	19	5
912	479	12	19	4
305	479	5	19	3
776	479	16	19	4
747	479	7	19	5
402	479	2	19	5
23	479	3	19	5
450	479	10	19	4
330	479	10	19	5
415	479	15	19	4
385	479	5	19	5
456	479	16	19	5
573	479	13	19	4
498	479	18	19	3
391	479	11	19	4
815	479	15	19	4
846	479	6	19	4
303	479	3	19	5
406	479	6	19	4
91	479	11	19	4
267	479	7	19	4
734	479	14	19	4
664	479	4	19	5
892	479	12	19	5
535	479	15	19	4
437	479	17	19	5
537	479	17	19	4
378	479	18	19	4
350	479	10	19	5
659	479	19	19	5
480	479	0	19	4
890	479	10	19	5
506	479	6	19	4
495	479	15	19	4
115	479	15	19	5
312	479	12	19	5
72	479	12	19	4
566	479	6	19	4
239	479	19	19	5
543	479	3	19	4
383	479	3	19	4
60	479	0	19	5
234	479	14	19	5
648	479	8	19	4
494	479	14	19	3
748	479	8	19	4
123	479	3	19	4
666	479	6	19	4
42	479	2	19	4
741	479	1	19	5
464	479	4	19	4
51	479	11	19	3
854	479	14	19	4
435	479	15	19	3
354	479	14	19	4
655	479	15	19	4
889	479	9	19	4
409	479	9	19	5
650	479	10	19	5
716	479	16	19	4
528	479	8	19	4
249	479	9	19	5
321	479	1	19	4
911	479	11	19	5
9	479	9	19	4
90	479	10	19	5
293	479	13	19	4
182	479	2	19	5
18	479	18	19	4
533	479	13	19	4
82	479	2	19	4
445	479	5	19	3
25	479	5	19	5
125	479	5	19	4
381	479	1	19	5
338	479	18	19	5
311	479	11	19	5
875	479	15	19	4
870	479	10	19	5
833	479	13	19	2
479	479	19	19	4
299	479	19	19	4
225	479	5	19	4
804	479	4	19	4
527	479	7	19	4
28	479	8	19	4
929	479	9	19	4
297	479	17	19	5
707	479	7	19	3
194	479	14	19	3
503	479	3	19	4
592	479	12	19	4
942	479	2	19	4
897	479	17	19	4
398	479	18	19	4
16	479	16	19	5
59	479	19	19	5
6	479	6	19	5
43	479	3	19	4
10	479	10	19	5
908	479	8	19	4
389	479	9	19	4
344	479	4	19	4
323	479	3	19	4
334	479	14	19	4
454	479	14	19	4
899	479	19	19	4
553	479	13	19	5
848	479	8	19	5
48	479	8	19	4
744	479	4	19	5
847	479	7	19	3
7	479	7	19	4
271	479	11	19	4
313	479	13	19	5
699	479	19	19	3
397	479	17	19	4
154	479	14	19	4
556	479	16	19	5
831	479	11	19	4
474	479	14	19	5
840	479	0	19	4
932	479	12	19	5
429	479	9	19	4
862	479	2	19	4
345	479	5	19	4
269	479	9	19	4
322	479	2	19	5
201	479	1	19	4
751	479	11	19	2
452	479	12	19	5
276	479	16	19	5
698	479	18	19	2
896	479	16	19	3
622	479	2	19	4
492	479	12	19	3
504	479	4	19	4
799	479	19	19	5
83	479	3	19	5
567	479	7	19	5
601	479	1	19	4
542	479	2	19	4
416	479	16	19	5
360	479	0	19	4
883	479	3	19	5
625	479	5	19	4
524	479	4	19	4
85	479	5	19	4
481	479	1	19	4
326	479	6	19	5
608	479	8	19	5
213	479	13	19	4
73	479	13	19	5
758	479	18	19	5
380	479	0	19	4
551	479	11	19	3
670	479	10	19	5
116	479	16	19	4
339	479	19	19	5
298	479	18	19	5
796	479	16	19	4
568	479	8	19	5
407	479	7	19	4
96	479	16	19	4
268	479	8	19	4
710	479	10	19	5
903	479	3	19	4
902	479	2	19	4
894	479	14	19	5
393	479	13	19	4
237	479	17	19	5
121	479	1	19	5
409	499	9	19	3
469	499	9	19	5
694	499	14	19	4
169	499	9	19	3
151	499	11	19	5
311	499	11	19	4
230	499	10	19	4
342	499	2	19	5
650	499	10	19	3
918	499	18	19	4
313	499	13	19	3
280	499	0	19	4
389	499	9	19	4
450	499	10	19	5
237	499	17	19	2
373	499	13	19	4
7	499	7	19	4
766	499	6	19	3
269	499	9	19	4
271	499	11	19	3
846	499	6	19	4
292	499	12	19	5
312	499	12	19	4
437	499	17	19	5
6	499	6	19	4
321	499	1	19	3
659	499	19	19	4
870	499	10	19	4
835	499	15	19	5
716	499	16	19	4
343	499	3	19	5
85	499	5	19	4
753	499	13	19	3
854	499	14	19	4
233	499	13	19	3
524	499	4	19	4
239	499	19	19	5
698	499	18	19	3
90	499	10	19	5
401	499	1	19	3
608	499	8	19	4
406	499	6	19	5
308	499	8	19	3
535	499	15	19	4
474	499	14	19	5
840	499	0	19	4
234	499	14	19	4
458	499	18	19	4
504	499	4	19	4
666	499	6	19	4
60	499	0	19	3
707	499	7	19	4
693	499	13	19	4
899	499	19	19	3
128	499	8	19	5
537	499	17	19	3
527	499	7	19	5
799	499	19	19	4
10	499	10	19	4
847	499	7	19	4
189	499	9	19	4
429	499	9	19	4
389	519	9	19	4
18	519	18	19	4
883	519	3	19	5
889	519	9	19	4
474	519	14	19	4
499	519	19	19	3
559	519	19	19	5
401	519	1	19	4
13	519	13	19	5
454	519	14	19	2
312	519	12	19	5
639	519	19	19	4
670	519	10	19	5
407	519	7	19	4
659	519	19	19	4
138	519	18	19	5
308	519	8	19	4
704	519	4	19	3
524	519	4	19	4
188	519	8	19	4
650	519	10	19	4
747	519	7	19	5
85	519	5	19	4
862	519	2	19	4
932	519	12	19	4
328	519	8	19	5
625	519	5	19	2
850	519	10	19	4
848	519	8	19	5
805	519	5	19	4
745	519	5	19	5
426	519	6	19	4
116	519	16	19	5
48	519	8	19	3
311	519	11	19	3
82	519	2	19	4
643	519	3	19	4
321	519	1	19	4
60	519	0	19	4
694	519	14	19	4
788	519	8	19	4
194	519	14	19	4
666	519	6	19	4
90	519	10	19	5
96	519	16	19	4
543	519	3	19	4
573	519	13	19	4
406	519	6	19	4
234	519	14	19	5
313	519	13	19	5
398	519	18	19	4
59	519	19	19	4
122	519	2	19	4
774	519	14	19	5
458	519	18	19	4
10	519	10	19	5
617	519	17	19	3
14	519	14	19	5
87	519	7	19	4
450	519	10	19	4
766	519	6	19	4
648	519	8	19	4
301	519	1	19	4
716	519	16	19	3
31	519	11	19	4
537	519	17	19	3
583	519	3	19	5
622	519	2	19	3
840	519	0	19	5
846	519	6	19	4
6	519	6	19	5
7	519	7	19	4
553	519	13	19	5
77	519	17	19	5
535	519	15	19	3
405	519	5	19	2
326	519	6	19	5
568	519	8	19	3
924	519	4	19	4
615	519	15	19	5
782	539	2	19	3
502	539	2	19	3
133	539	13	19	1
489	539	9	19	4
408	539	8	19	1
537	539	17	19	1
43	539	3	19	3
190	539	10	19	2
199	539	19	19	1
463	539	3	19	1
271	539	11	19	1
393	539	13	19	3
713	539	13	19	3
499	539	19	19	1
6	539	6	19	2
284	539	4	19	2
462	539	2	19	3
95	539	15	19	4
294	539	14	19	4
898	539	18	19	3
82	539	2	19	3
676	539	16	19	4
681	539	1	19	4
506	539	6	19	4
621	539	1	19	1
919	539	19	19	3
674	539	14	19	1
548	539	8	19	2
822	539	2	19	2
64	539	4	19	1
134	539	14	19	4
311	539	11	19	4
677	539	17	19	3
942	539	2	19	3
727	539	7	19	2
752	539	12	19	4
30	539	10	19	3
13	539	13	19	1
587	539	7	19	3
29	539	9	19	2
561	539	1	19	1
116	539	16	19	2
475	539	15	19	3
74	539	14	19	3
648	559	8	19	2
766	559	6	19	4
886	559	6	19	2
864	559	4	19	4
814	559	14	19	3
417	559	17	19	4
896	559	16	19	3
301	559	1	19	4
286	559	6	19	4
532	559	12	19	5
805	559	5	19	3
790	559	10	19	3
773	559	13	19	2
313	559	13	19	3
711	559	11	19	3
435	559	15	19	3
495	559	15	19	4
617	559	17	19	1
64	559	4	19	3
344	559	4	19	3
774	559	14	19	1
496	559	16	19	5
406	559	6	19	3
442	559	2	19	2
246	559	6	19	3
916	559	16	19	3
795	559	15	19	2
244	559	4	19	4
378	559	18	19	4
311	559	11	19	2
883	559	3	19	3
7	559	7	19	5
102	559	2	19	3
815	559	15	19	3
70	559	10	19	3
422	559	2	19	3
671	559	11	19	4
650	559	10	19	3
497	559	17	19	4
456	559	16	19	3
56	559	16	19	4
553	559	13	19	3
642	559	2	19	5
267	559	7	19	3
151	559	11	19	2
500	559	0	19	4
618	559	18	19	3
389	559	9	19	3
194	559	14	19	2
43	559	3	19	1
295	559	15	19	4
372	559	12	19	4
846	559	6	19	5
436	559	16	19	4
280	559	0	19	3
487	559	7	19	3
201	559	1	19	2
776	559	16	19	4
450	559	10	19	3
925	559	5	19	3
388	559	8	19	5
345	559	5	19	1
327	559	7	19	2
416	559	16	19	3
802	559	2	19	2
943	559	3	19	4
255	559	15	19	4
368	559	8	19	3
621	559	1	19	5
330	559	10	19	3
399	559	19	19	3
262	559	2	19	3
504	559	4	19	5
343	559	3	19	3
757	559	17	19	4
293	559	13	19	2
59	559	19	19	5
21	559	1	19	1
363	559	3	19	3
326	559	6	19	3
92	559	12	19	3
862	559	2	19	4
308	559	8	19	4
222	559	2	19	3
62	559	2	19	3
42	559	2	19	2
198	559	18	19	3
394	559	14	19	4
367	559	7	19	4
94	559	14	19	4
870	559	10	19	2
49	559	9	19	2
796	559	16	19	3
524	559	4	19	3
270	559	10	19	5
551	559	11	19	5
387	559	7	19	3
882	559	2	19	3
152	559	12	19	1
472	559	12	19	5
457	559	17	19	4
328	559	8	19	3
586	559	6	19	5
561	559	1	19	1
659	559	19	19	1
437	559	17	19	3
268	559	8	19	2
145	559	5	19	2
727	559	7	19	2
709	559	9	19	3
393	559	13	19	3
407	559	7	19	3
118	559	18	19	4
184	559	4	19	3
660	559	0	19	2
588	559	8	19	5
200	559	0	19	4
373	559	13	19	3
887	559	7	19	4
276	559	16	19	4
447	559	7	19	3
804	559	4	19	3
405	559	5	19	5
303	559	3	19	4
109	559	9	19	3
933	559	13	19	2
716	559	16	19	2
682	559	2	19	4
751	559	11	19	4
577	559	17	19	3
429	559	9	19	3
379	559	19	19	3
264	559	4	19	5
366	559	6	19	5
881	559	1	19	2
655	559	15	19	2
13	559	13	19	1
308	579	8	19	3
268	579	8	19	1
650	579	10	19	3
417	579	17	19	2
922	579	2	19	3
328	579	8	19	3
870	579	10	19	2
504	579	4	19	4
642	579	2	19	4
389	579	9	19	1
405	579	5	19	1
577	579	17	19	4
7	579	7	19	4
880	579	0	19	3
476	579	16	19	2
267	579	7	19	3
788	579	8	19	3
868	579	8	19	1
336	579	16	19	3
7	599	7	19	1
758	619	18	19	4
130	619	10	19	4
682	619	2	19	3
332	619	12	19	3
378	619	18	19	3
374	619	14	19	3
552	619	12	19	3
663	619	3	19	4
648	619	8	19	3
92	619	12	19	4
606	619	6	19	4
593	619	13	19	3
291	619	11	19	3
699	619	19	19	2
854	619	14	19	2
168	619	8	19	3
438	619	18	19	4
500	619	0	19	3
344	619	4	19	4
458	619	18	19	2
293	619	13	19	1
534	619	14	19	4
880	619	0	19	4
653	619	13	19	3
655	619	15	19	3
733	619	13	19	3
323	619	3	19	3
532	619	12	19	5
336	619	16	19	3
851	619	11	19	4
280	619	0	19	4
294	619	14	19	3
387	619	7	19	1
164	619	4	19	4
234	619	14	19	2
518	619	18	19	4
396	619	16	19	3
303	619	3	19	3
223	619	3	19	2
624	619	4	19	3
907	619	7	19	2
580	619	0	19	3
416	619	16	19	4
181	619	1	19	3
21	619	1	19	2
548	619	8	19	3
592	619	12	19	1
13	619	13	19	3
825	619	5	19	4
754	619	14	19	4
141	619	1	19	4
222	619	2	19	4
81	619	1	19	3
459	619	19	19	4
349	619	9	19	4
178	619	18	19	3
637	619	17	19	2
605	619	5	19	4
277	619	17	19	4
7	619	7	19	3
99	619	19	19	4
864	619	4	19	3
450	619	10	19	3
203	619	3	19	3
383	639	3	19	4
773	639	13	19	4
405	639	5	19	1
655	639	15	19	3
358	639	18	19	4
311	639	11	19	4
840	639	0	19	4
382	639	2	19	3
650	639	10	19	3
894	639	14	19	5
269	639	9	19	4
535	639	15	19	4
788	639	8	19	3
361	639	1	19	4
18	639	18	19	4
643	639	3	19	4
189	639	9	19	4
7	639	7	19	5
184	639	4	19	3
85	639	5	19	3
815	639	15	19	2
312	639	12	19	5
500	639	0	19	4
345	639	5	19	4
747	639	7	19	5
829	639	9	19	4
328	639	8	19	2
449	639	9	19	5
13	639	13	19	3
537	639	17	19	2
585	639	5	19	4
932	639	12	19	5
704	639	4	19	2
90	639	10	19	5
766	639	6	19	3
565	639	5	19	5
804	639	4	19	4
339	639	19	19	4
406	639	6	19	4
561	639	1	19	3
264	659	4	19	5
474	659	14	19	5
653	659	13	19	1
716	659	16	19	4
548	659	8	19	4
840	659	0	19	5
751	659	11	19	5
623	659	3	19	5
450	659	10	19	5
846	659	6	19	5
279	659	19	19	5
407	659	7	19	5
283	659	3	19	5
158	659	18	19	5
639	659	19	19	3
387	659	7	19	4
738	659	18	19	4
454	659	14	19	2
98	659	18	19	5
59	659	19	19	3
114	659	14	19	4
850	659	10	19	4
541	659	1	19	5
85	659	5	19	4
698	659	18	19	3
361	659	1	19	5
416	659	16	19	5
719	659	19	19	4
796	659	16	19	3
823	659	3	19	4
393	659	13	19	4
292	659	12	19	5
567	659	7	19	4
189	659	9	19	4
218	659	18	19	4
593	659	13	19	5
932	659	12	19	5
271	659	11	19	3
370	659	10	19	4
883	659	3	19	3
897	659	17	19	5
297	659	17	19	4
409	659	9	19	5
643	659	3	19	5
327	659	7	19	4
921	659	1	19	5
514	659	14	19	3
659	659	19	19	3
239	659	19	19	3
379	659	19	19	5
318	659	18	19	4
313	659	13	19	4
568	659	8	19	3
747	659	7	19	4
60	659	0	19	4
194	659	14	19	4
807	659	7	19	4
321	659	1	19	4
426	659	6	19	4
650	659	10	19	3
912	659	12	19	5
805	659	5	19	3
308	659	8	19	3
670	659	10	19	5
889	659	9	19	4
503	659	3	19	5
90	659	10	19	4
237	659	17	19	4
694	659	14	19	4
918	659	18	19	4
533	659	13	19	4
7	659	7	19	5
236	659	16	19	3
269	659	9	19	4
13	659	13	19	3
296	659	16	19	5
385	659	5	19	4
664	659	4	19	5
18	659	18	19	4
815	659	15	19	5
151	659	11	19	5
326	659	6	19	4
496	659	16	19	3
521	659	1	19	4
780	659	0	19	4
354	659	14	19	4
452	659	12	19	4
878	659	18	19	4
398	659	18	19	3
527	659	7	19	4
892	659	12	19	4
435	659	15	19	4
253	659	13	19	5
481	659	1	19	5
488	659	8	19	3
187	659	7	19	5
405	659	5	19	4
234	659	14	19	3
391	659	11	19	4
749	659	9	19	5
942	659	2	19	5
312	659	12	19	5
167	659	7	19	4
11	659	11	19	5
911	659	11	19	3
774	659	14	19	3
870	659	10	19	4
798	659	18	19	4
766	659	6	19	3
125	659	5	19	4
767	659	7	19	5
401	659	1	19	3
886	659	6	19	4
682	659	2	19	1
836	659	16	19	5
256	679	16	19	3
308	679	8	19	4
660	679	0	19	2
892	679	12	19	3
487	679	7	19	2
279	679	19	19	4
796	679	16	19	4
897	679	17	19	5
638	679	18	19	3
326	679	6	19	3
776	679	16	19	4
622	679	2	19	3
303	679	3	19	2
642	679	2	19	2
618	679	18	19	1
311	679	11	19	4
901	679	1	19	4
881	679	1	19	1
7	679	7	19	5
846	679	6	19	3
254	679	14	19	2
826	679	6	19	2
495	679	15	19	3
600	679	0	19	2
896	679	16	19	3
450	679	10	19	1
94	679	14	19	4
51	679	11	19	3
87	679	7	19	3
425	679	5	19	3
59	679	19	19	4
766	679	6	19	3
532	679	12	19	5
42	679	2	19	2
648	679	8	19	3
95	679	15	19	2
373	679	13	19	2
64	679	4	19	3
536	679	16	19	4
774	679	14	19	5
268	679	8	19	4
916	679	16	19	3
804	679	4	19	4
197	679	17	19	1
643	679	3	19	3
830	679	10	19	3
435	679	15	19	3
807	679	7	19	4
217	679	17	19	5
246	679	6	19	2
23	679	3	19	3
788	679	8	19	2
671	679	11	19	3
405	679	5	19	1
38	679	18	19	5
200	679	0	19	4
933	679	13	19	1
267	679	7	19	4
627	679	7	19	3
833	679	13	19	3
293	679	13	19	2
13	679	13	19	4
545	679	5	19	2
332	679	12	19	5
484	679	4	19	2
497	679	17	19	3
109	679	9	19	3
727	679	7	19	5
275	679	15	19	3
429	679	9	19	4
653	679	13	19	2
457	679	17	19	4
521	679	1	19	3
632	679	12	19	4
363	679	3	19	4
298	679	18	19	3
932	679	12	19	2
194	679	14	19	2
805	679	5	19	4
848	679	8	19	3
466	679	6	19	3
72	679	12	19	2
399	679	19	19	3
757	679	17	19	4
843	679	3	19	4
328	679	8	19	2
222	679	2	19	2
868	679	8	19	3
92	679	12	19	4
394	679	14	19	3
253	679	13	19	3
114	679	14	19	2
524	679	4	19	2
276	679	16	19	3
650	679	10	19	3
320	679	0	19	4
178	679	18	19	4
586	679	6	19	3
269	679	9	19	1
704	679	4	19	2
387	679	7	19	5
201	679	1	19	3
561	679	1	19	3
567	679	7	19	4
210	679	10	19	3
417	679	17	19	2
305	679	5	19	3
314	699	14	19	5
43	699	3	19	4
484	699	4	19	4
659	699	19	19	3
406	699	6	19	4
588	699	8	19	4
666	699	6	19	3
90	699	10	19	4
342	699	2	19	4
450	699	10	19	4
627	699	7	19	1
788	699	8	19	3
297	699	17	19	4
608	699	8	19	5
60	699	0	19	4
280	699	0	19	4
615	699	15	19	3
887	699	7	19	1
541	699	1	19	4
328	699	8	19	4
922	699	2	19	3
655	699	15	19	2
253	699	13	19	4
152	699	12	19	5
610	699	10	19	2
798	699	18	19	3
230	699	10	19	4
652	699	12	19	5
268	699	8	19	3
474	699	14	19	4
682	699	2	19	3
330	699	10	19	5
665	699	5	19	4
618	699	18	19	3
711	699	11	19	5
457	699	17	19	4
629	699	9	19	3
290	699	10	19	3
437	699	17	19	4
405	699	5	19	2
18	699	18	19	5
536	699	16	19	3
11	699	11	19	4
308	699	8	19	4
201	699	1	19	3
389	699	9	19	5
642	699	2	19	5
786	699	6	19	4
10	699	10	19	4
846	699	6	19	3
311	699	11	19	4
705	699	5	19	5
144	699	4	19	4
59	699	19	19	4
243	699	3	19	4
500	699	0	19	3
492	699	12	19	3
234	699	14	19	3
62	699	2	19	4
254	699	14	19	3
496	699	16	19	3
748	699	8	19	3
347	699	7	19	1
363	699	3	19	2
174	699	14	19	5
601	699	1	19	3
95	699	15	19	2
741	699	1	19	4
897	699	17	19	4
807	699	7	19	4
504	699	4	19	4
224	699	4	19	4
106	699	6	19	4
535	699	15	19	4
468	699	8	19	3
373	699	13	19	4
151	699	11	19	4
262	699	2	19	5
734	699	14	19	4
796	699	16	19	4
263	699	3	19	4
878	699	18	19	1
122	699	2	19	5
72	699	12	19	3
24	699	4	19	3
537	699	17	19	4
593	699	13	19	4
80	699	0	19	3
380	699	0	19	3
712	699	12	19	5
416	699	16	19	5
721	699	1	19	3
907	699	7	19	5
378	699	18	19	4
870	699	10	19	3
506	699	6	19	4
694	699	14	19	4
620	699	0	19	5
184	699	4	19	5
236	699	16	19	4
354	699	14	19	3
271	699	11	19	4
804	719	4	19	3
707	719	7	19	3
504	719	4	19	3
798	719	18	19	1
682	719	2	19	2
653	719	13	19	3
385	719	5	19	2
363	719	3	19	3
551	719	11	19	1
846	719	6	19	2
896	719	16	19	1
222	719	2	19	1
795	719	15	19	2
11	719	11	19	3
497	719	17	19	3
339	719	19	19	3
650	719	10	19	3
880	719	0	19	3
405	719	5	19	1
805	719	5	19	4
301	719	1	19	4
246	719	6	19	4
268	719	8	19	1
279	719	19	19	4
622	719	2	19	2
167	719	7	19	1
160	719	0	19	3
276	719	16	19	3
561	719	1	19	1
363	739	3	19	3
301	739	1	19	2
130	739	10	19	5
877	739	17	19	4
561	739	1	19	2
622	739	2	19	2
343	739	3	19	3
524	739	4	19	2
533	739	13	19	5
506	739	6	19	4
774	739	14	19	2
766	739	6	19	2
896	739	16	19	2
503	739	3	19	1
222	739	2	19	4
907	739	7	19	5
290	739	10	19	3
333	739	13	19	5
303	739	3	19	5
904	739	4	19	4
537	739	17	19	1
405	739	5	19	2
270	739	10	19	4
234	739	14	19	3
890	739	10	19	2
709	739	9	19	3
943	739	3	19	4
183	739	3	19	4
269	739	9	19	1
479	739	19	19	1
843	739	3	19	2
407	739	7	19	3
286	739	6	19	3
393	739	13	19	3
293	739	13	19	2
385	739	5	19	1
299	739	19	19	3
715	739	15	19	2
472	739	12	19	5
330	739	10	19	5
178	739	18	19	4
394	739	14	19	4
194	739	14	19	3
109	739	9	19	4
497	739	17	19	4
450	739	10	19	4
314	739	14	19	5
416	739	16	19	5
577	739	17	19	3
279	739	19	19	1
805	739	5	19	1
660	739	0	19	2
727	739	7	19	4
59	739	19	19	4
276	739	16	19	2
106	739	6	19	3
318	739	18	19	5
280	739	0	19	3
711	739	11	19	3
868	739	8	19	2
373	739	13	19	3
830	739	10	19	4
395	739	15	19	3
11	739	11	19	3
795	739	15	19	1
642	739	2	19	5
193	739	13	19	4
927	739	7	19	3
588	739	8	19	4
625	739	5	19	3
551	739	11	19	4
848	739	8	19	5
557	739	17	19	3
320	739	0	19	4
883	739	3	19	2
457	739	17	19	4
404	739	4	19	4
180	739	0	19	3
346	739	6	19	3
495	739	15	19	4
655	739	15	19	4
760	739	0	19	4
504	739	4	19	3
271	739	11	19	4
361	739	1	19	4
632	739	12	19	3
916	739	16	19	3
901	739	1	19	5
246	739	6	19	2
83	739	3	19	5
796	739	16	19	5
92	739	12	19	2
889	739	9	19	3
846	739	6	19	4
308	739	8	19	4
70	739	10	19	2
751	739	11	19	3
345	739	5	19	4
804	739	4	19	4
487	739	7	19	2
174	739	14	19	5
892	739	12	19	4
184	739	4	19	3
914	739	14	19	2
712	739	12	19	4
291	739	11	19	3
256	739	16	19	5
477	739	17	19	4
721	739	1	19	4
295	739	15	19	4
89	739	9	19	2
62	739	2	19	2
429	739	9	19	3
18	739	18	19	3
500	739	0	19	2
23	739	3	19	2
659	739	19	19	4
650	739	10	19	2
456	739	16	19	3
437	739	17	19	3
690	739	10	19	3
788	739	8	19	2
378	739	18	19	4
128	739	8	19	4
436	739	16	19	4
230	739	10	19	5
545	739	5	19	4
307	739	7	19	2
244	739	4	19	3
643	739	3	19	3
94	739	14	19	2
339	739	19	19	3
513	739	13	19	5
311	739	11	19	4
790	739	10	19	4
639	739	19	19	3
707	739	7	19	2
747	739	7	19	3
208	739	8	19	4
654	739	14	19	4
532	739	12	19	5
110	739	10	19	4
90	739	10	19	5
95	739	15	19	3
878	739	18	19	3
749	739	9	19	3
13	739	13	19	4
882	739	2	19	4
593	739	13	19	5
653	739	13	19	3
478	739	18	19	4
756	739	16	19	4
881	739	1	19	4
389	739	9	19	2
313	739	13	19	3
885	739	5	19	4
267	739	7	19	4
145	739	5	19	2
200	739	0	19	4
922	739	2	19	3
823	739	3	19	4
152	739	12	19	5
328	739	8	19	3
807	739	7	19	4
13	759	13	19	2
110	759	10	19	3
279	759	19	19	4
303	759	3	19	1
600	759	0	19	2
893	759	13	19	3
405	759	5	19	1
425	759	5	19	2
642	759	2	19	3
532	759	12	19	2
276	759	16	19	1
671	779	11	19	3
293	779	13	19	1
110	779	10	19	3
195	779	15	19	2
399	779	19	19	4
487	779	7	19	2
600	779	0	19	2
586	779	6	19	3
276	779	16	19	2
256	779	16	19	4
303	779	3	19	1
621	779	1	19	3
506	779	6	19	2
374	779	14	19	3
197	779	17	19	2
130	779	10	19	4
727	779	7	19	2
13	779	13	19	3
95	779	15	19	3
217	779	17	19	1
653	779	13	19	1
417	779	17	19	2
642	779	2	19	3
682	779	2	19	3
551	779	11	19	4
405	779	5	19	1
393	779	13	19	3
796	779	16	19	3
826	779	6	19	3
880	779	0	19	3
279	779	19	19	3
854	799	14	19	3
707	799	7	19	4
13	799	13	19	4
886	799	6	19	1
60	799	0	19	4
13	819	13	19	1
181	819	1	19	3
764	819	4	19	3
256	819	16	19	4
130	819	10	19	3
554	819	14	19	3
833	819	13	19	1
348	819	8	19	4
907	819	7	19	4
457	819	17	19	2
223	819	3	19	3
101	819	1	19	1
927	819	7	19	3
178	819	18	19	2
463	819	3	19	1
893	819	13	19	3
393	819	13	19	3
726	819	6	19	3
703	819	3	19	2
754	819	14	19	3
798	819	18	19	3
760	819	0	19	1
434	819	14	19	3
919	819	19	19	3
286	819	6	19	3
314	819	14	19	4
374	819	14	19	3
357	819	17	19	4
347	819	7	19	1
416	819	16	19	3
886	819	6	19	4
630	819	10	19	3
577	819	17	19	3
634	819	14	19	2
763	819	3	19	2
168	819	8	19	4
708	819	8	19	3
222	819	2	19	2
889	819	9	19	2
653	819	13	19	3
21	839	1	19	1
798	839	18	19	4
13	839	13	19	1
887	839	7	19	4
442	859	2	19	3
407	859	7	19	3
617	859	17	19	3
422	859	2	19	3
255	859	15	19	3
620	859	0	19	4
21	859	1	19	2
363	859	3	19	4
796	859	16	19	2
28	859	8	19	3
145	859	5	19	3
405	859	5	19	1
13	859	13	19	1
336	859	16	19	2
709	859	9	19	3
479	879	19	19	4
917	879	17	19	2
263	879	3	19	2
863	879	3	19	2
332	879	12	19	4
566	879	6	19	2
454	879	14	19	4
489	879	9	19	5
676	879	16	19	3
445	879	5	19	2
84	879	4	19	4
616	879	16	19	4
304	879	4	19	3
942	879	2	19	4
499	879	19	19	3
102	879	2	19	3
624	879	4	19	3
351	879	11	19	5
64	879	4	19	3
324	879	4	19	4
688	879	8	19	5
502	879	2	19	3
145	879	5	19	5
810	879	10	19	5
509	879	9	19	1
533	879	13	19	3
880	879	0	19	3
755	879	15	19	4
702	879	2	19	1
894	879	14	19	4
197	879	17	19	4
749	879	9	19	4
29	879	9	19	3
169	879	9	19	5
873	879	13	19	2
451	879	11	19	4
421	879	1	19	4
940	879	0	19	3
393	879	13	19	3
683	879	3	19	3
905	879	5	19	3
193	879	13	19	3
384	879	4	19	4
447	879	7	19	3
40	879	0	19	2
404	879	4	19	3
13	879	13	19	2
856	879	16	19	3
173	879	13	19	5
788	879	8	19	4
33	879	13	19	3
669	879	9	19	2
240	879	0	19	3
721	879	1	19	4
407	879	7	19	3
750	879	10	19	4
464	879	4	19	4
806	879	6	19	3
329	879	9	19	2
919	879	19	19	3
570	879	10	19	2
362	879	2	19	5
409	879	9	19	1
484	879	4	19	4
294	879	14	19	4
687	879	7	19	3
851	879	11	19	4
90	879	10	19	3
782	879	2	19	3
224	879	4	19	3
219	879	19	19	4
697	879	17	19	4
428	879	8	19	4
796	879	16	19	4
532	879	12	19	3
346	879	6	19	5
43	879	3	19	4
519	879	19	19	5
446	879	6	19	3
635	879	15	19	3
276	879	16	19	3
802	879	2	19	5
718	879	18	19	2
727	879	7	19	4
626	879	6	19	1
255	879	15	19	3
302	879	2	19	2
605	879	5	19	3
282	879	2	19	2
116	879	16	19	2
589	879	9	19	4
772	879	12	19	4
15	879	15	19	3
486	879	6	19	3
621	879	1	19	4
587	879	7	19	1
493	879	13	19	4
317	879	17	19	3
507	879	7	19	5
345	879	5	19	2
100	879	0	19	4
337	879	17	19	3
423	879	3	19	3
779	879	19	19	3
416	879	16	19	3
689	879	9	19	2
729	879	9	19	3
347	879	7	19	3
526	879	6	19	3
181	879	1	19	2
889	879	9	19	3
86	879	6	19	2
360	879	0	19	3
163	879	3	19	2
35	879	15	19	4
328	879	8	19	3
743	879	3	19	4
619	879	19	19	4
134	879	14	19	4
112	879	12	19	4
652	879	12	19	3
203	879	3	19	4
319	879	19	19	5
724	879	4	19	1
902	879	2	19	4
431	879	11	19	3
853	879	13	19	4
69	879	9	19	1
763	879	3	19	3
725	879	5	19	4
459	879	19	19	4
119	879	19	19	5
425	879	5	19	2
334	879	14	19	3
787	879	7	19	4
309	879	9	19	4
13	899	13	19	1
418	899	18	19	5
655	899	15	19	2
696	899	16	19	3
34	899	14	19	5
848	899	8	19	3
466	899	6	19	5
787	899	7	19	3
334	899	14	19	4
269	919	9	19	4
913	919	13	19	4
59	919	19	19	4
154	919	14	19	4
176	919	16	19	2
862	919	2	19	4
467	919	7	19	2
833	919	13	19	2
581	919	1	19	5
825	919	5	19	1
535	919	15	19	4
151	919	11	19	5
518	919	18	19	5
854	919	14	19	4
941	919	1	19	5
343	919	3	19	5
399	919	19	19	2
276	919	16	19	4
297	919	17	19	1
919	919	19	19	2
886	919	6	19	4
52	919	12	19	5
23	919	3	19	5
369	919	9	19	5
592	919	12	19	5
363	919	3	19	5
292	919	12	19	5
855	919	15	19	3
498	919	18	19	4
567	919	7	19	4
299	919	19	19	3
756	919	16	19	5
922	919	2	19	5
585	919	5	19	2
97	919	17	19	5
118	919	18	19	5
936	919	16	19	5
526	919	6	19	3
82	919	2	19	3
303	919	3	19	4
327	919	7	19	5
624	919	4	19	4
181	919	1	19	1
490	919	10	19	4
246	919	6	19	4
385	919	5	19	4
500	919	0	19	3
49	919	9	19	5
232	919	12	19	3
543	919	3	19	2
823	919	3	19	4
422	919	2	19	5
367	919	7	19	5
658	919	18	19	2
640	919	0	19	5
201	919	1	19	3
815	919	15	19	5
17	919	17	19	4
387	919	7	19	5
770	919	10	19	5
345	919	5	19	2
606	919	6	19	2
177	919	17	19	4
470	919	10	19	3
433	919	13	19	5
773	919	13	19	5
655	919	15	19	2
883	919	3	19	4
249	919	9	19	5
663	919	3	19	3
312	919	12	19	3
582	919	2	19	5
844	919	4	19	3
64	919	4	19	4
279	919	19	19	3
534	919	14	19	5
445	919	5	19	1
14	919	14	19	4
634	919	14	19	2
24	919	4	19	3
537	919	17	19	4
435	919	15	19	5
868	919	8	19	4
486	919	6	19	3
758	919	18	19	5
406	919	6	19	2
533	919	13	19	2
456	919	16	19	4
865	919	5	19	5
738	919	18	19	4
795	919	15	19	4
916	919	16	19	5
838	919	18	19	5
889	919	9	19	5
894	919	14	19	4
76	919	16	19	3
151	939	11	19	4
145	939	5	19	4
608	939	8	19	4
393	939	13	19	4
43	939	3	19	3
339	939	19	19	4
94	939	14	19	4
291	939	11	19	4
42	939	2	19	4
709	939	9	19	4
276	939	16	19	3
269	939	9	19	2
130	939	10	19	4
870	939	10	19	3
554	939	14	19	4
606	939	6	19	4
16	939	16	19	4
633	939	13	19	4
198	939	18	19	3
655	939	15	19	3
586	939	6	19	4
234	939	14	19	2
412	939	12	19	4
375	939	15	19	3
618	939	18	19	2
311	939	11	19	2
256	939	16	19	5
455	939	15	19	4
796	939	16	19	3
110	939	10	19	4
314	939	14	19	4
429	939	9	19	4
185	939	5	19	3
458	939	18	19	4
450	939	10	19	4
474	939	14	19	4
328	939	8	19	4
577	939	17	19	5
886	939	6	19	4
747	939	7	19	3
627	939	7	19	3
135	939	15	19	4
293	939	13	19	2
715	939	15	19	4
487	939	7	19	3
764	939	4	19	4
454	939	14	19	2
180	939	0	19	4
186	939	6	19	5
303	939	3	19	3
592	939	12	19	3
405	939	5	19	5
693	939	13	19	4
194	939	14	19	3
916	939	16	19	3
864	939	4	19	4
504	939	4	19	4
378	939	18	19	4
222	939	2	19	3
757	939	17	19	4
805	959	5	19	2
399	959	19	19	3
327	959	7	19	5
59	959	19	19	4
346	959	6	19	2
49	959	9	19	2
758	959	18	19	3
18	959	18	19	3
493	959	13	19	2
416	959	16	19	5
262	959	2	19	2
234	959	14	19	2
561	959	1	19	3
385	959	5	19	3
94	959	14	19	5
476	959	16	19	3
790	959	10	19	3
380	959	0	19	2
378	959	18	19	3
551	959	11	19	5
299	959	19	19	2
747	959	7	19	5
244	959	4	19	4
276	959	16	19	4
655	959	15	19	3
537	959	17	19	3
645	959	5	19	4
308	959	8	19	3
886	959	6	19	3
916	959	16	19	4
64	959	4	19	4
457	959	17	19	4
314	959	14	19	3
347	959	7	19	5
198	959	18	19	3
405	959	5	19	1
709	959	9	19	4
130	959	10	19	4
642	959	2	19	5
933	959	13	19	1
606	959	6	19	5
62	959	2	19	4
301	959	1	19	4
453	959	13	19	4
843	959	3	19	2
259	959	19	19	4
711	959	11	19	5
870	959	10	19	4
445	959	5	19	5
773	959	13	19	4
478	959	18	19	4
336	959	16	19	3
566	959	6	19	4
542	959	2	19	3
682	959	2	19	4
618	959	18	19	4
889	959	9	19	3
267	959	7	19	3
269	959	9	19	5
363	959	3	19	1
456	959	16	19	4
666	959	6	19	4
588	959	8	19	5
643	959	3	19	3
851	979	11	19	3
201	979	1	19	2
113	979	13	19	5
442	979	2	19	3
26	979	6	19	3
551	979	11	19	4
303	979	3	19	4
417	979	17	19	3
374	979	14	19	3
862	979	2	19	5
294	979	14	19	3
101	979	1	19	2
854	979	14	19	4
21	979	1	19	2
537	979	17	19	2
63	979	3	19	3
394	979	14	19	5
697	979	17	19	5
655	979	15	19	3
634	979	14	19	3
501	979	1	19	3
793	979	13	19	3
595	979	15	19	3
456	979	16	19	3
445	979	5	19	2
181	979	1	19	2
569	979	9	19	3
894	979	14	19	3
198	979	18	19	5
889	979	9	19	3
624	979	4	19	4
378	979	18	19	3
825	979	5	19	4
145	979	5	19	3
363	979	3	19	1
417	999	17	19	3
429	999	9	19	2
336	999	16	19	2
682	999	2	19	2
393	999	13	19	4
42	999	2	19	4
405	999	5	19	1
22	999	2	19	4
476	999	16	19	2
125	999	5	19	4
387	1019	7	19	4
833	1019	13	19	5
31	1019	11	19	5
162	1019	2	19	4
29	1019	9	19	4
456	1019	16	19	4
560	1019	0	19	4
132	1019	12	19	3
633	1019	13	19	4
506	1019	6	19	5
883	1019	3	19	5
58	1019	18	19	4
327	1019	7	19	3
276	1019	16	19	5
363	1019	3	19	5
322	1019	2	19	4
682	1019	2	19	5
160	1019	0	19	5
130	1019	10	19	4
397	1019	17	19	3
308	1019	8	19	4
487	1019	7	19	5
405	1019	5	19	1
886	1019	6	19	4
870	1019	10	19	3
758	1019	18	19	4
710	1019	10	19	4
76	1019	16	19	3
537	1019	17	19	1
617	1019	17	19	4
567	1019	7	19	5
650	1039	10	19	3
838	1039	18	19	5
295	1039	15	19	4
561	1039	1	19	3
479	1039	19	19	4
721	1039	1	19	5
505	1039	5	19	4
380	1039	0	19	3
243	1039	3	19	4
144	1039	4	19	4
514	1039	14	19	5
682	1039	2	19	4
224	1039	4	19	5
890	1039	10	19	4
622	1039	2	19	5
796	1039	16	19	4
288	1039	8	19	2
360	1039	0	19	5
246	1039	6	19	4
85	1039	5	19	4
148	1039	8	19	2
292	1039	12	19	4
214	1039	14	19	4
458	1039	18	19	5
606	1039	6	19	4
303	1039	3	19	5
588	1039	8	19	4
807	1039	7	19	4
618	1039	18	19	4
109	1039	9	19	2
911	1039	11	19	4
601	1039	1	19	4
710	1039	10	19	4
151	1039	11	19	4
571	1039	11	19	3
608	1039	8	19	5
878	1039	18	19	3
249	1039	9	19	5
731	1039	11	19	4
41	1039	1	19	3
844	1039	4	19	4
373	1039	13	19	4
457	1039	17	19	5
867	1039	7	19	5
641	1039	1	19	4
215	1039	15	19	5
437	1039	17	19	2
253	1039	13	19	4
347	1039	7	19	5
201	1039	1	19	3
354	1039	14	19	4
763	1039	3	19	4
790	1039	10	19	3
495	1039	15	19	5
244	1039	4	19	4
417	1039	17	19	3
551	1039	11	19	4
488	1039	8	19	4
312	1039	12	19	5
535	1039	15	19	4
815	1039	15	19	5
350	1039	10	19	4
343	1039	3	19	5
450	1039	10	19	5
393	1039	13	19	3
758	1039	18	19	5
843	1039	3	19	3
562	1039	2	19	4
592	1039	12	19	4
346	1039	6	19	2
435	1039	15	19	4
116	1039	16	19	4
316	1039	16	19	5
90	1039	10	19	5
177	1039	17	19	3
536	1039	16	19	5
481	1039	1	19	4
429	1039	9	19	5
236	1039	16	19	2
286	1039	6	19	5
459	1039	19	19	3
128	1039	8	19	4
532	1039	12	19	4
339	1039	19	19	4
279	1039	19	19	4
299	1039	19	19	4
234	1039	14	19	3
642	1039	2	19	5
716	1039	16	19	5
130	1039	10	19	4
561	1059	1	19	1
57	1059	17	19	3
860	1059	0	19	1
595	1059	15	19	4
336	1059	16	19	3
709	1059	9	19	5
542	1059	2	19	4
268	1059	8	19	3
880	1059	0	19	4
551	1059	11	19	3
181	1059	1	19	1
534	1059	14	19	4
456	1059	16	19	4
347	1059	7	19	3
467	1059	7	19	4
81	1059	1	19	3
726	1059	6	19	5
320	1059	0	19	4
291	1059	11	19	4
663	1059	3	19	2
45	1059	5	19	2
75	1059	15	19	1
806	1059	6	19	3
592	1059	12	19	3
279	1059	19	19	4
221	1059	1	19	4
851	1059	11	19	3
624	1059	4	19	1
521	1059	1	19	1
374	1059	14	19	2
82	1059	2	19	1
697	1059	17	19	2
141	1059	1	19	1
117	1059	17	19	3
222	1059	2	19	1
630	1079	10	19	1
518	1079	18	19	1
495	1079	15	19	5
118	1079	18	19	4
268	1079	8	19	3
453	1079	13	19	1
394	1079	14	19	3
708	1079	8	19	1
774	1079	14	19	1
472	1079	12	19	4
130	1079	10	19	3
99	1079	19	19	3
916	1079	16	19	2
889	1079	9	19	2
869	1079	9	19	2
658	1079	18	19	2
887	1079	7	19	1
622	1079	2	19	2
592	1079	12	19	1
286	1079	6	19	3
486	1079	6	19	2
92	1079	12	19	3
336	1079	16	19	1
283	1079	3	19	4
682	1079	2	19	3
87	1079	7	19	2
181	1079	1	19	1
373	1079	13	19	4
804	1079	4	19	4
601	1079	1	19	3
291	1079	11	19	2
922	1079	2	19	1
426	1079	6	19	3
49	1079	9	19	1
642	1079	2	19	5
777	1079	17	19	2
290	1079	10	19	2
429	1079	9	19	2
244	1079	4	19	2
551	1079	11	19	1
936	1079	16	19	1
276	1079	16	19	2
294	1079	14	19	2
222	1079	2	19	1
406	1079	6	19	2
280	1099	0	19	5
363	1099	3	19	2
591	1099	11	19	5
918	1099	18	19	4
670	1099	10	19	3
844	1099	4	19	2
405	1099	5	19	1
239	1099	19	19	5
58	1099	18	19	2
655	1099	15	19	3
409	1099	9	19	4
189	1099	9	19	5
543	1099	3	19	4
405	1119	5	19	3
224	1119	4	19	3
864	1119	4	19	3
293	1119	13	19	1
831	1119	11	19	3
796	1119	16	19	4
608	1119	8	19	5
495	1119	15	19	4
756	1119	16	19	4
286	1119	6	19	3
244	1119	4	19	5
429	1119	9	19	3
532	1119	12	19	5
311	1119	11	19	4
871	1119	11	19	3
59	1119	19	19	4
798	1119	18	19	3
790	1119	10	19	4
896	1119	16	19	3
886	1119	6	19	4
373	1119	13	19	5
880	1119	0	19	3
187	1119	7	19	3
916	1119	16	19	3
805	1119	5	19	3
711	1119	11	19	4
398	1119	18	19	4
721	1119	1	19	4
650	1119	10	19	3
450	1119	10	19	4
354	1119	14	19	4
727	1119	7	19	3
919	1119	19	19	3
436	1119	16	19	4
389	1119	9	19	3
416	1119	16	19	5
235	1119	15	19	3
472	1119	12	19	5
361	1119	1	19	3
457	1119	17	19	4
178	1119	18	19	4
561	1119	1	19	3
122	1119	2	19	3
94	1119	14	19	4
381	1119	1	19	4
417	1119	17	19	3
89	1119	9	19	3
180	1119	0	19	3
593	1119	13	19	5
659	1119	19	19	4
712	1119	12	19	4
907	1119	7	19	5
663	1119	3	19	3
629	1119	9	19	5
256	1119	16	19	3
299	1119	19	19	4
270	1119	10	19	5
99	1119	19	19	4
165	1119	5	19	3
222	1139	2	19	3
727	1139	7	19	3
246	1139	6	19	2
788	1139	8	19	1
749	1139	9	19	3
109	1139	9	19	2
405	1139	5	19	1
472	1139	12	19	5
291	1139	11	19	3
561	1139	1	19	1
551	1139	11	19	4
660	1139	0	19	2
798	1139	18	19	3
537	1139	17	19	2
328	1139	8	19	1
880	1139	0	19	4
393	1139	13	19	3
653	1139	13	19	3
314	1139	14	19	5
64	1139	4	19	1
932	1139	12	19	2
496	1139	16	19	2
416	1139	16	19	3
271	1139	11	19	3
643	1139	3	19	3
399	1139	19	19	4
174	1139	14	19	2
339	1139	19	19	3
889	1139	9	19	1
417	1139	17	19	3
200	1139	0	19	3
429	1139	9	19	2
804	1139	4	19	3
758	1159	18	19	5
405	1159	5	19	1
409	1159	9	19	2
385	1159	5	19	4
183	1159	3	19	3
867	1159	7	19	5
543	1159	3	19	5
358	1159	18	19	5
645	1159	5	19	4
76	1159	16	19	3
747	1159	7	19	2
405	1179	5	19	1
846	1179	6	19	2
222	1179	2	19	1
393	1179	13	19	4
642	1179	2	19	3
399	1179	19	19	2
110	1179	10	19	2
747	1179	7	19	1
87	1179	7	19	3
825	1199	5	19	4
445	1199	5	19	1
795	1199	15	19	3
862	1199	2	19	2
276	1199	16	19	4
250	1199	10	19	3
543	1199	3	19	2
90	1199	10	19	5
634	1199	14	19	1
94	1199	14	19	3
303	1199	3	19	3
403	1199	3	19	2
592	1199	12	19	5
331	1199	11	19	1
606	1199	6	19	3
463	1199	3	19	1
387	1199	7	19	5
534	1199	14	19	5
422	1199	2	19	3
181	1199	1	19	1
936	1199	16	19	4
532	1199	12	19	3
294	1199	14	19	2
405	1219	5	19	1
393	1219	13	19	4
471	1219	11	19	4
588	1219	8	19	2
95	1219	15	19	1
506	1219	6	19	2
275	1219	15	19	2
291	1219	11	19	4
399	1219	19	19	3
379	1219	19	19	2
892	1219	12	19	2
200	1219	0	19	3
620	1219	0	19	3
577	1219	17	19	3
642	1219	2	19	4
897	1219	17	19	4
776	1219	16	19	3
826	1219	6	19	4
279	1219	19	19	3
94	1219	14	19	4
276	1239	16	19	1
671	1239	11	19	3
472	1239	12	19	5
303	1239	3	19	1
798	1239	18	19	4
102	1239	2	19	2
887	1239	7	19	3
279	1239	19	19	1
846	1239	6	19	2
600	1239	0	19	2
826	1239	6	19	4
291	1239	11	19	2
642	1239	2	19	4
286	1239	6	19	3
405	1239	5	19	1
222	1239	2	19	2
889	1239	9	19	1
393	1239	13	19	3
914	1259	14	19	1
119	1259	19	19	3
181	1259	1	19	1
595	1259	15	19	3
887	1279	7	19	3
130	1279	10	19	4
145	1279	5	19	1
399	1279	19	19	3
921	1279	1	19	2
506	1279	6	19	4
782	1279	2	19	3
936	1279	16	19	3
752	1279	12	19	3
815	1299	15	19	3
670	1299	10	19	4
312	1299	12	19	4
454	1299	14	19	2
796	1299	16	19	2
698	1299	18	19	2
704	1299	4	19	3
151	1299	11	19	4
655	1319	15	19	3
181	1319	1	19	1
585	1319	5	19	2
592	1319	12	19	1
181	1339	1	19	1
181	1359	1	19	1
405	1359	5	19	1
181	1379	1	19	1
782	1379	2	19	3
486	1379	6	19	3
299	1379	19	19	3
409	1379	9	19	3
655	1379	15	19	3
894	1379	14	19	4
405	1399	5	19	1
564	1399	4	19	2
782	1399	2	19	2
845	1399	5	19	3
396	1399	16	19	3
515	1399	15	19	4
186	1399	6	19	2
405	1419	5	19	2
551	1419	11	19	1
660	1419	0	19	1
650	1419	10	19	3
889	1419	9	19	2
200	1419	0	19	5
622	1419	2	19	2
393	1419	13	19	3
497	1419	17	19	2
222	1419	2	19	1
495	1419	15	19	1
197	1419	17	19	2
435	1419	15	19	2
425	1419	5	19	3
600	1419	0	19	3
774	1419	14	19	1
381	1439	1	19	3
551	1439	11	19	5
222	1439	2	19	3
328	1439	8	19	3
405	1439	5	19	1
378	1439	18	19	3
504	1439	4	19	4
846	1439	6	19	2
280	1459	0	19	4
399	1459	19	19	3
788	1459	8	19	2
295	1459	15	19	5
496	1459	16	19	4
234	1459	14	19	3
512	1459	12	19	4
280	1479	0	19	3
311	1479	11	19	3
450	1479	10	19	3
707	1479	7	19	5
655	1479	15	19	2
846	1479	6	19	3
405	1479	5	19	1
269	1479	9	19	2
655	1499	15	19	3
405	1499	5	19	1
279	1499	19	19	4
385	1499	5	19	5
314	1519	14	19	4
405	1519	5	19	2
798	1539	18	19	2
417	1539	17	19	2
405	1539	5	19	1
393	1539	13	19	2
405	1559	5	19	1
405	1579	5	19	1
437	1599	17	19	5
543	1619	3	19	3
655	1639	15	19	4
918	1639	18	19	5
840	1639	0	19	4
747	1659	7	19	1
863	1679	3	19	3
