11	8	11	8	4
748	8	8	8	4
329	8	9	8	2
455	8	15	8	4
271	8	11	8	4
94	8	14	8	5
766	8	6	8	5
907	8	7	8	3
189	8	9	8	5
601	8	1	8	3
201	8	1	8	3
503	8	3	8	5
711	8	11	8	5
554	8	14	8	4
144	8	4	8	4
795	8	15	8	5
246	8	6	8	3
321	8	1	8	4
532	8	12	8	5
875	8	15	8	3
312	8	12	8	5
927	8	7	8	4
385	8	5	8	5
621	8	1	8	5
940	8	0	8	5
315	8	15	8	3
70	8	10	8	4
397	8	17	8	4
921	8	1	8	3
328	8	8	8	3
746	8	6	8	4
622	8	2	8	4
327	8	7	8	4
465	8	5	8	4
541	8	1	8	5
314	8	14	8	4
691	8	11	8	2
481	8	1	8	3
82	8	2	8	4
13	8	13	8	4
233	8	13	8	3
43	8	3	8	4
218	8	18	8	3
499	8	19	8	5
731	8	11	8	2
253	8	13	8	4
823	8	3	8	5
771	8	11	8	5
591	8	11	8	3
25	8	5	8	4
330	8	10	8	5
363	8	3	8	5
272	8	12	8	4
342	8	2	8	4
16	8	16	8	5
480	8	0	8	5
303	8	3	8	5
459	8	19	8	5
642	8	2	8	5
90	8	10	8	5
23	8	3	8	4
207	8	7	8	3
889	8	9	8	3
230	8	10	8	5
807	8	7	8	4
239	8	19	8	5
308	8	8	8	5
661	8	1	8	5
115	8	15	8	5
610	8	10	8	4
254	8	14	8	5
178	8	18	8	4
200	8	0	8	4
840	8	0	8	5
92	8	12	8	5
232	8	12	8	2
566	8	6	8	4
399	8	19	8	3
588	8	8	8	5
690	8	10	8	4
167	8	7	8	5
878	8	18	8	3
557	8	17	8	5
897	8	17	8	3
58	8	18	8	4
398	8	18	8	3
655	8	15	8	3
850	8	10	8	5
471	8	11	8	5
276	8	16	8	4
194	8	14	8	3
864	8	4	8	5
379	8	19	8	5
608	8	8	8	2
280	8	0	8	5
452	8	12	8	4
523	8	3	8	5
901	8	1	8	3
756	8	16	8	4
332	8	12	8	5
24	8	4	8	5
500	8	0	8	4
707	8	7	8	5
474	8	14	8	5
344	8	4	8	5
49	8	9	8	3
628	8	8	8	2
437	8	17	8	4
18	8	18	8	5
378	8	18	8	4
592	8	12	8	5
1	8	1	8	1
618	8	18	8	3
109	8	9	8	3
796	8	16	8	5
535	8	15	8	4
222	8	2	8	1
96	8	16	8	5
479	8	19	8	5
409	8	9	8	3
838	8	18	8	4
606	8	6	8	2
896	8	16	8	5
536	8	16	8	5
297	8	17	8	5
913	8	13	8	2
684	8	4	8	5
851	8	11	8	4
435	8	15	8	3
705	8	5	8	3
468	8	8	8	4
758	8	18	8	5
654	8	14	8	5
405	8	5	8	4
389	8	9	8	4
881	8	1	8	4
313	8	13	8	3
293	8	13	8	3
334	8	14	8	4
847	8	7	8	4
542	8	2	8	3
682	8	2	8	3
223	8	3	8	2
215	8	15	8	2
883	8	3	8	4
311	8	11	8	4
846	8	6	8	4
196	8	16	8	5
343	8	3	8	5
902	8	2	8	5
416	8	16	8	5
880	8	0	8	4
354	8	14	8	5
387	8	7	8	4
454	8	14	8	5
521	8	1	8	3
745	8	5	8	4
533	8	13	8	3
95	8	15	8	5
679	8	19	8	2
243	8	3	8	5
899	8	19	8	4
660	8	0	8	2
457	8	17	8	5
882	8	2	8	5
887	8	7	8	4
318	8	18	8	4
778	8	18	8	1
85	8	5	8	4
214	8	14	8	4
269	8	9	8	2
658	8	18	8	5
774	8	14	8	1
331	8	11	8	3
19	8	19	8	5
407	8	7	8	5
553	8	13	8	3
928	8	8	8	5
326	8	6	8	4
7	8	7	8	5
930	8	10	8	3
234	8	14	8	5
213	8	13	8	3
187	8	7	8	5
561	8	1	8	3
6	8	6	8	4
291	8	11	8	4
488	8	8	8	3
620	8	0	8	3
411	8	11	8	3
892	8	12	8	5
60	8	0	8	3
670	8	10	8	4
392	8	12	8	5
64	8	4	8	4
152	8	12	8	5
543	8	3	8	4
458	8	18	8	4
148	8	8	8	4
298	8	18	8	5
301	8	1	8	4
854	8	14	8	5
391	8	11	8	3
57	8	17	8	4
506	8	6	8	5
125	8	5	8	4
577	8	17	8	4
158	8	18	8	5
747	8	7	8	5
406	8	6	8	4
106	8	6	8	4
593	8	13	8	3
721	8	1	8	4
393	8	13	8	3
62	8	2	8	5
429	8	9	8	3
805	8	5	8	3
87	8	7	8	5
358	8	18	8	5
394	28	14	8	4
933	28	13	8	4
301	28	1	8	4
311	28	11	8	5
543	28	3	8	4
82	28	2	8	3
271	28	11	8	5
457	28	17	8	5
106	28	6	8	4
224	28	4	8	4
447	28	7	8	4
124	28	4	8	3
275	28	15	8	4
648	28	8	8	5
521	28	1	8	3
751	28	11	8	5
487	28	7	8	4
330	28	10	8	5
786	28	6	8	5
279	28	19	8	2
342	28	2	8	2
771	28	11	8	5
633	28	13	8	4
57	28	17	8	4
506	28	6	8	4
216	28	16	8	4
716	28	16	8	5
620	28	0	8	4
821	28	1	8	5
586	28	6	8	3
328	28	8	8	5
745	28	5	8	2
83	28	3	8	4
541	28	1	8	4
236	28	16	8	4
727	28	7	8	5
43	28	3	8	4
287	28	7	8	5
504	28	4	8	4
180	28	0	8	3
185	28	5	8	5
62	28	2	8	3
325	28	5	8	3
194	28	14	8	5
312	28	12	8	4
908	28	8	8	4
774	28	14	8	3
608	28	8	8	4
533	28	13	8	4
200	28	0	8	5
23	28	3	8	3
639	28	19	8	4
215	28	15	8	4
407	28	7	8	4
234	28	14	8	4
747	28	7	8	4
892	28	12	8	4
643	28	3	8	4
833	28	13	8	3
308	28	8	8	3
606	28	6	8	4
292	28	12	8	4
85	28	5	8	4
378	28	18	8	4
731	28	11	8	4
632	28	12	8	3
705	28	5	8	4
734	28	14	8	4
187	28	7	8	4
94	28	14	8	4
237	28	17	8	4
846	28	6	8	5
577	28	17	8	5
201	28	1	8	3
896	28	16	8	2
886	28	6	8	4
545	28	5	8	4
767	28	7	8	4
254	28	14	8	4
291	28	11	8	4
151	28	11	8	4
694	28	14	8	4
875	28	15	8	4
64	28	4	8	4
455	28	15	8	4
290	28	10	8	5
435	28	15	8	3
450	28	10	8	4
715	28	15	8	5
297	28	17	8	4
226	28	6	8	4
374	28	14	8	5
398	28	18	8	5
807	28	7	8	4
654	28	14	8	5
610	28	10	8	4
885	28	5	8	4
881	28	1	8	5
207	28	7	8	4
488	28	8	8	4
766	28	6	8	5
345	28	5	8	3
38	28	18	8	4
880	28	0	8	5
361	28	1	8	3
16	28	16	8	5
472	28	12	8	5
327	28	7	8	3
458	28	18	8	3
615	28	15	8	4
805	28	5	8	3
109	28	9	8	3
536	28	16	8	5
867	28	7	8	5
542	28	2	8	4
679	28	19	8	5
91	28	11	8	4
188	28	8	8	3
419	28	19	8	3
405	28	5	8	4
30	28	10	8	4
741	28	1	8	3
119	28	19	8	5
621	28	1	8	4
723	28	3	8	3
561	28	1	8	2
887	28	7	8	5
360	28	0	8	4
95	28	15	8	4
916	28	16	8	4
11	28	11	8	5
795	28	15	8	4
411	28	11	8	4
721	28	1	8	5
666	28	6	8	3
929	28	9	8	4
645	28	5	8	4
496	28	16	8	2
314	28	14	8	5
478	28	18	8	3
698	28	18	8	2
653	28	13	8	4
250	28	10	8	4
387	28	7	8	5
763	28	3	8	3
244	28	4	8	4
128	28	8	8	5
380	28	0	8	4
363	28	3	8	4
927	28	7	8	4
406	28	6	8	3
70	28	10	8	4
339	28	19	8	4
393	28	13	8	4
554	28	14	8	4
42	28	2	8	5
230	28	10	8	5
48	28	8	8	2
622	28	2	8	3
924	28	4	8	4
758	28	18	8	4
189	28	9	8	4
661	28	1	8	5
592	28	12	8	4
28	28	8	8	4
913	28	13	8	3
12	28	12	8	5
642	28	2	8	5
343	28	3	8	5
243	28	3	8	4
429	28	9	8	3
276	28	16	8	4
465	28	5	8	3
163	28	3	8	3
514	28	14	8	5
41	28	1	8	4
379	28	19	8	4
445	28	5	8	4
65	28	5	8	4
7	28	7	8	5
757	28	17	8	3
247	28	7	8	5
56	28	16	8	5
901	28	1	8	5
267	28	7	8	4
249	28	9	8	4
373	28	13	8	3
538	28	18	8	3
788	28	8	8	5
918	28	18	8	4
815	28	15	8	4
500	28	0	8	3
897	28	17	8	4
92	28	12	8	3
399	28	19	8	2
59	28	19	8	5
796	28	16	8	3
299	28	19	8	4
864	28	4	8	5
850	28	10	8	5
474	28	14	8	4
744	28	4	8	3
13	28	13	8	5
1	28	1	8	4
823	28	3	8	3
18	28	18	8	3
122	28	2	8	4
686	28	6	8	4
347	28	7	8	4
409	28	9	8	2
222	28	2	8	5
73	28	13	8	3
303	28	3	8	3
806	28	6	8	3
838	28	18	8	4
334	28	14	8	3
889	28	9	8	4
537	28	17	8	3
843	28	3	8	3
412	28	12	8	4
870	28	10	8	4
618	28	18	8	4
709	28	9	8	5
162	28	2	8	4
682	28	2	8	3
72	28	12	8	4
223	28	3	8	4
125	28	5	8	4
210	28	10	8	4
738	28	18	8	4
764	28	4	8	4
919	28	19	8	4
110	28	10	8	4
437	28	17	8	3
693	28	13	8	2
780	28	0	8	5
835	28	15	8	4
798	28	18	8	4
313	28	13	8	3
527	28	7	8	3
454	28	14	8	4
130	28	10	8	4
831	28	11	8	3
882	28	2	8	5
778	28	18	8	4
899	28	19	8	5
178	28	18	8	5
655	28	15	8	3
416	28	16	8	5
389	28	9	8	4
588	28	8	8	5
700	28	0	8	3
497	28	17	8	3
943	28	3	8	4
479	28	19	8	4
174	28	14	8	5
883	28	3	8	3
142	28	2	8	4
293	28	13	8	3
804	28	4	8	4
627	28	7	8	3
60	28	0	8	5
307	28	7	8	3
613	28	13	8	3
77	28	17	8	5
298	28	18	8	4
262	28	2	8	3
263	28	3	8	3
484	28	4	8	5
776	28	16	8	5
667	28	7	8	5
6	28	6	8	2
551	28	11	8	4
97	28	17	8	5
912	28	12	8	4
99	28	19	8	3
561	48	1	8	4
615	48	15	8	5
655	48	15	8	4
144	48	4	8	5
645	48	5	8	4
315	48	15	8	4
106	48	6	8	3
234	48	14	8	2
577	48	17	8	5
64	48	4	8	5
115	48	15	8	5
95	48	15	8	4
604	48	4	8	5
537	48	17	8	4
465	48	5	8	3
684	48	4	8	4
374	48	14	8	5
457	48	17	8	5
326	48	6	8	3
899	48	19	8	4
72	48	12	8	4
454	48	14	8	4
682	48	2	8	4
92	48	12	8	4
474	48	14	8	4
405	48	5	8	1
864	48	4	8	5
406	48	6	8	5
514	48	14	8	4
385	48	5	8	5
542	48	2	8	5
232	48	12	8	5
345	48	5	8	5
522	48	2	8	4
694	48	14	8	4
272	48	12	8	4
292	48	12	8	5
402	48	2	8	5
639	48	19	8	4
305	48	5	8	5
322	48	2	8	4
271	48	11	8	4
506	48	6	8	2
291	48	11	8	5
222	48	2	8	5
182	48	2	8	3
87	48	7	8	4
452	48	12	8	5
606	48	6	8	4
167	48	7	8	1
741	48	1	8	4
391	48	11	8	4
42	48	2	8	5
399	48	19	8	3
65	48	5	8	5
928	48	8	8	5
661	48	1	8	4
327	48	7	8	4
591	48	11	8	4
666	48	6	8	4
592	48	12	8	5
686	48	6	8	5
916	48	16	8	5
711	48	11	8	4
387	48	7	8	4
748	48	8	8	4
896	48	16	8	4
487	48	7	8	2
876	48	16	8	5
299	48	19	8	4
851	48	11	8	4
846	48	6	8	5
796	48	16	8	3
321	48	1	8	4
716	48	16	8	5
221	48	1	8	5
201	48	1	8	3
308	48	8	8	4
200	48	0	8	2
886	48	6	8	4
747	48	7	8	5
69	48	9	8	5
556	48	16	8	5
10	48	10	8	4
161	48	1	8	1
128	48	8	8	4
70	48	10	8	4
59	48	19	8	5
13	48	13	8	5
1	48	1	8	5
73	48	13	8	2
269	48	9	8	5
213	48	13	8	5
233	48	13	8	5
903	48	3	8	4
293	48	13	8	5
883	48	3	8	4
870	48	10	8	4
700	48	0	8	4
296	48	16	8	5
409	48	9	8	2
373	48	13	8	5
840	48	0	8	3
429	48	9	8	3
823	48	3	8	5
393	48	13	8	2
478	48	18	8	4
458	48	18	8	4
453	48	13	8	4
493	48	13	8	4
378	48	18	8	5
533	48	13	8	4
156	48	16	8	4
693	48	13	8	5
749	48	9	8	3
18	48	18	8	4
343	48	3	8	3
472	68	12	8	5
648	68	8	8	1
514	68	14	8	4
407	68	7	8	4
346	68	6	8	3
94	68	14	8	4
249	68	9	8	5
632	68	12	8	1
606	68	6	8	5
62	68	2	8	1
435	68	15	8	4
246	68	6	8	5
545	68	5	8	4
393	68	13	8	4
200	68	0	8	5
342	68	2	8	3
308	68	8	8	4
715	68	15	8	4
478	68	18	8	1
95	68	15	8	4
130	68	10	8	5
244	68	4	8	5
328	68	8	8	3
671	68	11	8	3
394	68	14	8	5
279	68	19	8	4
577	68	17	8	4
267	68	7	8	4
378	68	18	8	2
643	68	3	8	3
774	68	14	8	3
343	68	3	8	1
280	68	0	8	3
49	68	9	8	1
197	68	17	8	2
790	68	10	8	3
846	68	6	8	3
442	68	2	8	3
897	68	17	8	5
788	68	8	8	3
506	68	6	8	4
301	68	1	8	4
886	68	6	8	3
217	68	17	8	3
916	68	16	8	3
880	68	0	8	5
504	68	4	8	5
22	68	2	8	4
399	68	19	8	3
180	68	0	8	5
642	68	2	8	3
262	68	2	8	2
201	68	1	8	2
347	68	7	8	5
417	68	17	8	3
627	68	7	8	4
314	68	14	8	4
429	68	9	8	3
374	68	14	8	1
805	68	5	8	3
892	68	12	8	4
621	68	1	8	4
660	68	0	8	4
110	68	10	8	2
295	68	15	8	4
883	68	3	8	4
59	68	19	8	2
293	68	13	8	3
807	68	7	8	4
109	68	9	8	3
276	68	16	8	4
37	68	17	8	5
795	68	15	8	3
823	68	3	8	3
804	68	4	8	3
640	68	0	8	4
868	68	8	8	2
268	68	8	8	4
466	68	6	8	3
334	68	14	8	3
682	68	2	8	5
222	68	2	8	4
495	68	15	8	5
92	68	12	8	3
496	68	16	8	4
826	68	6	8	3
758	68	18	8	3
320	68	0	8	5
144	68	4	8	2
851	68	11	8	3
7	68	7	8	4
269	68	9	8	3
497	68	17	8	4
650	68	10	8	3
483	68	3	8	1
588	68	8	8	5
833	68	13	8	4
13	68	13	8	3
551	68	11	8	2
474	68	14	8	3
102	68	2	8	2
387	68	7	8	4
727	68	7	8	4
303	68	3	8	4
746	68	6	8	4
709	68	9	8	5
1	68	1	8	4
757	68	17	8	4
453	68	13	8	4
618	68	18	8	3
405	68	5	8	1
896	68	16	8	3
72	68	12	8	3
749	68	9	8	4
487	68	7	8	5
870	68	10	8	3
867	68	7	8	4
619	68	19	8	3
554	68	14	8	2
943	68	3	8	4
922	68	2	8	4
373	68	13	8	5
521	68	1	8	4
425	68	5	8	4
447	68	7	8	5
87	68	7	8	3
311	68	11	8	1
158	68	18	8	3
207	68	7	8	2
586	68	6	8	4
456	68	16	8	4
773	68	13	8	2
363	68	3	8	2
56	68	16	8	3
23	88	3	8	3
707	88	7	8	3
234	88	14	8	3
500	88	0	8	4
378	88	18	8	4
758	88	18	8	4
537	88	17	8	2
738	88	18	8	3
95	88	15	8	4
806	88	6	8	4
314	88	14	8	5
878	88	18	8	4
70	88	10	8	4
684	88	4	8	4
110	88	10	8	4
896	88	16	8	5
530	88	10	8	4
208	88	8	8	5
200	88	0	8	4
504	88	4	8	3
60	88	0	8	4
487	88	7	8	4
43	88	3	8	5
892	88	12	8	4
479	88	19	8	4
623	88	3	8	4
374	88	14	8	3
280	88	0	8	3
301	88	1	8	4
299	88	19	8	3
270	88	10	8	5
647	88	7	8	4
655	88	15	8	2
92	88	12	8	3
840	88	0	8	4
207	88	7	8	2
293	88	13	8	3
495	88	15	8	4
125	88	5	8	5
354	88	14	8	2
244	88	4	8	4
719	88	19	8	3
406	88	6	8	2
690	88	10	8	4
452	88	12	8	2
545	88	5	8	3
264	88	4	8	3
318	88	18	8	4
885	88	5	8	4
481	88	1	8	4
763	88	3	8	4
330	88	10	8	5
102	88	2	8	3
274	88	14	8	4
823	88	3	8	5
593	88	13	8	4
622	88	2	8	3
106	88	6	8	3
484	88	4	8	4
313	88	13	8	2
650	88	10	8	3
286	88	6	8	4
919	88	19	8	2
914	88	14	8	2
786	88	6	8	4
918	88	18	8	2
934	88	14	8	4
543	88	3	8	4
437	88	17	8	3
361	88	1	8	4
279	88	19	8	1
295	88	15	8	4
298	88	18	8	5
83	88	3	8	5
472	88	12	8	2
145	88	5	8	5
830	88	10	8	4
303	88	3	8	4
373	88	13	8	4
741	88	1	8	4
642	88	2	8	5
508	88	8	8	3
128	88	8	8	4
536	88	16	8	4
174	88	14	8	5
621	88	1	8	2
346	88	6	8	4
94	88	14	8	3
13	88	13	8	4
18	88	18	8	3
897	88	17	8	4
618	88	18	8	4
11	88	11	8	3
796	88	16	8	5
901	88	1	8	5
389	88	9	8	3
401	88	1	8	4
653	88	13	8	3
503	88	3	8	4
850	88	10	8	5
870	88	10	8	2
916	88	16	8	4
188	88	8	8	4
363	88	3	8	2
222	88	2	8	4
682	88	2	8	4
450	88	10	8	5
933	88	13	8	3
566	88	6	8	3
562	88	2	8	5
538	88	18	8	2
881	88	1	8	3
398	88	18	8	4
774	88	14	8	1
44	88	4	8	2
496	88	16	8	1
130	88	10	8	2
847	88	7	8	2
542	88	2	8	3
877	88	17	8	4
87	88	7	8	5
805	88	5	8	2
665	88	5	8	3
56	88	16	8	1
249	88	9	8	4
648	88	8	8	4
379	88	19	8	4
457	88	17	8	4
751	88	11	8	4
333	88	13	8	5
268	88	8	8	2
606	88	6	8	4
815	88	15	8	4
474	88	14	8	4
194	88	14	8	3
405	88	5	8	3
184	88	4	8	3
671	88	11	8	4
336	88	16	8	2
210	88	10	8	4
311	88	11	8	4
749	88	9	8	4
454	88	14	8	4
42	88	2	8	5
551	88	11	8	4
152	88	12	8	5
98	88	18	8	3
588	88	8	8	5
561	88	1	8	2
416	88	16	8	3
109	88	9	8	4
541	88	1	8	3
848	88	8	8	4
407	88	7	8	3
326	88	6	8	2
393	88	13	8	3
1	88	1	8	4
175	88	15	8	4
798	88	18	8	4
904	88	4	8	3
864	88	4	8	4
505	88	5	8	4
883	88	3	8	4
269	88	9	8	1
771	88	11	8	4
290	88	10	8	4
267	88	7	8	4
183	88	3	8	3
256	88	16	8	5
716	88	16	8	4
846	88	6	8	4
308	88	8	8	4
715	88	15	8	3
343	88	3	8	4
659	88	19	8	2
476	88	16	8	4
711	88	11	8	5
639	88	19	8	3
411	88	11	8	3
327	88	7	8	2
342	88	2	8	1
394	88	14	8	3
12	88	12	8	5
276	88	16	8	3
747	88	7	8	2
591	88	11	8	3
727	88	7	8	5
344	88	4	8	3
577	88	17	8	3
514	88	14	8	4
477	88	17	8	5
236	88	16	8	2
694	88	14	8	4
907	88	7	8	5
305	88	5	8	2
693	88	13	8	3
215	88	15	8	3
38	88	18	8	5
151	88	11	8	5
756	88	16	8	1
643	88	3	8	2
579	88	19	8	4
340	88	0	8	5
712	88	12	8	4
506	88	6	8	4
880	88	0	8	3
533	88	13	8	4
429	88	9	8	3
345	88	5	8	4
89	88	9	8	4
65	88	5	8	4
271	88	11	8	4
339	88	19	8	4
365	108	5	8	2
276	108	16	8	3
92	108	12	8	2
467	108	7	8	4
336	108	16	8	3
459	108	19	8	1
886	108	6	8	5
666	108	6	8	3
847	108	7	8	2
268	108	8	8	3
804	108	4	8	3
181	108	1	8	1
196	108	16	8	4
85	108	5	8	2
63	108	3	8	2
560	108	0	8	1
864	108	4	8	3
75	108	15	8	4
682	108	2	8	3
432	108	12	8	3
501	108	1	8	4
881	108	1	8	3
297	108	17	8	4
221	108	1	8	3
479	108	19	8	4
715	108	15	8	4
747	108	7	8	4
896	108	16	8	3
795	108	15	8	3
249	108	9	8	3
259	108	19	8	4
758	108	18	8	5
584	108	4	8	3
595	108	15	8	2
279	108	19	8	4
393	108	13	8	2
521	108	1	8	3
342	108	2	8	4
848	108	8	8	5
1	108	1	8	5
606	108	6	8	1
397	108	17	8	4
865	108	5	8	1
624	108	4	8	3
49	108	9	8	2
716	108	16	8	2
198	108	18	8	3
805	108	5	8	3
267	108	7	8	4
216	108	16	8	4
566	108	6	8	2
45	108	5	8	4
663	108	3	8	2
790	108	10	8	3
269	108	9	8	5
497	108	17	8	3
435	108	15	8	1
833	108	13	8	2
621	108	1	8	3
327	108	7	8	3
486	108	6	8	4
287	108	7	8	4
192	108	12	8	4
727	108	7	8	3
936	108	16	8	4
654	128	14	8	5
880	128	0	8	3
291	128	11	8	4
896	128	16	8	4
804	128	4	8	5
682	128	2	8	4
385	128	5	8	5
22	128	2	8	5
838	128	18	8	4
715	128	15	8	3
655	128	15	8	3
638	128	18	8	3
279	128	19	8	5
70	128	10	8	4
487	128	7	8	5
87	128	7	8	3
886	128	6	8	4
887	128	7	8	5
466	128	6	8	2
221	128	1	8	3
280	128	0	8	3
653	128	13	8	3
833	128	13	8	3
757	128	17	8	3
301	128	1	8	5
551	128	11	8	4
276	128	16	8	4
198	128	18	8	3
522	128	2	8	4
303	128	3	8	4
363	128	3	8	5
158	128	18	8	2
297	128	17	8	4
758	128	18	8	4
868	128	8	8	5
1	128	1	8	4
130	128	10	8	4
429	128	9	8	3
643	128	3	8	3
497	128	17	8	4
823	128	3	8	2
806	128	6	8	3
738	128	18	8	4
851	128	11	8	4
921	128	1	8	1
633	128	13	8	3
621	128	1	8	4
805	128	5	8	5
267	128	7	8	5
201	128	1	8	2
399	128	19	8	3
394	128	14	8	3
95	128	15	8	3
268	128	8	8	3
13	128	13	8	1
62	128	2	8	2
864	128	4	8	4
771	128	11	8	2
727	128	7	8	4
889	128	9	8	5
435	128	15	8	3
346	128	6	8	2
60	128	0	8	3
393	128	13	8	3
746	128	6	8	3
203	148	3	8	3
308	148	8	8	3
580	148	0	8	4
663	148	3	8	4
274	148	14	8	2
200	148	0	8	4
880	148	0	8	2
347	148	7	8	3
706	148	6	8	4
865	148	5	8	3
486	148	6	8	2
438	148	18	8	5
201	148	1	8	1
92	148	12	8	2
49	148	9	8	1
345	148	5	8	3
270	148	10	8	4
294	148	14	8	3
621	148	1	8	4
870	148	10	8	2
938	148	18	8	3
249	148	9	8	3
90	148	10	8	2
457	148	17	8	4
396	148	16	8	4
21	148	1	8	1
935	148	15	8	4
805	148	5	8	2
602	148	2	8	4
552	148	12	8	3
708	148	8	8	4
606	148	6	8	3
455	148	15	8	3
363	148	3	8	3
244	148	4	8	2
793	148	13	8	4
761	148	1	8	5
391	148	11	8	3
893	148	13	8	3
459	148	19	8	5
919	148	19	8	3
749	148	9	8	3
51	148	11	8	3
562	148	2	8	5
896	148	16	8	2
59	148	19	8	3
682	148	2	8	3
1	148	1	8	2
403	148	3	8	5
447	148	7	8	4
821	148	1	8	3
423	148	3	8	3
434	148	14	8	3
592	148	12	8	2
618	148	18	8	3
435	148	15	8	3
705	148	5	8	5
586	148	6	8	3
344	148	4	8	2
479	148	19	8	2
158	148	18	8	4
733	148	13	8	3
757	148	17	8	4
416	148	16	8	5
178	148	18	8	4
188	148	8	8	4
916	148	16	8	2
26	148	6	8	3
164	148	4	8	5
27	148	7	8	3
320	148	0	8	4
717	148	17	8	3
399	148	19	8	4
430	148	10	8	2
181	148	1	8	2
198	148	18	8	3
269	148	9	8	1
825	148	5	8	4
54	148	14	8	3
15	148	15	8	3
374	148	14	8	4
891	148	11	8	5
224	148	4	8	3
190	148	10	8	4
532	148	12	8	5
633	148	13	8	1
677	148	17	8	4
361	148	1	8	1
44	148	4	8	4
372	148	12	8	5
534	148	14	8	4
222	148	2	8	2
536	148	16	8	4
930	148	10	8	1
690	148	10	8	3
506	148	6	8	3
20	148	0	8	5
894	148	14	8	3
234	148	14	8	3
330	148	10	8	4
627	148	7	8	3
637	148	17	8	3
406	148	6	8	3
271	148	11	8	3
293	148	13	8	1
923	148	3	8	4
236	148	16	8	4
297	148	17	8	3
601	148	1	8	3
332	148	12	8	5
722	148	2	8	3
620	148	0	8	3
186	148	6	8	4
642	148	2	8	5
932	148	12	8	2
533	148	13	8	3
251	148	11	8	2
328	148	8	8	3
120	148	0	8	3
276	148	16	8	3
378	148	18	8	4
834	148	14	8	4
84	148	4	8	4
130	148	10	8	4
727	148	7	8	2
393	148	13	8	4
788	148	8	8	3
313	148	13	8	2
124	168	4	8	5
497	168	17	8	5
148	168	8	8	5
758	168	18	8	5
660	168	0	8	5
230	168	10	8	4
11	168	11	8	3
216	168	16	8	4
555	168	15	8	4
253	168	13	8	3
239	168	19	8	4
22	168	2	8	5
330	168	10	8	3
723	168	3	8	5
268	168	8	8	4
377	168	17	8	5
405	168	5	8	1
776	168	16	8	5
95	168	15	8	4
889	168	9	8	4
338	168	18	8	3
862	168	2	8	4
579	168	19	8	4
666	168	6	8	4
77	168	17	8	4
478	168	18	8	4
399	168	19	8	3
271	168	11	8	2
805	168	5	8	5
922	168	2	8	3
437	168	17	8	3
923	168	3	8	5
854	168	14	8	4
456	168	16	8	4
638	168	18	8	4
442	168	2	8	4
161	168	1	8	1
667	168	7	8	3
64	168	4	8	5
292	168	12	8	5
244	168	4	8	5
285	168	5	8	4
369	168	9	8	3
12	168	12	8	4
867	168	7	8	4
738	168	18	8	3
60	168	0	8	5
795	168	15	8	5
504	168	4	8	5
676	168	16	8	5
65	168	5	8	4
97	168	17	8	4
648	168	8	8	5
301	168	1	8	4
912	168	12	8	5
18	168	18	8	3
807	168	7	8	4
777	168	17	8	5
745	168	5	8	3
450	168	10	8	5
393	168	13	8	4
305	168	5	8	4
151	168	11	8	5
263	168	3	8	5
881	168	1	8	3
707	168	7	8	3
533	168	13	8	4
346	168	6	8	4
870	168	10	8	4
474	168	14	8	3
642	168	2	8	5
774	168	14	8	1
537	168	17	8	4
336	168	16	8	5
790	168	10	8	4
279	168	19	8	5
727	168	7	8	5
878	168	18	8	4
215	168	15	8	5
712	168	12	8	2
117	168	17	8	5
588	168	8	8	5
254	168	14	8	1
94	168	14	8	5
308	168	8	8	4
592	168	12	8	5
293	168	13	8	4
374	168	14	8	1
541	168	1	8	4
622	168	2	8	4
844	168	4	8	4
601	168	1	8	5
287	168	7	8	5
880	168	0	8	3
700	168	0	8	3
650	168	10	8	4
6	168	6	8	4
311	168	11	8	4
16	168	16	8	4
661	168	1	8	5
896	168	16	8	4
615	168	15	8	5
283	168	3	8	5
425	168	5	8	5
276	168	16	8	5
339	168	19	8	4
886	168	6	8	4
102	168	2	8	3
316	168	16	8	3
264	168	4	8	5
452	168	12	8	4
843	168	3	8	3
62	168	2	8	5
692	168	12	8	2
178	168	18	8	4
757	168	17	8	4
109	168	9	8	3
327	168	7	8	4
493	168	13	8	5
98	168	18	8	2
430	168	10	8	4
307	168	7	8	5
407	168	7	8	5
686	168	6	8	5
773	168	13	8	5
1	168	1	8	5
933	168	13	8	3
56	168	16	8	2
850	168	10	8	5
751	168	11	8	5
806	168	6	8	4
628	168	8	8	4
286	168	6	8	4
940	168	0	8	3
785	168	5	8	4
354	168	14	8	5
7	168	7	8	5
887	168	7	8	4
479	168	19	8	5
679	168	19	8	5
299	168	19	8	4
798	168	18	8	4
815	168	15	8	3
778	168	18	8	5
847	168	7	8	4
187	168	7	8	5
160	168	0	8	4
551	168	11	8	5
82	168	2	8	5
114	168	14	8	3
711	168	11	8	4
391	168	11	8	4
606	168	6	8	5
527	168	7	8	5
840	168	0	8	5
916	168	16	8	4
943	168	3	8	2
5	168	5	8	3
363	168	3	8	4
313	168	13	8	3
303	168	3	8	5
42	168	2	8	3
401	168	1	8	1
654	168	14	8	4
503	168	3	8	5
334	168	14	8	5
426	168	6	8	3
928	168	8	8	5
343	168	3	8	4
495	168	15	8	5
731	168	11	8	1
591	168	11	8	3
746	168	6	8	3
682	168	2	8	5
99	168	19	8	5
49	168	9	8	5
538	168	18	8	3
545	168	5	8	4
632	168	12	8	4
333	168	13	8	4
698	168	18	8	3
194	168	14	8	5
536	168	16	8	5
496	168	16	8	3
125	168	5	8	5
248	168	8	8	4
198	168	18	8	4
748	168	8	8	3
664	168	4	8	4
500	168	0	8	4
640	168	0	8	5
838	168	18	8	5
897	168	17	8	3
269	168	9	8	4
566	168	6	8	4
901	168	1	8	4
514	168	14	8	4
645	168	5	8	4
823	168	3	8	5
71	168	11	8	5
409	168	9	8	5
315	168	15	8	4
158	168	18	8	5
177	168	17	8	4
453	168	13	8	4
669	168	9	8	4
639	168	19	8	1
402	168	2	8	5
532	168	12	8	5
899	168	19	8	4
382	168	2	8	4
763	168	3	8	5
130	168	10	8	3
523	168	3	8	4
387	168	7	8	5
249	168	9	8	4
670	168	10	8	3
653	168	13	8	3
528	168	8	8	4
398	168	18	8	3
174	168	14	8	1
389	168	9	8	5
684	168	4	8	4
508	168	8	8	4
472	168	12	8	5
218	168	18	8	4
535	168	15	8	5
934	168	14	8	4
766	168	6	8	5
932	168	12	8	5
747	168	7	8	4
618	168	18	8	5
567	168	7	8	5
796	168	16	8	5
911	168	11	8	4
542	168	2	8	4
575	168	15	8	5
521	168	1	8	4
119	168	19	8	5
394	168	14	8	5
267	168	7	8	4
295	168	15	8	5
214	168	14	8	3
864	168	4	8	4
350	168	10	8	5
913	168	13	8	4
44	168	4	8	5
804	168	4	8	5
658	168	18	8	3
643	168	3	8	5
291	168	11	8	5
560	168	0	8	4
373	168	13	8	5
380	168	0	8	4
361	168	1	8	4
429	168	9	8	5
561	168	1	8	4
498	168	18	8	4
385	168	5	8	3
128	168	8	8	4
625	168	5	8	3
416	168	16	8	5
297	168	17	8	5
379	168	19	8	4
417	168	17	8	4
608	168	8	8	1
892	168	12	8	4
739	168	19	8	1
927	168	7	8	4
715	168	15	8	4
577	168	17	8	5
259	168	19	8	5
58	168	18	8	5
488	168	8	8	4
70	168	10	8	4
298	168	18	8	5
347	168	7	8	5
222	168	2	8	4
326	168	6	8	3
436	168	16	8	3
406	168	6	8	3
435	168	15	8	5
14	168	14	8	4
484	168	4	8	4
749	168	9	8	5
476	168	16	8	5
411	168	11	8	5
92	168	12	8	4
918	168	18	8	3
716	168	16	8	5
543	168	3	8	3
57	168	17	8	3
846	168	6	8	5
210	168	10	8	5
890	168	10	8	5
233	168	13	8	5
506	168	6	8	5
41	168	1	8	5
690	168	10	8	3
457	168	17	8	5
234	168	14	8	3
59	168	19	8	5
10	168	10	8	4
469	168	9	8	4
882	168	2	8	5
883	168	3	8	5
919	168	19	8	1
290	168	10	8	3
85	168	5	8	4
833	168	13	8	5
325	168	5	8	3
522	168	2	8	5
43	168	3	8	4
524	168	4	8	3
13	168	13	8	4
868	168	8	8	3
632	188	12	8	4
442	188	2	8	3
276	188	16	8	4
23	188	3	8	3
889	188	9	8	5
311	188	11	8	4
158	188	18	8	4
854	188	14	8	4
363	188	3	8	4
406	188	6	8	4
868	188	8	8	3
478	188	18	8	4
466	188	6	8	3
417	188	17	8	4
59	188	19	8	4
592	188	12	8	5
862	188	2	8	5
748	188	8	8	4
8	188	8	8	5
521	188	1	8	4
535	188	15	8	3
561	188	1	8	4
407	188	7	8	3
38	188	18	8	2
305	188	5	8	2
197	188	17	8	3
6	188	6	8	3
559	188	19	8	5
790	188	10	8	4
328	188	8	8	5
745	188	5	8	3
653	188	13	8	5
815	188	15	8	3
263	188	3	8	5
826	188	6	8	4
659	188	19	8	3
665	188	5	8	4
538	188	18	8	4
899	188	19	8	2
339	188	19	8	4
268	188	8	8	4
495	188	15	8	4
671	188	11	8	2
72	188	12	8	4
325	188	5	8	2
235	188	15	8	4
275	188	15	8	2
880	188	0	8	4
234	188	14	8	2
694	188	14	8	5
870	188	10	8	5
738	188	18	8	3
271	188	11	8	2
425	188	5	8	3
606	188	6	8	4
619	188	19	8	4
322	188	2	8	3
493	188	13	8	5
13	188	13	8	4
85	188	5	8	2
450	188	10	8	3
897	188	17	8	5
932	188	12	8	3
435	188	15	8	4
346	188	6	8	4
64	188	4	8	4
586	188	6	8	2
95	188	15	8	3
453	188	13	8	4
545	188	5	8	2
291	188	11	8	3
916	188	16	8	3
655	188	15	8	3
537	188	17	8	4
7	188	7	8	5
18	188	18	8	3
318	188	18	8	3
269	188	9	8	2
773	188	13	8	3
487	188	7	8	4
943	188	3	8	4
102	188	2	8	2
804	188	4	8	4
256	188	16	8	5
62	188	2	8	3
627	188	7	8	4
796	188	16	8	2
198	188	18	8	5
638	188	18	8	3
650	188	10	8	3
774	188	14	8	3
551	188	11	8	5
405	188	5	8	1
625	188	5	8	4
757	188	17	8	3
886	188	6	8	4
833	188	13	8	4
452	188	12	8	4
87	188	7	8	4
210	188	10	8	3
399	188	19	8	4
543	188	3	8	4
200	188	0	8	4
806	188	6	8	3
885	188	5	8	3
749	188	9	8	3
881	188	1	8	4
320	188	0	8	4
497	188	17	8	3
693	188	13	8	2
73	188	13	8	5
567	188	7	8	5
207	188	7	8	3
788	188	8	8	4
666	188	6	8	5
216	188	16	8	5
766	188	6	8	4
379	188	19	8	4
267	188	7	8	5
892	188	12	8	5
508	188	8	8	4
474	188	14	8	5
214	188	14	8	5
786	188	6	8	5
429	188	9	8	4
456	188	16	8	4
295	188	15	8	3
929	188	9	8	4
600	188	0	8	4
118	188	18	8	5
1	188	1	8	3
514	188	14	8	5
194	188	14	8	4
342	188	2	8	3
41	188	1	8	4
312	188	12	8	3
383	188	3	8	5
244	188	4	8	4
682	188	2	8	4
479	188	19	8	2
249	188	9	8	4
254	188	14	8	3
401	188	1	8	1
130	188	10	8	4
648	188	8	8	5
747	188	7	8	5
201	188	1	8	4
94	188	14	8	4
846	188	6	8	3
727	188	7	8	3
867	188	7	8	4
744	188	4	8	3
391	188	11	8	3
253	188	13	8	4
577	188	17	8	3
903	188	3	8	5
222	188	2	8	3
119	188	19	8	4
645	188	5	8	4
110	188	10	8	4
387	188	7	8	5
896	188	16	8	3
293	188	13	8	3
327	188	7	8	5
823	188	3	8	5
536	188	16	8	3
343	188	3	8	4
864	188	4	8	3
347	188	7	8	5
843	188	3	8	2
389	208	9	8	5
379	208	19	8	4
214	208	14	8	5
426	208	6	8	4
25	208	5	8	4
334	208	14	8	5
244	208	4	8	5
11	208	11	8	4
716	208	16	8	5
883	208	3	8	4
162	208	2	8	3
748	208	8	8	4
184	208	4	8	4
82	208	2	8	3
527	208	7	8	4
354	208	14	8	4
934	208	14	8	5
911	208	11	8	4
704	208	4	8	3
892	208	12	8	4
727	208	7	8	4
268	208	8	8	4
746	208	6	8	4
207	208	7	8	4
343	208	3	8	4
275	208	15	8	3
417	208	17	8	3
655	208	15	8	3
495	208	15	8	5
85	208	5	8	5
303	208	3	8	5
92	208	12	8	4
13	208	13	8	5
684	208	4	8	3
522	208	2	8	5
846	208	6	8	5
890	208	10	8	5
398	208	18	8	5
918	208	18	8	3
472	208	12	8	5
271	208	11	8	4
690	208	10	8	5
412	208	12	8	4
650	208	10	8	5
932	208	12	8	5
880	208	0	8	5
804	208	4	8	5
749	208	9	8	5
158	208	18	8	5
338	208	18	8	3
222	208	2	8	3
297	208	17	8	4
474	208	14	8	3
885	208	5	8	3
94	208	14	8	4
287	208	7	8	4
493	208	13	8	4
279	208	19	8	5
500	208	0	8	4
476	208	16	8	5
290	208	10	8	3
645	208	5	8	5
653	208	13	8	3
18	208	18	8	4
325	208	5	8	3
458	208	18	8	4
692	208	12	8	4
886	208	6	8	3
899	208	19	8	3
625	208	5	8	3
43	208	3	8	5
506	208	6	8	4
615	208	15	8	4
97	208	17	8	5
504	208	4	8	4
49	208	9	8	4
450	208	10	8	5
394	208	14	8	5
387	208	7	8	3
293	208	13	8	3
95	208	15	8	4
358	208	18	8	2
318	208	18	8	4
90	208	10	8	3
790	208	10	8	3
246	208	6	8	4
380	208	0	8	2
537	208	17	8	4
521	208	1	8	3
621	208	1	8	4
889	208	9	8	4
269	208	9	8	2
336	208	16	8	2
200	208	0	8	5
60	208	0	8	5
840	208	0	8	4
234	208	14	8	4
738	208	18	8	4
429	208	9	8	4
601	208	1	8	4
347	208	7	8	2
233	208	13	8	4
881	208	1	8	3
239	208	19	8	3
533	208	13	8	4
588	208	8	8	3
686	208	6	8	5
666	208	6	8	3
151	208	11	8	4
330	208	10	8	5
44	208	4	8	4
16	208	16	8	5
798	208	18	8	3
747	208	7	8	5
538	208	18	8	3
59	208	19	8	5
499	208	19	8	4
850	208	10	8	5
80	208	0	8	5
786	208	6	8	5
780	208	0	8	3
707	208	7	8	5
405	208	5	8	5
308	208	8	8	4
215	208	15	8	4
715	208	15	8	3
194	208	14	8	3
648	208	8	8	5
576	208	16	8	3
283	208	3	8	5
445	208	5	8	2
20	208	0	8	2
643	208	3	8	5
198	208	18	8	3
669	208	9	8	2
210	208	10	8	5
545	208	5	8	3
577	208	17	8	4
7	208	7	8	5
125	208	5	8	3
833	208	13	8	3
488	208	8	8	4
22	208	2	8	5
514	208	14	8	4
774	208	14	8	2
272	208	12	8	4
299	208	19	8	4
456	208	16	8	4
497	208	17	8	3
807	208	7	8	4
342	208	2	8	4
87	208	7	8	5
344	208	4	8	5
339	208	19	8	4
524	208	4	8	5
642	208	2	8	5
660	208	0	8	4
411	208	11	8	4
868	208	8	8	3
862	208	2	8	2
313	208	13	8	3
480	208	0	8	2
373	208	13	8	4
298	208	18	8	5
286	208	6	8	4
758	208	18	8	4
606	208	6	8	3
312	208	12	8	5
274	208	14	8	4
864	208	4	8	4
326	208	6	8	3
435	208	15	8	4
421	208	1	8	2
508	208	8	8	5
831	208	11	8	2
218	208	18	8	3
843	208	3	8	3
897	208	17	8	5
208	208	8	8	4
437	208	17	8	5
523	208	3	8	5
5	208	5	8	4
264	208	4	8	5
70	208	10	8	4
406	208	6	8	2
766	208	6	8	5
882	208	2	8	5
311	208	11	8	4
385	208	5	8	3
542	208	2	8	4
870	208	10	8	4
363	208	3	8	4
102	208	2	8	4
295	208	15	8	5
407	208	7	8	4
457	208	17	8	4
1	208	1	8	5
243	208	3	8	4
6	208	6	8	4
795	208	15	8	4
127	228	7	8	5
815	228	15	8	5
447	228	7	8	4
59	228	19	8	4
600	228	0	8	3
749	228	9	8	5
705	228	5	8	3
128	228	8	8	3
339	228	19	8	4
496	228	16	8	1
158	228	18	8	5
344	228	4	8	4
58	228	18	8	5
56	228	16	8	3
712	228	12	8	3
407	228	7	8	4
425	228	5	8	4
373	228	13	8	4
622	228	2	8	5
391	228	11	8	2
521	228	1	8	4
211	228	11	8	3
82	228	2	8	3
896	228	16	8	5
102	228	2	8	4
716	228	16	8	4
554	228	14	8	5
741	228	1	8	2
455	228	15	8	4
5	228	5	8	5
456	228	16	8	3
561	228	1	8	3
11	228	11	8	3
16	228	16	8	5
435	228	15	8	4
916	228	16	8	3
479	228	19	8	4
256	228	16	8	3
664	228	4	8	4
299	228	19	8	3
766	228	6	8	3
303	228	3	8	4
586	228	6	8	3
877	228	17	8	4
411	228	11	8	3
387	228	7	8	5
286	228	6	8	3
850	228	10	8	5
661	228	1	8	5
867	228	7	8	5
757	228	17	8	4
698	228	18	8	3
64	228	4	8	4
457	228	17	8	5
721	228	1	8	5
606	228	6	8	5
87	228	7	8	5
709	228	9	8	3
25	228	5	8	4
693	228	13	8	2
868	228	8	8	5
844	228	4	8	3
109	228	9	8	5
746	228	6	8	4
887	228	7	8	4
311	228	11	8	5
297	228	17	8	2
48	228	8	8	3
881	228	1	8	3
655	228	15	8	3
334	228	14	8	5
913	228	13	8	5
7	228	7	8	4
145	228	5	8	4
42	228	2	8	4
650	228	10	8	4
135	228	15	8	4
483	228	3	8	5
53	228	13	8	3
183	228	3	8	4
922	228	2	8	4
399	228	19	8	2
806	228	6	8	4
843	228	3	8	4
254	228	14	8	4
363	228	3	8	3
178	228	18	8	5
343	228	3	8	5
505	228	5	8	2
70	228	10	8	5
327	228	7	8	4
239	228	19	8	2
566	228	6	8	2
711	228	11	8	3
198	228	18	8	3
130	228	10	8	4
312	228	12	8	3
851	228	11	8	4
901	228	1	8	5
748	228	8	8	3
805	228	5	8	3
536	228	16	8	5
380	228	0	8	3
222	228	2	8	5
85	228	5	8	3
44	228	4	8	5
94	228	14	8	4
702	228	2	8	5
532	228	12	8	5
653	228	13	8	4
194	228	14	8	1
847	228	7	8	4
826	228	6	8	3
381	228	1	8	4
13	228	13	8	4
307	228	7	8	5
326	228	6	8	4
830	228	10	8	3
883	228	3	8	4
902	228	2	8	3
921	228	1	8	3
670	228	10	8	5
508	228	8	8	5
361	228	1	8	4
645	228	5	8	3
296	228	16	8	4
911	228	11	8	4
786	228	6	8	4
864	228	4	8	5
934	228	14	8	4
350	228	10	8	4
1	228	1	8	5
882	228	2	8	5
798	228	18	8	3
230	228	10	8	2
279	228	19	8	4
293	228	13	8	3
484	228	4	8	5
758	228	18	8	3
402	228	2	8	3
488	228	8	8	4
295	228	15	8	4
823	228	3	8	3
12	228	12	8	4
352	228	12	8	3
927	228	7	8	5
275	228	15	8	4
897	228	17	8	4
514	228	14	8	5
627	228	7	8	4
276	228	16	8	4
545	228	5	8	5
892	228	12	8	3
796	228	16	8	5
417	228	17	8	3
216	228	16	8	3
924	228	4	8	4
268	228	8	8	4
337	228	17	8	5
22	228	2	8	4
738	228	18	8	5
92	228	12	8	4
28	228	8	8	5
77	228	17	8	3
332	228	12	8	5
160	228	0	8	2
429	228	9	8	2
603	228	3	8	3
330	228	10	8	5
406	228	6	8	3
790	228	10	8	3
60	228	0	8	4
495	228	15	8	5
97	228	17	8	5
506	228	6	8	5
886	228	6	8	4
267	228	7	8	5
584	228	4	8	5
660	228	0	8	3
579	228	19	8	3
374	228	14	8	5
115	228	15	8	4
497	228	17	8	3
234	228	14	8	3
623	228	3	8	3
747	228	7	8	4
292	228	12	8	5
405	228	5	8	1
643	228	3	8	4
442	228	2	8	5
846	228	6	8	5
807	228	7	8	4
638	228	18	8	3
151	228	11	8	5
788	228	8	8	3
197	228	17	8	4
943	228	3	8	3
880	228	0	8	3
756	228	16	8	3
280	228	0	8	3
694	228	14	8	4
215	228	15	8	5
201	228	1	8	3
577	228	17	8	3
890	228	10	8	4
524	228	4	8	3
301	228	1	8	3
862	228	2	8	5
533	228	13	8	4
394	228	14	8	5
498	228	18	8	2
715	228	15	8	3
249	228	9	8	4
454	228	14	8	3
537	228	17	8	3
23	228	3	8	4
246	228	6	8	3
328	228	8	8	3
727	228	7	8	4
932	228	12	8	4
804	228	4	8	4
290	228	10	8	4
899	228	19	8	3
601	228	1	8	5
8	228	8	8	5
200	228	0	8	5
95	228	15	8	4
774	228	14	8	4
933	228	13	8	4
682	228	2	8	4
648	228	8	8	5
313	228	13	8	3
773	228	13	8	3
393	228	13	8	3
551	228	11	8	5
838	228	18	8	4
62	228	2	8	3
148	228	8	8	4
632	228	12	8	3
398	228	18	8	5
72	228	12	8	1
472	228	12	8	5
305	228	5	8	2
450	228	10	8	4
790	248	10	8	4
768	248	8	8	3
318	248	18	8	3
751	248	11	8	5
457	248	17	8	4
131	248	11	8	3
102	248	2	8	3
655	248	15	8	2
758	248	18	8	4
625	248	5	8	4
445	248	5	8	1
894	248	14	8	4
32	248	12	8	4
666	248	6	8	3
468	248	8	8	4
684	248	4	8	3
92	248	12	8	4
506	248	6	8	2
71	248	11	8	3
57	248	17	8	5
287	248	7	8	5
497	248	17	8	4
268	248	8	8	3
936	248	16	8	4
460	248	0	8	4
624	248	4	8	4
907	248	7	8	5
329	248	9	8	3
249	248	9	8	5
323	248	3	8	3
526	248	6	8	4
222	248	2	8	4
392	248	12	8	4
467	248	7	8	3
144	248	4	8	4
532	248	12	8	4
83	248	3	8	3
160	248	0	8	5
345	248	5	8	5
622	248	2	8	4
592	248	12	8	4
796	248	16	8	3
299	248	19	8	5
303	248	3	8	2
923	248	3	8	4
198	248	18	8	3
484	248	4	8	4
109	248	9	8	2
344	248	4	8	4
66	248	6	8	4
437	248	17	8	2
567	248	7	8	4
354	248	14	8	4
342	248	2	8	3
794	248	14	8	4
726	248	6	8	2
15	248	15	8	1
464	248	4	8	5
683	248	3	8	4
116	248	16	8	3
293	248	13	8	3
716	248	16	8	4
320	248	0	8	5
374	248	14	8	1
486	248	6	8	4
548	248	8	8	4
669	248	9	8	4
896	248	16	8	4
339	248	19	8	4
470	248	10	8	3
449	248	9	8	4
387	248	7	8	4
851	248	11	8	4
6	248	6	8	3
1	248	1	8	4
789	248	9	8	3
555	248	15	8	4
214	248	14	8	4
401	248	1	8	3
654	248	14	8	2
26	248	6	8	3
793	248	13	8	4
453	248	13	8	4
653	248	13	8	3
680	248	0	8	4
521	248	1	8	3
334	248	14	8	4
503	248	3	8	4
207	248	7	8	3
432	248	12	8	4
590	248	10	8	4
479	248	19	8	4
360	248	0	8	4
634	248	14	8	4
889	248	9	8	4
454	248	14	8	3
447	248	7	8	5
297	248	17	8	3
903	248	3	8	2
430	248	10	8	3
203	248	3	8	5
141	248	1	8	3
58	248	18	8	4
487	248	7	8	1
130	248	10	8	3
286	248	6	8	5
606	248	6	8	5
296	248	16	8	5
407	248	7	8	4
164	248	4	8	4
223	248	3	8	1
819	248	19	8	5
463	248	3	8	3
757	248	17	8	4
178	248	18	8	4
782	248	2	8	4
765	248	5	8	2
474	248	14	8	4
665	248	5	8	4
733	248	13	8	3
363	248	3	8	5
711	248	11	8	5
501	248	1	8	4
870	248	10	8	4
682	248	2	8	3
422	248	2	8	3
707	248	7	8	4
393	248	13	8	4
417	248	17	8	4
250	248	10	8	2
294	248	14	8	5
174	248	14	8	5
416	248	16	8	5
727	248	7	8	5
378	248	18	8	3
525	248	5	8	4
292	248	12	8	4
94	248	14	8	4
104	248	4	8	2
730	248	10	8	3
715	248	15	8	4
324	248	4	8	5
576	248	16	8	4
251	248	11	8	4
552	248	12	8	4
880	248	0	8	4
189	248	9	8	4
938	248	18	8	1
279	248	19	8	4
736	248	16	8	4
308	248	8	8	4
805	248	5	8	4
429	248	9	8	5
569	248	9	8	4
917	248	17	8	4
43	248	3	8	4
825	248	5	8	4
276	248	16	8	4
271	248	11	8	4
504	248	4	8	4
497	268	17	8	4
377	268	17	8	3
829	268	9	8	4
99	268	19	8	3
724	268	4	8	4
367	268	7	8	4
79	268	19	8	5
189	268	9	8	4
150	268	10	8	5
662	268	2	8	5
875	268	15	8	4
397	268	17	8	4
919	268	19	8	3
369	268	9	8	5
417	268	17	8	4
514	268	14	8	4
842	268	2	8	5
784	268	4	8	3
570	268	10	8	3
273	268	13	8	5
456	268	16	8	5
13	268	13	8	4
884	268	4	8	4
915	268	15	8	5
90	268	10	8	4
92	268	12	8	4
868	268	8	8	4
376	268	16	8	3
130	268	10	8	4
595	268	15	8	4
204	268	4	8	3
916	268	16	8	5
451	268	11	8	2
845	268	5	8	3
387	268	7	8	3
615	268	15	8	4
439	268	19	8	4
708	268	8	8	3
284	268	4	8	5
58	268	18	8	5
635	268	15	8	5
303	268	3	8	5
416	268	16	8	4
85	268	5	8	4
561	268	1	8	3
36	268	16	8	2
560	268	0	8	4
824	268	4	8	4
773	268	13	8	4
781	268	1	8	2
324	268	4	8	4
383	268	3	8	5
655	268	15	8	3
801	268	1	8	5
127	268	7	8	1
427	268	7	8	5
173	268	13	8	4
107	268	7	8	4
73	268	13	8	3
6	268	6	8	3
331	268	11	8	5
105	268	5	8	4
319	268	19	8	4
243	268	3	8	4
467	268	7	8	5
344	268	4	8	3
521	268	1	8	5
399	268	19	8	3
608	268	8	8	4
463	268	3	8	4
435	268	15	8	5
174	268	14	8	5
364	268	4	8	3
178	268	18	8	4
641	268	1	8	4
47	268	7	8	4
7	268	7	8	3
752	268	12	8	2
588	268	8	8	5
717	268	17	8	5
116	268	16	8	5
142	268	2	8	5
673	268	13	8	1
836	268	16	8	3
269	268	9	8	5
778	268	18	8	2
145	268	5	8	4
503	268	3	8	5
669	268	9	8	3
381	268	1	8	4
645	268	5	8	4
697	268	17	8	5
392	268	12	8	5
214	268	14	8	2
872	268	12	8	1
567	268	7	8	4
519	268	19	8	5
176	268	16	8	5
677	268	17	8	5
682	268	2	8	5
587	268	7	8	4
937	268	17	8	1
592	268	12	8	5
913	268	13	8	2
865	268	5	8	4
532	268	12	8	4
63	268	3	8	3
242	268	2	8	5
205	268	5	8	2
470	268	10	8	2
637	268	17	8	2
629	268	9	8	5
40	268	0	8	4
928	268	8	8	5
583	268	3	8	5
782	268	2	8	3
1	268	1	8	5
589	268	9	8	1
448	268	8	8	3
894	268	14	8	3
579	268	19	8	3
77	268	17	8	5
710	268	10	8	4
846	268	6	8	4
54	268	14	8	5
569	268	9	8	3
104	268	4	8	3
428	268	8	8	4
358	268	18	8	3
667	268	7	8	3
282	268	2	8	4
912	268	12	8	2
74	268	14	8	3
500	268	0	8	5
687	268	7	8	5
305	268	5	8	3
117	268	17	8	5
643	268	3	8	4
730	268	10	8	4
695	268	15	8	5
936	268	16	8	4
529	268	9	8	5
611	268	11	8	5
100	268	0	8	3
509	268	9	8	2
715	268	15	8	4
854	268	14	8	3
3	268	3	8	3
140	268	0	8	4
621	268	1	8	4
241	268	1	8	4
234	268	14	8	2
834	268	14	8	3
917	268	17	8	4
489	268	9	8	2
535	268	15	8	3
770	268	10	8	5
157	268	17	8	5
727	268	7	8	4
221	268	1	8	5
790	268	10	8	4
362	268	2	8	2
327	268	7	8	4
626	268	6	8	4
171	268	11	8	4
177	268	17	8	3
239	268	19	8	2
473	268	13	8	5
920	268	0	8	3
453	268	13	8	4
244	268	4	8	5
886	268	6	8	5
819	268	19	8	4
663	268	3	8	3
620	268	0	8	4
32	268	12	8	5
29	268	9	8	5
449	268	9	8	2
557	268	17	8	5
433	268	13	8	3
201	268	1	8	4
683	268	3	8	4
287	268	7	8	4
486	268	6	8	3
94	268	14	8	4
347	268	7	8	4
889	268	9	8	4
294	268	14	8	4
220	268	0	8	4
49	268	9	8	3
747	268	7	8	5
442	268	2	8	4
651	268	11	8	2
276	268	16	8	4
270	268	10	8	5
880	268	0	8	5
199	268	19	8	5
743	268	3	8	4
466	268	6	8	2
288	268	8	8	4
268	268	8	8	5
624	268	4	8	4
787	268	7	8	4
113	268	13	8	4
252	268	12	8	5
69	268	9	8	5
89	268	9	8	5
345	268	5	8	4
297	268	17	8	4
498	268	18	8	2
314	268	14	8	5
556	268	16	8	4
654	268	14	8	1
266	268	6	8	4
232	268	12	8	4
446	268	6	8	2
139	268	19	8	4
827	268	7	8	4
323	268	3	8	4
212	268	12	8	5
334	268	14	8	4
445	268	5	8	1
664	268	4	8	3
181	268	1	8	1
537	268	17	8	4
578	268	18	8	2
551	268	11	8	4
365	268	5	8	5
870	268	10	8	3
119	268	19	8	5
19	268	19	8	2
721	268	1	8	4
582	268	2	8	4
50	268	10	8	4
679	268	19	8	4
359	268	19	8	4
129	268	9	8	1
31	268	11	8	3
296	268	16	8	4
317	268	17	8	3
699	268	19	8	4
149	268	9	8	4
128	268	8	8	3
496	268	16	8	4
907	268	7	8	4
286	268	6	8	4
476	268	16	8	4
902	268	2	8	1
863	268	3	8	5
354	268	14	8	4
11	268	11	8	5
574	268	14	8	5
193	268	13	8	3
720	268	0	8	4
222	268	2	8	4
171	288	11	8	2
493	288	13	8	4
135	288	15	8	3
362	288	2	8	4
663	288	3	8	4
624	288	4	8	4
849	288	9	8	5
191	288	11	8	3
256	288	16	8	5
470	288	10	8	4
159	288	19	8	3
601	288	1	8	1
862	288	2	8	5
155	288	15	8	3
160	288	0	8	5
787	288	7	8	1
221	288	1	8	3
814	288	14	8	4
259	288	19	8	3
770	288	10	8	4
462	288	2	8	5
611	288	11	8	3
329	288	9	8	2
393	288	13	8	3
206	288	6	8	5
489	288	9	8	4
241	288	1	8	5
140	288	0	8	3
261	288	1	8	4
347	288	7	8	5
580	288	0	8	5
497	288	17	8	2
616	288	16	8	4
3	288	3	8	2
234	288	14	8	3
863	288	3	8	4
834	288	14	8	5
643	288	3	8	4
682	288	2	8	4
257	288	17	8	3
69	288	9	8	5
281	288	1	8	4
619	288	19	8	3
478	288	18	8	5
750	288	10	8	4
854	288	14	8	5
509	288	9	8	5
186	288	6	8	1
681	288	1	8	1
190	288	10	8	5
193	288	13	8	1
342	288	2	8	5
485	288	5	8	3
534	288	14	8	4
810	288	10	8	3
695	288	15	8	4
251	288	11	8	4
620	288	0	8	4
599	288	19	8	4
399	288	19	8	3
482	288	2	8	3
529	288	9	8	4
533	288	13	8	2
596	288	16	8	4
201	288	1	8	4
425	288	5	8	5
926	288	6	8	3
511	288	11	8	4
100	288	0	8	2
166	288	6	8	3
250	288	10	8	4
504	288	4	8	5
674	288	14	8	3
348	288	8	8	5
117	288	17	8	3
215	288	15	8	2
378	288	18	8	3
549	288	9	8	4
54	288	14	8	4
466	288	6	8	4
617	288	17	8	1
368	288	8	8	3
285	288	5	8	5
579	288	19	8	4
907	288	7	8	5
104	288	4	8	2
687	288	7	8	4
81	288	1	8	3
623	288	3	8	1
327	288	7	8	4
388	288	8	8	5
605	288	5	8	5
556	288	16	8	4
408	288	8	8	4
502	288	2	8	5
282	288	2	8	4
74	288	14	8	3
45	288	5	8	3
297	288	17	8	3
783	288	3	8	3
332	288	12	8	5
293	288	13	8	3
265	288	5	8	4
498	288	18	8	3
428	288	8	8	4
706	288	6	8	3
569	288	9	8	3
262	288	2	8	3
314	288	14	8	5
846	288	6	8	4
603	288	3	8	3
255	288	15	8	4
448	288	8	8	1
894	288	14	8	3
301	288	1	8	4
880	288	0	8	4
589	288	9	8	5
34	288	14	8	2
892	288	12	8	4
397	288	17	8	4
537	288	17	8	2
57	288	17	8	4
551	288	11	8	4
609	288	9	8	2
126	288	6	8	4
869	288	9	8	3
323	288	3	8	3
20	288	0	8	1
830	288	10	8	1
457	288	17	8	4
627	288	7	8	3
654	288	14	8	3
446	288	6	8	2
394	288	14	8	4
510	288	10	8	3
214	288	14	8	3
291	288	11	8	5
626	288	6	8	3
268	288	8	8	4
37	288	17	8	4
63	288	3	8	3
139	288	19	8	4
474	288	14	8	3
99	288	19	8	4
372	288	12	8	5
165	288	5	8	2
101	288	1	8	4
341	288	1	8	4
677	288	17	8	5
587	288	7	8	4
740	288	0	8	4
593	288	13	8	4
109	288	9	8	5
336	288	16	8	3
176	288	16	8	3
279	288	19	8	3
33	288	13	8	4
488	288	8	8	2
827	288	7	8	3
222	288	2	8	4
872	288	12	8	5
629	288	9	8	4
495	288	15	8	4
86	288	6	8	3
278	288	18	8	5
921	288	1	8	3
519	288	19	8	4
808	288	8	8	3
258	288	18	8	1
518	288	18	8	3
633	288	13	8	2
645	288	5	8	3
526	288	6	8	4
392	288	12	8	4
218	288	18	8	2
923	288	3	8	5
646	288	6	8	3
697	288	17	8	2
546	288	6	8	4
315	288	15	8	3
366	288	6	8	4
144	288	4	8	2
300	288	0	8	4
464	288	4	8	4
116	288	16	8	3
548	288	8	8	3
826	288	6	8	3
343	288	3	8	2
66	288	6	8	4
542	288	2	8	2
123	288	3	8	3
335	288	15	8	4
832	288	12	8	3
515	288	15	8	4
412	288	12	8	4
812	288	12	8	4
355	288	15	8	5
46	288	6	8	2
913	288	13	8	2
828	288	8	8	3
930	288	10	8	1
566	288	6	8	3
816	288	16	8	4
375	288	15	8	4
286	288	6	8	5
928	288	8	8	3
143	288	3	8	5
679	288	19	8	4
717	288	17	8	1
28	288	8	8	5
424	288	4	8	1
395	288	15	8	2
163	288	3	8	3
7	288	7	8	4
758	288	18	8	4
836	288	16	8	1
432	288	12	8	5
374	288	14	8	4
847	288	7	8	4
299	288	19	8	3
772	288	12	8	2
919	288	19	8	4
875	288	15	8	4
404	288	4	8	3
181	288	1	8	4
430	288	10	8	4
818	288	18	8	5
142	288	2	8	3
228	288	8	8	4
673	288	13	8	4
26	288	6	8	4
752	288	12	8	5
39	288	19	8	5
588	288	8	8	4
876	288	16	8	3
203	288	3	8	5
150	288	10	8	4
666	288	6	8	3
452	288	12	8	2
507	288	7	8	5
52	288	12	8	3
441	288	1	8	2
27	288	7	8	3
709	288	9	8	5
732	288	12	8	4
364	288	4	8	4
47	288	7	8	2
831	288	11	8	1
24	288	4	8	3
320	288	0	8	4
693	288	13	8	2
924	288	4	8	3
223	288	3	8	3
578	288	18	8	3
463	288	3	8	1
586	288	6	8	4
791	288	11	8	3
487	288	7	8	4
729	288	9	8	2
685	288	5	8	2
531	288	11	8	1
806	288	6	8	3
174	288	14	8	3
276	288	16	8	4
757	288	17	8	4
733	288	13	8	2
650	288	10	8	3
92	288	12	8	3
178	288	18	8	5
76	288	16	8	2
870	288	10	8	4
476	288	16	8	4
608	288	8	8	5
655	288	15	8	3
634	288	14	8	3
213	288	13	8	4
414	288	14	8	5
467	288	7	8	4
501	288	1	8	4
188	288	8	8	4
102	288	2	8	2
154	288	14	8	3
841	288	1	8	3
521	288	1	8	3
119	288	19	8	4
344	288	4	8	4
447	288	7	8	4
628	288	8	8	5
843	288	3	8	4
82	288	2	8	3
113	288	13	8	3
403	288	3	8	4
777	288	17	8	4
105	288	5	8	4
79	288	19	8	3
450	288	10	8	3
435	288	15	8	4
445	288	5	8	2
552	288	12	8	2
479	288	19	8	3
107	288	7	8	3
648	288	8	8	4
127	288	7	8	5
773	288	13	8	2
630	288	10	8	4
434	288	14	8	5
167	288	7	8	3
898	288	18	8	4
420	288	0	8	3
437	288	17	8	2
560	288	0	8	4
801	288	1	8	5
825	288	5	8	1
652	288	12	8	2
351	288	11	8	3
324	288	4	8	5
781	288	1	8	2
118	288	18	8	5
365	288	5	8	5
582	288	2	8	3
725	288	5	8	3
62	288	2	8	2
283	288	3	8	2
721	288	1	8	3
817	288	17	8	4
4	288	4	8	4
94	288	14	8	3
407	288	7	8	4
761	288	1	8	4
19	288	19	8	3
793	288	13	8	4
574	288	14	8	4
896	288	16	8	3
168	288	8	8	1
304	288	4	8	3
36	288	16	8	4
334	288	14	8	3
78	288	18	8	4
702	288	2	8	1
363	288	3	8	4
59	288	19	8	5
409	288	9	8	1
820	288	0	8	5
610	288	10	8	3
110	288	10	8	4
668	288	8	8	4
632	288	12	8	3
317	288	17	8	4
50	288	10	8	4
405	288	5	8	5
688	288	8	8	5
387	288	7	8	3
16	288	16	8	3
391	288	11	8	3
346	288	6	8	2
439	288	19	8	3
922	288	2	8	2
141	288	1	8	3
455	288	15	8	2
699	288	19	8	3
367	288	7	8	5
554	288	14	8	3
570	288	10	8	2
741	288	1	8	4
472	288	12	8	5
264	288	4	8	5
550	288	10	8	5
833	288	13	8	2
303	288	3	8	4
606	288	6	8	4
555	288	15	8	3
130	288	10	8	5
785	288	5	8	3
496	288	16	8	2
416	288	16	8	5
887	288	7	8	4
129	288	9	8	1
877	288	17	8	3
339	288	19	8	3
711	288	11	8	1
73	288	13	8	3
789	288	9	8	3
38	288	18	8	5
592	288	12	8	5
859	288	19	8	4
824	288	4	8	3
595	288	15	8	3
882	288	2	8	3
451	288	11	8	5
925	288	5	8	5
671	288	11	8	5
417	288	17	8	3
903	288	3	8	4
21	288	1	8	3
396	288	16	8	3
804	288	4	8	1
618	288	18	8	3
927	288	7	8	5
376	288	16	8	3
897	288	17	8	5
782	288	2	8	4
739	288	19	8	1
642	288	2	8	1
614	288	14	8	2
802	288	2	8	3
910	288	10	8	3
864	288	4	8	5
400	288	0	8	4
938	288	18	8	5
768	288	8	8	4
229	288	9	8	4
915	288	15	8	2
13	288	13	8	1
170	288	10	8	3
908	288	8	8	4
460	288	0	8	2
377	288	17	8	5
356	288	16	8	4
835	288	15	8	2
904	288	4	8	4
349	288	9	8	3
604	288	4	8	3
886	288	6	8	4
240	288	0	8	5
220	288	0	8	5
458	288	18	8	3
294	288	14	8	5
734	288	14	8	4
676	288	16	8	1
68	288	8	8	4
805	288	5	8	1
842	288	2	8	3
760	288	0	8	4
64	288	4	8	4
755	288	15	8	1
853	288	13	8	4
260	288	0	8	3
442	288	2	8	4
703	288	3	8	4
631	288	11	8	3
345	288	5	8	3
246	288	6	8	5
724	288	4	8	4
525	288	5	8	4
227	288	7	8	2
486	288	6	8	4
893	288	13	8	3
429	288	9	8	3
239	288	19	8	2
2	288	2	8	3
292	288	12	8	3
272	288	12	8	4
422	288	2	8	3
735	288	15	8	4
544	288	4	8	2
683	288	3	8	3
200	288	0	8	5
204	288	4	8	3
197	288	17	8	3
743	288	3	8	2
32	288	12	8	4
790	288	10	8	4
14	288	14	8	4
436	288	16	8	4
747	288	7	8	4
453	288	13	8	4
418	288	18	8	5
270	288	10	8	5
715	288	15	8	4
557	288	17	8	1
449	288	9	8	3
274	288	14	8	4
900	288	0	8	2
308	288	8	8	4
920	288	0	8	3
177	288	17	8	5
179	288	19	8	5
280	288	0	8	5
48	308	8	8	5
787	308	7	8	3
145	308	5	8	2
451	308	11	8	1
683	308	3	8	3
587	308	7	8	3
133	308	13	8	4
206	308	6	8	2
15	308	15	8	5
598	308	18	8	4
181	308	1	8	1
489	308	9	8	4
354	308	14	8	4
13	308	13	8	3
845	308	5	8	4
149	308	9	8	2
699	308	19	8	4
88	308	8	8	4
405	308	5	8	1
281	308	1	8	1
466	308	6	8	1
644	308	4	8	4
782	308	2	8	4
169	308	9	8	3
743	308	3	8	2
724	308	4	8	1
2	308	2	8	3
811	308	11	8	4
360	308	0	8	4
6	308	6	8	3
533	328	13	8	4
193	328	13	8	3
818	328	18	8	4
804	328	4	8	4
133	328	13	8	3
173	328	13	8	5
917	328	17	8	2
555	328	15	8	4
515	328	15	8	2
928	328	8	8	3
828	328	8	8	3
646	328	6	8	3
303	328	3	8	3
788	328	8	8	4
347	328	7	8	4
681	328	1	8	3
74	328	14	8	4
905	328	5	8	3
701	328	1	8	4
399	328	19	8	4
592	328	12	8	1
530	328	10	8	4
626	328	6	8	1
550	328	10	8	5
65	328	5	8	4
873	328	13	8	4
853	328	13	8	3
833	328	13	8	2
451	328	11	8	5
809	328	9	8	5
748	328	8	8	4
450	328	10	8	4
38	328	18	8	4
207	328	7	8	2
431	328	11	8	4
721	328	1	8	5
708	328	8	8	3
877	328	17	8	2
94	328	14	8	3
857	328	17	8	3
363	328	3	8	3
284	328	4	8	4
635	328	15	8	3
668	328	8	8	4
837	328	17	8	4
391	328	11	8	3
304	328	4	8	3
655	328	15	8	2
62	328	2	8	3
749	328	9	8	4
324	328	4	8	4
54	328	14	8	4
725	328	5	8	4
459	328	19	8	3
652	328	12	8	4
327	328	7	8	2
263	328	3	8	4
801	328	1	8	5
351	328	11	8	4
817	328	17	8	4
85	328	5	8	3
427	328	7	8	4
797	328	17	8	2
692	328	12	8	4
896	328	16	8	1
134	328	14	8	4
423	328	3	8	1
753	328	13	8	3
608	328	8	8	4
757	328	17	8	3
729	328	9	8	3
791	328	11	8	4
102	328	2	8	2
223	328	3	8	3
26	328	6	8	2
479	328	19	8	4
665	328	5	8	4
831	328	11	8	3
178	328	18	8	3
164	328	4	8	5
507	328	7	8	5
856	328	16	8	3
116	328	16	8	3
384	328	4	8	4
673	328	13	8	4
430	328	10	8	4
415	328	15	8	5
395	328	15	8	4
653	328	13	8	4
404	328	4	8	4
401	328	1	8	4
772	328	12	8	5
145	328	5	8	5
410	328	10	8	3
143	328	3	8	4
851	328	11	8	3
717	328	17	8	4
689	328	9	8	5
390	328	10	8	4
816	328	16	8	4
46	328	6	8	4
355	328	15	8	4
812	328	12	8	4
222	328	2	8	5
335	328	15	8	3
548	328	8	8	4
832	328	12	8	3
547	328	7	8	4
444	328	4	8	5
464	328	4	8	3
796	328	16	8	5
499	328	19	8	5
697	328	17	8	5
392	328	12	8	3
921	328	1	8	5
872	328	12	8	4
526	328	6	8	2
519	328	19	8	2
258	328	18	8	3
633	328	13	8	4
86	328	6	8	2
587	328	7	8	1
165	328	5	8	3
488	328	8	8	4
176	328	16	8	4
629	328	9	8	3
63	328	3	8	2
894	328	14	8	4
144	328	4	8	3
506	328	6	8	4
205	328	5	8	3
40	328	0	8	3
234	328	14	8	2
126	328	6	8	5
627	328	7	8	4
255	328	15	8	2
271	328	11	8	2
589	328	9	8	5
647	328	7	8	3
637	328	17	8	4
579	328	19	8	3
146	328	6	8	3
265	328	5	8	4
408	328	8	8	2
332	328	12	8	5
104	328	4	8	3
43	328	3	8	4
569	328	9	8	4
302	328	2	8	3
730	328	10	8	2
388	328	8	8	4
166	328	6	8	5
236	328	16	8	5
597	328	17	8	4
854	328	14	8	1
529	328	9	8	4
195	328	15	8	4
695	328	15	8	3
750	328	10	8	4
100	328	0	8	4
509	328	9	8	1
486	328	6	8	2
3	328	3	8	5
619	328	19	8	1
770	328	10	8	3
663	328	3	8	4
378	328	18	8	3
727	328	7	8	4
493	328	13	8	4
155	328	15	8	2
489	328	9	8	4
191	328	11	8	3
160	328	0	8	3
362	328	2	8	2
323	328	3	8	3
328	328	8	8	4
151	328	11	8	3
920	328	0	8	2
544	328	4	8	3
545	328	5	8	4
418	328	18	8	1
790	328	10	8	3
683	328	3	8	2
197	328	17	8	4
703	328	3	8	3
95	328	15	8	5
413	328	13	8	3
754	328	14	8	3
865	328	5	8	3
49	328	9	8	2
294	328	14	8	4
755	328	15	8	4
886	328	6	8	3
676	328	16	8	5
292	328	12	8	3
466	328	6	8	4
505	328	5	8	4
880	328	0	8	4
787	328	7	8	3
393	328	13	8	5
462	328	2	8	5
159	328	19	8	3
616	328	16	8	3
485	328	5	8	2
596	328	16	8	5
482	328	2	8	4
276	328	16	8	4
810	328	10	8	5
502	328	2	8	4
250	328	10	8	3
783	328	3	8	4
624	328	4	8	4
537	328	17	8	2
314	328	14	8	4
268	328	8	8	1
446	328	6	8	3
111	328	11	8	4
35	328	15	8	3
644	328	4	8	4
373	328	13	8	4
91	328	11	8	4
300	328	0	8	3
44	328	4	8	4
15	328	15	8	3
119	328	19	8	4
942	328	2	8	3
867	328	7	8	5
353	328	13	8	2
664	328	4	8	3
334	328	14	8	3
360	328	0	8	3
4	328	4	8	3
820	328	0	8	2
181	328	1	8	3
582	328	2	8	3
517	328	17	8	3
317	328	17	8	4
31	328	11	8	2
313	328	13	8	4
902	328	2	8	3
149	328	9	8	2
699	328	19	8	2
99	328	19	8	4
476	328	16	8	4
574	328	14	8	3
740	328	0	8	3
128	328	8	8	2
141	328	1	8	4
863	328	3	8	5
190	328	10	8	3
554	328	14	8	4
112	328	12	8	4
400	328	0	8	3
170	328	10	8	3
927	328	7	8	4
870	328	10	8	3
724	328	4	8	4
660	328	0	8	3
919	328	19	8	2
440	328	0	8	3
293	328	13	8	2
842	328	2	8	2
61	328	1	8	5
895	328	15	8	4
130	328	10	8	4
904	328	4	8	2
356	328	16	8	4
92	328	12	8	3
514	328	14	8	3
229	328	9	8	1
915	328	15	8	2
784	328	4	8	3
938	328	18	8	2
500	328	0	8	3
551	328	11	8	5
21	328	1	8	3
376	328	16	8	3
273	328	13	8	3
396	328	16	8	4
898	328	18	8	2
682	328	2	8	3
782	328	2	8	5
758	328	18	8	1
253	328	13	8	4
12	328	12	8	4
759	328	19	8	5
13	328	13	8	3
416	328	16	8	5
779	328	19	8	4
224	328	4	8	4
33	328	13	8	4
90	328	10	8	3
864	328	4	8	5
113	328	13	8	5
722	328	2	8	5
311	348	11	8	4
170	348	10	8	3
423	348	3	8	3
787	348	7	8	4
3	348	3	8	4
13	348	13	8	2
416	348	16	8	3
775	348	15	8	3
100	348	0	8	3
580	348	0	8	3
857	348	17	8	1
286	348	6	8	4
532	348	12	8	4
99	348	19	8	4
119	348	19	8	3
782	348	2	8	4
33	348	13	8	4
145	348	5	8	4
519	348	19	8	5
616	348	16	8	3
863	348	3	8	2
436	348	16	8	4
873	348	13	8	3
669	348	9	8	1
404	348	4	8	3
752	348	12	8	4
880	348	0	8	4
193	368	13	8	1
897	368	17	8	1
595	368	15	8	1
887	368	7	8	5
532	368	12	8	3
880	368	0	8	1
457	368	17	8	1
336	368	16	8	1
256	368	16	8	1
859	368	19	8	3
184	368	4	8	1
790	368	10	8	2
320	368	0	8	3
648	368	8	8	2
472	368	12	8	3
5	368	5	8	1
117	368	17	8	3
56	368	16	8	3
216	368	16	8	2
174	368	14	8	1
181	368	1	8	1
406	368	6	8	2
92	368	12	8	1
279	368	19	8	1
145	368	5	8	3
348	368	8	8	3
303	368	3	8	1
94	368	14	8	2
246	368	6	8	1
222	368	2	8	1
642	368	2	8	4
416	388	16	8	2
268	388	8	8	1
399	388	19	8	2
405	388	5	8	4
417	388	17	8	3
497	388	17	8	4
280	388	0	8	2
336	388	16	8	1
279	388	19	8	3
934	388	14	8	3
933	388	13	8	1
222	388	2	8	2
5	388	5	8	2
886	388	6	8	1
276	388	16	8	2
457	388	17	8	2
653	388	13	8	2
566	388	6	8	3
545	388	5	8	3
174	388	14	8	1
712	388	12	8	3
125	388	5	8	2
450	388	10	8	3
407	388	7	8	2
846	388	6	8	3
109	388	9	8	5
758	388	18	8	3
303	388	3	8	2
868	408	8	8	5
680	408	0	8	5
491	408	11	8	5
420	408	0	8	4
70	408	10	8	4
327	408	7	8	2
658	408	18	8	5
286	408	6	8	4
622	408	2	8	5
497	408	17	8	4
913	408	13	8	5
18	408	18	8	5
684	408	4	8	5
148	408	8	8	5
634	408	14	8	3
592	408	12	8	5
181	408	1	8	1
334	408	14	8	4
445	408	5	8	3
664	408	4	8	5
536	408	16	8	5
465	408	5	8	5
268	408	8	8	5
823	408	3	8	5
654	408	14	8	5
75	408	15	8	4
343	408	3	8	5
807	408	7	8	3
661	408	1	8	5
906	408	6	8	4
151	408	11	8	5
14	408	14	8	5
303	408	3	8	4
237	408	17	8	5
458	408	18	8	5
747	408	7	8	5
32	408	12	8	3
199	408	19	8	5
292	408	12	8	4
743	408	3	8	4
276	408	16	8	5
308	408	8	8	5
486	408	6	8	3
325	408	5	8	5
201	408	1	8	4
226	408	6	8	5
305	408	5	8	5
402	408	2	8	5
25	408	5	8	5
727	408	7	8	4
249	408	9	8	5
342	408	2	8	5
643	408	3	8	4
84	408	4	8	5
160	408	0	8	4
279	408	19	8	5
312	408	12	8	4
23	408	3	8	5
579	408	19	8	3
533	408	13	8	4
97	408	17	8	5
605	408	5	8	5
338	408	18	8	5
275	408	15	8	3
637	408	17	8	5
609	408	9	8	5
216	408	16	8	3
43	408	3	8	5
625	408	5	8	4
63	408	3	8	4
5	408	5	8	5
838	408	18	8	4
214	408	14	8	4
941	408	1	8	5
526	408	6	8	5
523	408	3	8	5
669	408	9	8	5
852	408	12	8	5
865	408	5	8	5
412	408	12	8	4
806	408	6	8	5
142	408	2	8	4
479	408	19	8	5
937	408	17	8	5
299	408	19	8	4
344	408	4	8	5
771	408	11	8	5
158	408	18	8	5
773	408	13	8	5
307	408	7	8	5
56	408	16	8	4
6	408	6	8	4
407	408	7	8	4
889	408	9	8	3
711	408	11	8	5
58	408	18	8	5
363	408	3	8	5
748	408	8	8	5
387	408	7	8	4
829	408	9	8	4
359	408	19	8	5
92	408	12	8	4
21	408	1	8	5
738	408	18	8	5
864	408	4	8	5
514	408	14	8	5
822	408	2	8	5
209	408	9	8	4
267	408	7	8	5
883	408	3	8	5
924	408	4	8	3
385	408	5	8	5
59	428	19	8	5
661	428	1	8	4
666	428	6	8	3
848	428	8	8	5
379	428	19	8	4
327	428	7	8	4
591	428	11	8	4
916	428	16	8	4
85	428	5	8	5
207	428	7	8	4
42	428	2	8	3
339	428	19	8	5
387	428	7	8	4
561	428	1	8	4
766	428	6	8	5
407	428	7	8	3
648	428	8	8	2
606	428	6	8	3
187	428	7	8	4
751	428	11	8	4
311	428	11	8	4
588	428	8	8	4
7	428	7	8	5
401	428	1	8	4
934	428	14	8	4
911	428	11	8	4
291	428	11	8	5
468	428	8	8	4
321	428	1	8	4
579	428	19	8	4
846	428	6	8	3
97	428	17	8	4
271	428	11	8	4
342	428	2	8	5
932	428	12	8	4
279	428	19	8	1
312	428	12	8	3
239	428	19	8	5
305	428	5	8	3
308	428	8	8	5
716	428	16	8	3
774	428	14	8	1
151	428	11	8	5
747	428	7	8	3
49	428	9	8	5
807	428	7	8	4
847	428	7	8	3
208	428	8	8	4
172	428	12	8	4
426	428	6	8	2
340	428	0	8	1
161	428	1	8	3
380	428	0	8	3
11	428	11	8	4
385	428	5	8	3
48	428	8	8	4
406	428	6	8	5
121	428	1	8	5
13	428	13	8	5
918	428	18	8	5
92	428	12	8	4
417	428	17	8	3
437	428	17	8	5
269	428	9	8	5
457	428	17	8	5
405	428	5	8	1
758	428	18	8	4
326	428	6	8	5
244	428	4	8	4
804	428	4	8	3
640	428	0	8	5
899	428	19	8	4
660	428	0	8	4
875	428	15	8	4
744	428	4	8	4
698	428	18	8	1
389	428	9	8	3
354	428	14	8	4
870	428	10	8	4
313	428	13	8	3
286	428	6	8	5
409	428	9	8	4
334	428	14	8	4
840	428	0	8	4
465	428	5	8	3
823	428	3	8	5
429	428	9	8	4
537	428	17	8	4
276	428	16	8	4
885	428	5	8	4
14	428	14	8	4
643	428	3	8	4
378	428	18	8	3
504	428	4	8	3
234	428	14	8	4
196	428	16	8	4
625	428	5	8	5
645	428	5	8	4
690	428	10	8	1
653	428	13	8	1
315	428	15	8	4
198	428	18	8	4
655	428	15	8	3
693	428	13	8	3
737	428	17	8	4
773	428	13	8	4
94	428	14	8	5
98	428	18	8	5
363	428	3	8	5
455	428	15	8	4
184	428	4	8	4
833	428	13	8	2
749	428	9	8	3
615	428	15	8	5
450	428	10	8	4
805	428	5	8	5
18	428	18	8	3
913	428	13	8	3
889	428	9	8	4
5	428	5	8	5
307	428	7	8	4
368	448	8	8	3
814	448	14	8	3
425	448	5	8	2
416	448	16	8	3
498	448	18	8	4
253	448	13	8	2
474	448	14	8	5
213	448	13	8	4
749	448	9	8	2
44	448	4	8	2
372	448	12	8	4
659	448	19	8	4
796	448	16	8	4
532	448	12	8	4
405	448	5	8	4
297	448	17	8	3
254	448	14	8	3
504	448	4	8	5
313	448	13	8	3
5	448	5	8	2
21	448	1	8	4
222	448	2	8	3
617	448	17	8	3
450	448	10	8	4
59	448	19	8	4
234	448	14	8	3
367	448	7	8	4
311	448	11	8	5
537	448	17	8	3
843	448	3	8	4
495	448	15	8	5
802	448	2	8	3
551	448	11	8	4
500	448	0	8	3
269	448	9	8	2
28	448	8	8	4
326	448	6	8	3
145	448	5	8	5
94	448	14	8	5
151	448	11	8	2
456	448	16	8	3
385	448	5	8	3
407	448	7	8	4
387	448	7	8	3
435	448	15	8	3
13	448	13	8	1
95	448	15	8	3
429	448	9	8	3
276	448	16	8	4
264	448	4	8	2
62	448	2	8	2
366	448	6	8	5
255	448	15	8	3
766	448	6	8	3
890	448	10	8	2
604	448	4	8	5
846	448	6	8	5
291	448	11	8	5
201	448	1	8	3
16	448	16	8	5
363	448	3	8	5
847	448	7	8	4
774	448	14	8	2
868	448	8	8	2
655	448	15	8	4
102	448	2	8	3
275	448	15	8	3
694	448	14	8	3
457	448	17	8	4
608	448	8	8	5
308	448	8	8	3
833	448	13	8	3
7	448	7	8	3
421	448	1	8	3
932	448	12	8	2
788	448	8	8	2
328	448	8	8	3
422	448	2	8	4
643	448	3	8	3
653	448	13	8	4
804	448	4	8	3
379	448	19	8	4
280	448	0	8	3
648	448	8	8	3
758	448	18	8	4
416	468	16	8	5
541	468	1	8	4
627	468	7	8	2
244	468	4	8	1
450	468	10	8	4
405	468	5	8	3
59	468	19	8	3
643	468	3	8	4
846	468	6	8	4
128	468	8	8	1
347	468	7	8	2
454	468	14	8	3
682	468	2	8	5
588	468	8	8	3
505	468	5	8	4
222	468	2	8	2
436	468	16	8	4
243	468	3	8	3
207	468	7	8	4
484	468	4	8	5
943	468	3	8	2
251	468	11	8	2
42	468	2	8	4
188	468	8	8	4
224	468	4	8	4
110	468	10	8	3
429	468	9	8	3
804	468	4	8	4
774	468	14	8	2
606	468	6	8	4
474	468	14	8	4
749	468	9	8	3
880	468	0	8	3
314	468	14	8	4
618	468	18	8	3
655	468	15	8	3
716	468	16	8	3
311	468	11	8	4
399	468	19	8	3
330	468	10	8	5
221	468	1	8	3
406	468	6	8	1
293	468	13	8	2
654	468	14	8	4
694	468	14	8	4
586	468	6	8	3
83	468	3	8	4
632	468	12	8	3
642	468	2	8	3
593	468	13	8	3
374	468	14	8	4
532	468	12	8	5
378	468	18	8	5
201	468	1	8	4
6	468	6	8	3
577	468	17	8	3
280	468	0	8	4
561	468	1	8	1
537	468	17	8	2
488	468	8	8	5
326	468	6	8	3
719	468	19	8	3
551	468	11	8	5
896	468	16	8	2
154	488	14	8	4
334	488	14	8	5
383	488	3	8	4
452	488	12	8	4
194	488	14	8	3
339	488	19	8	5
392	488	12	8	4
299	488	19	8	4
308	488	8	8	4
234	488	14	8	4
796	488	16	8	2
18	488	18	8	3
406	488	6	8	4
7	488	7	8	4
59	488	19	8	3
292	488	12	8	5
889	488	9	8	2
313	488	13	8	5
645	488	5	8	4
269	488	9	8	4
426	488	6	8	5
373	488	13	8	3
707	488	7	8	4
535	488	15	8	5
385	488	5	8	5
568	488	8	8	5
90	488	10	8	5
846	488	6	8	5
835	488	15	8	5
747	488	7	8	5
13	488	13	8	3
387	488	7	8	3
908	488	8	8	4
537	488	17	8	4
932	488	12	8	5
338	488	18	8	5
524	488	4	8	4
833	488	13	8	5
450	488	10	8	4
658	488	18	8	4
419	488	19	8	5
758	488	18	8	3
503	488	3	8	5
6	488	6	8	5
85	488	5	8	4
10	488	10	8	5
854	488	14	8	4
151	488	11	8	4
561	488	1	8	4
184	488	4	8	5
918	488	18	8	3
639	488	19	8	4
693	488	13	8	4
312	488	12	8	5
172	488	12	8	3
617	488	17	8	4
934	488	14	8	5
160	488	0	8	5
704	488	4	8	5
389	488	9	8	5
474	488	14	8	3
239	488	19	8	5
716	488	16	8	4
711	488	11	8	4
342	488	2	8	5
11	508	11	8	4
560	508	0	8	3
632	508	12	8	2
758	508	18	8	4
161	508	1	8	2
614	508	14	8	4
134	508	14	8	3
15	508	15	8	2
280	508	0	8	3
860	508	0	8	4
26	508	6	8	3
825	508	5	8	4
344	508	4	8	4
470	508	10	8	5
244	508	4	8	4
537	508	17	8	4
69	508	9	8	4
693	508	13	8	2
518	508	18	8	3
266	508	6	8	4
345	508	5	8	4
447	508	7	8	3
318	508	18	8	4
624	508	4	8	4
82	508	2	8	2
195	508	15	8	3
722	508	2	8	4
139	508	19	8	4
213	508	13	8	4
232	508	12	8	1
75	508	15	8	4
542	508	2	8	3
637	508	17	8	2
558	508	18	8	5
429	508	9	8	4
299	508	19	8	4
880	508	0	8	4
896	508	16	8	2
654	508	14	8	1
125	508	5	8	1
322	508	2	8	4
181	508	1	8	3
937	508	17	8	1
83	508	3	8	2
608	508	8	8	4
501	508	1	8	4
120	508	0	8	2
276	508	16	8	5
423	508	3	8	4
314	508	14	8	3
294	508	14	8	4
118	508	18	8	4
277	508	17	8	4
399	508	19	8	3
24	508	4	8	4
533	508	13	8	4
445	508	5	8	2
559	508	19	8	3
669	508	9	8	3
216	508	16	8	4
214	508	14	8	4
63	508	3	8	4
486	508	6	8	4
894	508	14	8	3
394	508	14	8	4
315	508	15	8	4
468	508	8	8	4
157	508	17	8	5
657	508	17	8	4
770	508	10	8	5
543	508	3	8	4
144	508	4	8	4
655	508	15	8	3
339	508	19	8	4
599	508	19	8	3
324	508	4	8	5
407	508	7	8	4
910	508	10	8	4
175	508	15	8	1
474	508	14	8	3
523	508	3	8	3
831	508	11	8	3
540	508	0	8	4
60	508	0	8	4
643	508	3	8	4
854	508	14	8	4
113	508	13	8	4
569	508	9	8	3
931	508	11	8	4
342	508	2	8	3
297	508	17	8	4
343	508	3	8	5
334	508	14	8	3
378	508	18	8	4
412	508	12	8	4
665	508	5	8	2
109	508	9	8	4
731	508	11	8	1
940	508	0	8	5
193	508	13	8	4
177	508	17	8	4
326	508	6	8	3
160	508	0	8	5
905	508	5	8	4
303	508	3	8	4
677	508	17	8	5
13	508	13	8	3
74	508	14	8	4
595	508	15	8	5
130	508	10	8	4
601	508	1	8	4
774	508	14	8	3
473	508	13	8	2
606	508	6	8	4
417	508	17	8	3
913	508	13	8	3
115	508	15	8	5
66	508	6	8	4
663	508	3	8	4
221	508	1	8	4
792	508	12	8	2
938	508	18	8	4
296	508	16	8	5
406	508	6	8	4
527	508	7	8	3
59	508	19	8	5
424	508	4	8	3
17	508	17	8	3
742	508	2	8	4
401	508	1	8	3
833	508	13	8	5
385	508	5	8	2
323	508	3	8	4
382	508	2	8	3
939	508	19	8	5
456	508	16	8	4
27	508	7	8	3
592	508	12	8	5
582	508	2	8	4
388	508	8	8	3
534	508	14	8	4
6	508	6	8	3
50	508	10	8	5
92	508	12	8	5
789	508	9	8	4
291	508	11	8	5
38	508	18	8	2
526	508	6	8	4
634	508	14	8	4
605	508	5	8	5
391	508	11	8	2
222	508	2	8	3
104	508	4	8	2
780	508	0	8	3
936	508	16	8	3
32	508	12	8	4
239	508	19	8	5
162	508	2	8	5
793	508	13	8	4
199	508	19	8	4
79	508	19	8	3
176	508	16	8	3
327	508	7	8	2
557	508	17	8	4
602	508	2	8	3
744	508	4	8	5
524	508	4	8	5
453	508	13	8	4
85	508	5	8	2
432	508	12	8	5
692	508	12	8	3
900	508	0	8	3
62	508	2	8	4
728	508	8	8	4
178	508	18	8	3
709	508	9	8	4
653	508	13	8	3
347	508	7	8	3
870	508	10	8	3
420	508	0	8	3
94	508	14	8	5
455	508	15	8	4
919	508	19	8	5
226	508	6	8	4
566	508	6	8	4
121	508	1	8	4
703	508	3	8	3
761	508	1	8	1
463	508	3	8	4
535	508	15	8	5
708	508	8	8	4
377	508	17	8	4
551	508	11	8	4
49	508	9	8	3
839	508	19	8	3
190	508	10	8	3
943	508	3	8	5
532	508	12	8	4
99	508	19	8	4
933	508	13	8	3
269	508	9	8	4
747	508	7	8	5
128	508	8	8	4
387	508	7	8	4
610	508	10	8	3
413	508	13	8	4
357	508	17	8	5
497	508	17	8	3
184	508	4	8	4
676	508	16	8	1
207	508	7	8	4
442	508	2	8	3
201	508	1	8	4
354	508	14	8	3
591	508	11	8	4
694	528	14	8	3
916	528	16	8	3
409	528	9	8	4
840	528	0	8	5
786	528	6	8	5
322	528	2	8	5
354	528	14	8	5
90	528	10	8	5
664	528	4	8	5
494	528	14	8	3
848	528	8	8	3
450	528	10	8	5
244	528	4	8	3
538	528	18	8	5
573	528	13	8	4
607	528	7	8	4
870	528	10	8	4
185	528	5	8	4
387	528	7	8	4
405	528	5	8	1
271	528	11	8	3
237	528	17	8	5
559	528	19	8	4
378	528	18	8	5
843	528	3	8	3
60	528	0	8	4
673	528	13	8	5
881	528	1	8	5
406	528	6	8	4
627	528	7	8	4
846	528	6	8	5
392	528	12	8	5
212	528	12	8	5
693	528	13	8	1
233	528	13	8	5
553	528	13	8	3
854	528	14	8	4
94	528	14	8	5
748	528	8	8	3
48	528	8	8	5
492	528	12	8	5
738	528	18	8	4
385	528	5	8	4
292	528	12	8	5
312	528	12	8	5
942	528	2	8	5
774	528	14	8	4
23	528	3	8	4
704	528	4	8	3
454	528	14	8	4
92	528	12	8	4
908	528	8	8	4
629	528	9	8	5
184	528	4	8	5
932	528	12	8	5
641	528	1	8	4
156	528	16	8	4
118	528	18	8	4
288	528	8	8	4
269	528	9	8	4
293	528	13	8	4
807	528	7	8	4
84	528	4	8	5
280	528	0	8	3
788	528	8	8	5
59	528	19	8	4
625	528	5	8	3
452	528	12	8	4
308	528	8	8	3
326	528	6	8	3
151	528	11	8	5
6	528	6	8	4
579	528	19	8	4
62	528	2	8	5
379	528	19	8	5
493	528	13	8	5
343	528	3	8	3
527	528	7	8	3
655	528	15	8	5
533	528	13	8	4
867	528	7	8	4
144	528	4	8	4
686	528	6	8	5
605	528	5	8	5
328	528	8	8	5
479	528	19	8	4
543	528	3	8	4
200	528	0	8	4
339	528	19	8	5
296	528	16	8	5
903	528	3	8	4
465	528	5	8	3
430	528	10	8	4
18	528	18	8	4
7	528	7	8	5
615	528	15	8	4
211	528	11	8	4
804	528	4	8	4
537	528	17	8	3
224	528	4	8	3
401	528	1	8	5
897	528	17	8	3
383	528	3	8	4
429	528	9	8	4
639	528	19	8	4
650	528	10	8	3
815	528	15	8	5
474	528	14	8	5
239	528	19	8	5
305	528	5	8	4
85	528	5	8	4
373	528	13	8	3
311	528	11	8	4
524	528	4	8	4
72	528	12	8	4
508	528	8	8	5
234	528	14	8	4
457	528	17	8	5
659	528	19	8	4
496	528	16	8	4
263	528	3	8	4
405	548	5	8	1
102	548	2	8	2
498	548	18	8	2
7	548	7	8	5
13	548	13	8	3
254	548	14	8	2
911	548	11	8	3
774	548	14	8	1
325	548	5	8	3
887	548	7	8	1
504	548	4	8	2
472	548	12	8	1
798	568	18	8	4
128	568	8	8	4
927	568	7	8	5
711	568	11	8	3
85	568	5	8	3
219	568	19	8	1
455	568	15	8	4
826	568	6	8	4
622	568	2	8	4
186	568	6	8	4
184	568	4	8	2
58	568	18	8	4
716	568	16	8	4
621	568	1	8	5
378	568	18	8	4
508	568	8	8	4
459	568	19	8	3
943	568	3	8	3
197	568	17	8	4
882	568	2	8	5
62	568	2	8	3
267	568	7	8	4
610	568	10	8	4
200	568	0	8	5
847	568	7	8	4
389	568	9	8	3
709	568	9	8	4
385	568	5	8	3
207	568	7	8	4
347	568	7	8	4
425	568	5	8	3
293	568	13	8	4
698	568	18	8	2
363	568	3	8	2
72	568	12	8	4
632	568	12	8	3
308	568	8	8	5
551	568	11	8	4
660	568	0	8	3
94	568	14	8	3
411	568	11	8	4
588	568	8	8	4
64	568	4	8	4
326	568	6	8	4
339	568	19	8	3
311	568	11	8	5
42	568	2	8	4
130	568	10	8	5
210	568	10	8	4
7	568	7	8	5
746	568	6	8	4
630	568	10	8	4
682	568	2	8	3
328	568	8	8	3
28	568	8	8	4
189	568	9	8	4
846	568	6	8	4
497	568	17	8	3
177	568	17	8	3
640	568	0	8	4
152	568	12	8	5
505	568	5	8	4
844	568	4	8	4
217	568	17	8	4
8	568	8	8	4
269	568	9	8	2
642	568	2	8	4
109	568	9	8	5
13	568	13	8	3
214	568	14	8	4
862	568	2	8	3
606	568	6	8	4
881	568	1	8	4
495	568	15	8	1
407	568	7	8	2
648	568	8	8	5
537	568	17	8	2
887	568	7	8	2
514	568	14	8	4
59	568	19	8	5
453	568	13	8	3
450	568	10	8	4
303	568	3	8	4
374	568	14	8	5
524	568	4	8	4
119	568	19	8	4
153	568	13	8	4
868	568	8	8	1
313	568	13	8	4
198	568	18	8	3
457	568	17	8	4
774	568	14	8	2
456	568	16	8	2
749	568	9	8	4
487	568	7	8	4
600	568	0	8	4
387	568	7	8	2
885	568	5	8	4
922	568	2	8	3
883	568	3	8	3
545	568	5	8	3
738	568	18	8	3
194	568	14	8	2
454	568	14	8	4
561	568	1	8	3
778	568	18	8	3
618	568	18	8	4
22	568	2	8	4
538	568	18	8	3
889	568	9	8	3
864	568	4	8	4
221	568	1	8	4
90	568	10	8	5
886	568	6	8	3
533	568	13	8	5
102	568	2	8	2
897	568	17	8	5
940	568	0	8	3
249	568	9	8	4
256	568	16	8	5
436	568	16	8	5
399	568	19	8	2
417	568	17	8	2
405	568	5	8	4
394	568	14	8	5
916	568	16	8	4
671	568	11	8	5
849	568	9	8	4
92	568	12	8	3
91	568	11	8	2
291	568	11	8	4
532	568	12	8	5
253	568	13	8	4
788	568	8	8	3
53	568	13	8	4
95	568	15	8	4
647	568	7	8	4
416	568	16	8	4
83	568	3	8	4
290	568	10	8	3
188	568	8	8	4
167	568	7	8	3
804	568	4	8	4
758	568	18	8	4
233	568	13	8	5
627	568	7	8	2
870	568	10	8	4
330	568	10	8	5
43	568	3	8	4
756	568	16	8	3
262	568	2	8	3
766	568	6	8	2
543	568	3	8	3
343	568	3	8	1
655	568	15	8	3
222	568	2	8	5
20	568	0	8	4
892	568	12	8	4
619	568	19	8	5
850	568	10	8	5
751	568	11	8	3
592	568	12	8	5
661	568	1	8	4
484	568	4	8	3
901	568	1	8	5
796	568	16	8	4
301	568	1	8	4
332	568	12	8	4
320	568	0	8	4
37	568	17	8	3
727	568	7	8	3
838	568	18	8	4
705	568	5	8	5
472	568	12	8	5
650	568	10	8	3
795	568	15	8	3
500	568	0	8	1
379	568	19	8	5
659	568	19	8	4
593	568	13	8	4
263	568	3	8	4
586	568	6	8	3
125	568	5	8	5
757	568	17	8	4
577	568	17	8	3
87	568	7	8	5
852	568	12	8	4
608	568	8	8	5
712	568	12	8	5
345	568	5	8	4
933	568	13	8	2
536	568	16	8	4
773	568	13	8	1
790	568	10	8	3
352	568	12	8	5
327	568	7	8	2
280	568	0	8	2
25	568	5	8	4
896	568	16	8	2
435	568	15	8	2
488	568	8	8	3
230	568	10	8	3
899	568	19	8	4
654	568	14	8	4
314	568	14	8	5
276	568	16	8	4
56	568	16	8	4
521	568	1	8	3
478	568	18	8	5
830	568	10	8	4
880	568	0	8	5
373	568	13	8	4
823	568	3	8	3
158	568	18	8	4
429	568	9	8	3
679	568	19	8	2
805	568	5	8	3
506	568	6	8	5
268	568	8	8	3
246	568	6	8	4
466	568	6	8	3
393	568	13	8	4
693	568	13	8	4
344	568	4	8	5
213	568	13	8	4
178	568	18	8	4
70	568	10	8	3
201	568	1	8	3
110	568	10	8	3
643	568	3	8	4
301	588	1	8	5
117	588	17	8	3
307	588	7	8	4
330	588	10	8	5
911	588	11	8	4
222	588	2	8	4
776	588	16	8	4
625	588	5	8	4
262	588	2	8	4
43	588	3	8	4
647	588	7	8	4
347	588	7	8	3
234	588	14	8	3
298	588	18	8	4
892	588	12	8	5
20	588	0	8	4
275	588	15	8	3
57	588	17	8	4
686	588	6	8	4
878	588	18	8	2
849	588	9	8	5
864	588	4	8	3
848	588	8	8	3
471	588	11	8	1
18	588	18	8	4
253	588	13	8	5
457	588	17	8	5
561	588	1	8	2
249	588	9	8	3
363	588	3	8	2
85	588	5	8	3
897	588	17	8	4
456	588	16	8	3
822	588	2	8	2
764	588	4	8	5
389	588	9	8	5
406	588	6	8	4
28	588	8	8	3
38	588	18	8	5
130	588	10	8	4
189	588	9	8	4
397	588	17	8	4
711	588	11	8	4
13	588	13	8	4
293	588	13	8	3
748	588	8	8	4
497	588	17	8	4
698	588	18	8	4
42	588	2	8	5
642	588	2	8	5
387	588	7	8	3
405	588	5	8	2
73	588	13	8	2
927	588	7	8	5
450	588	10	8	4
766	588	6	8	3
622	588	2	8	4
835	588	15	8	3
416	588	16	8	5
868	588	8	8	1
313	588	13	8	4
316	588	16	8	1
882	588	2	8	4
798	588	18	8	4
606	588	6	8	5
128	588	8	8	5
70	588	10	8	5
360	588	0	8	3
148	588	8	8	4
815	588	15	8	5
56	588	16	8	4
731	588	11	8	3
922	588	2	8	4
844	588	4	8	4
472	588	12	8	3
541	588	1	8	4
843	588	3	8	2
340	588	0	8	5
887	588	7	8	4
618	588	18	8	4
537	588	17	8	1
632	588	12	8	2
773	588	13	8	1
373	588	13	8	3
94	588	14	8	4
286	588	6	8	5
327	588	7	8	4
276	588	16	8	4
867	588	7	8	3
913	588	13	8	3
283	588	3	8	4
679	588	19	8	3
751	588	11	8	5
840	588	0	8	4
823	588	3	8	3
407	588	7	8	4
542	588	2	8	4
664	588	4	8	3
536	588	16	8	3
320	588	0	8	3
82	588	2	8	5
263	588	3	8	3
230	588	10	8	5
437	588	17	8	3
44	588	4	8	4
311	588	11	8	4
10	588	10	8	4
532	588	12	8	5
345	588	5	8	3
705	588	5	8	3
297	588	17	8	4
109	588	9	8	4
479	588	19	8	1
654	588	14	8	4
435	588	15	8	4
771	588	11	8	5
757	588	17	8	3
795	588	15	8	5
807	588	7	8	5
393	588	13	8	4
280	588	0	8	5
465	588	5	8	4
896	588	16	8	5
830	588	10	8	5
650	588	10	8	3
184	588	4	8	5
250	588	10	8	5
299	588	19	8	4
786	588	6	8	5
601	588	1	8	3
159	588	19	8	2
880	588	0	8	4
620	588	0	8	5
268	588	8	8	3
344	588	4	8	5
102	588	2	8	4
326	588	6	8	3
246	588	6	8	4
712	588	12	8	4
95	588	15	8	3
314	588	14	8	5
178	588	18	8	4
763	588	3	8	4
452	588	12	8	3
201	588	1	8	4
454	588	14	8	3
487	588	7	8	5
747	588	7	8	5
665	588	5	8	4
505	588	5	8	5
885	588	5	8	4
52	588	12	8	4
64	588	4	8	4
49	588	9	8	4
458	588	18	8	5
881	588	1	8	3
806	588	6	8	4
59	588	19	8	2
683	588	3	8	4
194	588	14	8	4
200	588	0	8	5
588	588	8	8	4
851	588	11	8	4
399	588	19	8	5
312	588	12	8	5
144	588	4	8	4
308	588	8	8	5
398	588	18	8	4
715	588	15	8	4
221	588	1	8	3
7	588	7	8	4
254	588	14	8	3
401	588	1	8	2
826	588	6	8	4
233	588	13	8	5
545	588	5	8	4
899	588	19	8	3
727	588	7	8	4
290	588	10	8	4
663	588	3	8	4
527	588	7	8	4
499	588	19	8	4
796	588	16	8	5
378	588	18	8	5
716	588	16	8	4
805	588	5	8	2
417	588	17	8	3
528	588	8	8	2
303	588	3	8	5
577	588	17	8	4
381	588	1	8	3
14	588	14	8	4
186	588	6	8	4
621	588	1	8	3
23	588	3	8	4
756	588	16	8	4
295	588	15	8	4
804	588	4	8	4
291	588	11	8	4
846	588	6	8	4
865	588	5	8	2
484	588	4	8	5
60	608	0	8	5
334	608	14	8	4
506	608	6	8	4
389	608	9	8	3
567	608	7	8	4
561	608	1	8	3
650	608	10	8	4
758	608	18	8	5
269	608	9	8	4
214	608	14	8	4
59	608	19	8	4
796	608	16	8	3
406	608	6	8	4
370	608	10	8	4
326	608	6	8	4
322	608	2	8	3
747	608	7	8	4
450	608	10	8	4
313	608	13	8	4
426	608	6	8	4
409	608	9	8	4
234	608	14	8	3
846	608	6	8	4
456	608	16	8	4
474	608	14	8	4
7	608	7	8	4
312	608	12	8	5
731	608	11	8	4
535	608	15	8	4
870	608	10	8	4
162	628	2	8	4
706	628	6	8	4
854	628	14	8	2
923	628	3	8	4
274	628	14	8	4
246	628	6	8	1
92	628	12	8	4
453	628	13	8	3
177	628	17	8	2
534	628	14	8	5
744	628	4	8	2
768	628	8	8	3
32	628	12	8	4
115	628	15	8	5
293	628	13	8	3
717	628	17	8	5
919	628	19	8	3
417	628	17	8	3
540	628	0	8	3
305	628	5	8	4
344	628	4	8	4
548	628	8	8	2
402	628	2	8	3
789	628	9	8	3
244	628	4	8	4
650	628	10	8	3
374	628	14	8	3
207	628	7	8	3
904	628	4	8	3
642	628	2	8	3
119	628	19	8	4
910	628	10	8	1
457	628	17	8	4
334	628	14	8	4
49	628	9	8	4
634	628	14	8	4
345	628	5	8	3
14	628	14	8	5
188	628	8	8	5
297	628	17	8	4
551	628	11	8	5
516	628	16	8	4
840	628	0	8	4
69	628	9	8	3
213	628	13	8	5
276	628	16	8	4
709	628	9	8	3
216	628	16	8	4
84	628	4	8	3
250	628	10	8	4
501	628	1	8	4
758	628	18	8	4
624	628	4	8	4
76	628	16	8	2
450	628	10	8	4
445	628	5	8	1
296	628	16	8	5
53	628	13	8	5
159	628	19	8	3
393	628	13	8	4
43	628	3	8	3
423	628	3	8	4
203	628	3	8	4
487	628	7	8	4
181	628	1	8	3
843	628	3	8	2
498	628	18	8	4
318	628	18	8	4
618	628	18	8	2
586	628	6	8	3
277	628	17	8	4
265	628	5	8	4
178	628	18	8	4
793	628	13	8	3
825	628	5	8	4
864	628	4	8	4
697	628	17	8	4
429	628	9	8	3
761	628	1	8	4
314	628	14	8	5
693	628	13	8	4
99	628	19	8	4
104	628	4	8	4
308	628	8	8	3
328	628	8	8	3
880	628	0	8	2
249	628	9	8	3
592	628	12	8	3
552	628	12	8	3
435	628	15	8	5
372	628	12	8	4
837	628	17	8	3
703	628	3	8	4
518	628	18	8	5
834	628	14	8	5
917	628	17	8	5
222	628	2	8	5
413	628	13	8	4
907	628	7	8	5
627	628	7	8	4
234	628	14	8	2
190	628	10	8	4
313	628	13	8	4
430	628	10	8	3
109	628	9	8	2
332	628	12	8	4
537	628	17	8	2
416	628	16	8	4
262	628	2	8	2
504	628	4	8	4
327	628	7	8	2
230	628	10	8	3
653	628	13	8	4
325	628	5	8	3
722	628	2	8	4
292	628	12	8	3
145	628	5	8	2
735	628	15	8	3
894	628	14	8	3
442	628	2	8	4
7	628	7	8	3
796	628	16	8	4
657	628	17	8	3
886	628	6	8	3
486	628	6	8	3
606	628	6	8	4
655	628	15	8	3
87	628	7	8	4
72	628	12	8	4
749	628	9	8	4
806	628	6	8	3
194	628	14	8	3
151	628	11	8	5
936	628	16	8	1
21	628	1	8	3
348	628	8	8	4
903	628	3	8	3
658	628	18	8	3
436	628	16	8	5
727	628	7	8	3
535	628	15	8	4
835	628	15	8	3
26	628	6	8	3
391	628	11	8	4
682	628	2	8	4
285	628	5	8	2
906	628	6	8	5
121	628	1	8	3
527	628	7	8	3
708	628	8	8	3
671	628	11	8	3
17	628	17	8	1
940	628	0	8	4
455	628	15	8	4
286	628	6	8	4
432	628	12	8	5
160	628	0	8	3
150	628	10	8	4
336	628	16	8	3
872	628	12	8	4
434	628	14	8	1
388	628	8	8	4
833	628	13	8	4
716	628	16	8	3
474	628	14	8	4
399	628	19	8	3
663	628	3	8	4
256	628	16	8	5
117	628	17	8	5
505	648	5	8	4
536	648	16	8	3
481	648	1	8	5
87	648	7	8	5
767	648	7	8	4
850	648	10	8	5
234	648	14	8	3
537	648	17	8	4
542	648	2	8	4
426	648	6	8	3
125	648	5	8	4
373	648	13	8	4
458	648	18	8	4
95	648	15	8	3
694	648	14	8	5
450	648	10	8	5
263	648	3	8	5
707	648	7	8	4
407	648	7	8	3
892	648	12	8	4
805	648	5	8	4
766	648	6	8	3
731	648	11	8	4
704	648	4	8	5
476	648	16	8	4
405	648	5	8	1
908	648	8	8	4
747	648	7	8	5
932	648	12	8	5
308	648	8	8	4
391	648	11	8	5
398	648	18	8	5
698	648	18	8	4
798	648	18	8	3
623	648	3	8	5
90	648	10	8	4
7	648	7	8	5
639	648	19	8	3
271	648	11	8	4
326	648	6	8	5
883	648	3	8	4
514	648	14	8	3
716	648	16	8	4
567	648	7	8	4
617	648	17	8	3
934	648	14	8	3
912	648	12	8	3
235	648	15	8	4
22	648	2	8	4
474	648	14	8	4
846	648	6	8	5
312	648	12	8	5
318	648	18	8	5
553	648	13	8	4
545	648	5	8	3
776	648	16	8	3
295	648	15	8	4
194	648	14	8	4
650	648	10	8	3
452	648	12	8	4
174	648	14	8	5
311	648	11	8	4
43	648	3	8	5
659	648	19	8	3
218	648	18	8	4
158	648	18	8	5
830	648	10	8	5
617	668	17	8	4
13	668	13	8	1
417	668	17	8	2
405	668	5	8	1
21	668	1	8	1
7	668	7	8	4
587	688	7	8	3
589	688	9	8	4
489	688	9	8	2
597	688	17	8	4
166	688	6	8	3
755	688	15	8	3
750	688	10	8	1
721	688	1	8	3
250	688	10	8	2
8	688	8	8	1
531	688	11	8	1
181	688	1	8	1
328	688	8	8	1
856	688	16	8	2
146	688	6	8	1
110	688	10	8	1
901	688	1	8	2
782	688	2	8	2
446	688	6	8	2
265	688	5	8	2
427	688	7	8	5
397	688	17	8	1
288	688	8	8	1
702	688	2	8	1
853	688	13	8	3
451	688	11	8	1
21	688	1	8	1
831	688	11	8	1
635	688	15	8	2
22	688	2	8	1
197	688	17	8	1
145	688	5	8	4
209	688	9	8	1
30	688	10	8	3
479	688	19	8	1
537	688	17	8	1
424	688	4	8	2
296	688	16	8	1
676	688	16	8	1
761	688	1	8	2
803	688	3	8	1
592	688	12	8	1
550	688	10	8	3
13	688	13	8	1
804	708	4	8	3
293	708	13	8	3
474	708	14	8	4
682	708	2	8	3
269	708	9	8	4
328	708	8	8	2
934	708	14	8	3
436	708	16	8	3
18	708	18	8	3
940	708	0	8	3
327	708	7	8	4
716	708	16	8	4
551	708	11	8	1
897	708	17	8	2
194	708	14	8	3
457	708	17	8	4
90	708	10	8	5
456	708	16	8	4
805	708	5	8	3
659	708	19	8	3
308	708	8	8	4
345	708	5	8	3
524	708	4	8	4
249	708	9	8	4
244	708	4	8	4
62	708	2	8	3
450	708	10	8	4
12	708	12	8	3
59	708	19	8	4
338	708	18	8	5
835	708	15	8	5
405	708	5	8	1
864	708	4	8	3
903	708	3	8	4
788	708	8	8	2
72	708	12	8	4
344	708	4	8	4
932	708	12	8	4
500	708	0	8	5
896	708	16	8	2
707	708	7	8	3
122	708	2	8	5
846	708	6	8	3
154	708	14	8	4
85	708	5	8	4
343	708	3	8	4
645	708	5	8	3
346	708	6	8	3
840	708	0	8	4
478	708	18	8	3
330	708	10	8	3
561	708	1	8	3
214	708	14	8	4
318	708	18	8	4
693	708	13	8	3
848	708	8	8	4
916	708	16	8	4
380	708	0	8	3
790	708	10	8	3
583	708	3	8	5
655	708	15	8	3
776	708	16	8	5
786	708	6	8	4
843	708	3	8	2
892	708	12	8	4
334	708	14	8	4
437	708	17	8	4
210	708	10	8	5
201	708	1	8	4
533	708	13	8	2
409	708	9	8	4
751	708	11	8	4
243	708	3	8	3
311	708	11	8	5
378	708	18	8	4
95	708	15	8	2
664	708	4	8	4
416	708	16	8	4
174	708	14	8	5
650	708	10	8	3
224	708	4	8	2
429	708	9	8	3
535	708	15	8	5
10	708	10	8	4
823	708	3	8	4
537	708	17	8	3
60	708	0	8	4
232	708	12	8	4
307	708	7	8	4
774	708	14	8	2
653	708	13	8	2
407	708	7	8	3
536	708	16	8	3
417	708	17	8	2
398	708	18	8	3
577	708	17	8	3
305	708	5	8	3
184	708	4	8	4
92	708	12	8	4
532	708	12	8	4
615	708	15	8	2
405	728	5	8	4
280	728	0	8	3
881	728	1	8	3
901	728	1	8	4
125	728	5	8	3
11	728	11	8	3
246	728	6	8	1
83	728	3	8	4
504	728	4	8	3
286	728	6	8	3
798	728	18	8	4
682	728	2	8	3
551	728	11	8	2
145	728	5	8	2
709	728	9	8	4
588	728	8	8	3
268	728	8	8	2
712	728	12	8	4
276	728	16	8	2
684	728	4	8	2
921	728	1	8	3
393	728	13	8	3
648	728	8	8	2
880	728	0	8	4
889	728	9	8	3
299	728	19	8	2
87	728	7	8	4
450	728	10	8	3
846	728	6	8	4
95	728	15	8	3
378	728	18	8	3
256	728	16	8	4
279	728	19	8	4
796	728	16	8	3
554	728	14	8	3
56	728	16	8	3
332	728	12	8	4
655	728	15	8	2
642	728	2	8	4
92	728	12	8	3
389	728	9	8	3
653	728	13	8	2
577	728	17	8	3
94	728	14	8	2
417	728	17	8	3
770	748	10	8	5
39	748	19	8	5
346	748	6	8	4
838	748	18	8	3
414	748	14	8	3
804	748	4	8	4
73	748	13	8	2
53	748	13	8	2
437	748	17	8	4
474	748	14	8	3
682	748	2	8	3
799	748	19	8	2
758	748	18	8	1
13	748	13	8	4
52	748	12	8	4
910	748	10	8	3
436	748	16	8	3
782	748	2	8	4
417	748	17	8	4
416	748	16	8	4
899	748	19	8	4
898	748	18	8	4
759	748	19	8	4
21	748	1	8	1
494	748	14	8	1
92	748	12	8	3
802	748	2	8	4
249	748	9	8	3
938	748	18	8	2
514	748	14	8	2
229	748	9	8	3
356	748	16	8	4
895	748	15	8	3
61	748	1	8	2
397	748	17	8	2
642	748	2	8	5
660	748	0	8	3
862	748	2	8	4
130	748	10	8	4
883	748	3	8	5
497	748	17	8	4
534	748	14	8	4
919	748	19	8	1
400	748	0	8	2
699	748	19	8	2
112	748	12	8	3
108	748	8	8	3
425	748	5	8	3
141	748	1	8	3
293	748	13	8	2
377	748	17	8	4
724	748	4	8	1
882	748	2	8	5
313	748	13	8	3
190	748	10	8	3
740	748	0	8	3
863	748	3	8	3
476	748	16	8	2
760	748	0	8	4
357	748	17	8	5
907	748	7	8	5
11	748	11	8	1
99	748	19	8	4
602	748	2	8	3
129	748	9	8	2
317	748	17	8	5
517	748	17	8	4
634	748	14	8	3
297	748	17	8	2
820	748	0	8	1
360	748	0	8	2
582	748	2	8	3
109	748	9	8	3
168	748	8	8	2
445	748	5	8	1
333	748	13	8	4
867	748	7	8	4
373	748	13	8	4
598	748	18	8	4
15	748	15	8	3
679	748	19	8	4
654	748	14	8	4
91	748	11	8	2
345	748	5	8	2
827	748	7	8	4
35	748	15	8	4
644	748	4	8	4
224	748	4	8	3
803	748	3	8	1
446	748	6	8	2
159	748	19	8	3
624	748	4	8	3
181	748	1	8	1
482	748	2	8	4
276	748	16	8	3
485	748	5	8	2
880	748	0	8	4
807	748	7	8	4
277	748	17	8	3
466	748	6	8	2
505	748	5	8	1
616	748	16	8	3
69	748	9	8	2
246	748	6	8	1
787	748	7	8	4
250	748	10	8	2
825	748	5	8	5
393	748	13	8	3
280	748	0	8	2
676	748	16	8	4
714	748	14	8	5
790	748	10	8	1
260	748	0	8	4
743	748	3	8	4
240	748	0	8	3
294	748	14	8	3
723	748	3	8	5
151	748	11	8	2
755	748	15	8	4
703	748	3	8	3
292	748	12	8	3
696	748	16	8	1
287	748	7	8	4
197	748	17	8	3
735	748	15	8	3
551	748	11	8	4
433	748	13	8	4
274	748	14	8	5
544	748	4	8	3
683	748	3	8	3
449	748	9	8	2
29	748	9	8	2
402	748	2	8	3
200	748	0	8	3
305	748	5	8	3
177	748	17	8	3
64	748	4	8	1
486	748	6	8	2
206	748	6	8	4
362	748	2	8	1
663	748	3	8	2
155	748	15	8	2
259	748	19	8	4
328	748	8	8	3
489	748	9	8	4
84	748	4	8	4
524	748	4	8	2
727	748	7	8	4
157	748	17	8	2
231	748	11	8	4
261	748	1	8	3
750	748	10	8	3
137	748	17	8	4
256	748	16	8	4
736	748	16	8	2
281	748	1	8	5
251	748	11	8	2
533	748	13	8	3
195	748	15	8	2
695	748	15	8	1
599	748	19	8	4
332	748	12	8	4
117	748	17	8	3
597	748	17	8	5
310	748	10	8	3
730	748	10	8	4
166	748	6	8	2
549	748	9	8	4
579	748	19	8	3
302	748	2	8	1
687	748	7	8	3
408	748	8	8	5
265	748	5	8	5
569	748	9	8	2
874	748	14	8	3
104	748	4	8	2
647	748	7	8	4
603	748	3	8	5
255	748	15	8	1
205	748	5	8	4
57	748	17	8	4
625	748	5	8	3
63	748	3	8	4
894	748	14	8	3
796	748	16	8	5
677	748	17	8	4
587	748	7	8	1
872	748	12	8	3
543	748	3	8	3
83	748	3	8	2
488	748	8	8	4
846	748	6	8	3
526	748	6	8	1
258	748	18	8	5
519	748	19	8	2
697	748	17	8	5
528	748	8	8	3
198	748	18	8	2
464	748	4	8	4
832	748	12	8	3
901	748	1	8	4
401	748	1	8	3
116	748	16	8	2
653	748	13	8	5
645	748	5	8	1
444	748	4	8	1
335	748	15	8	2
812	748	12	8	5
46	748	6	8	5
548	748	8	8	3
395	748	15	8	3
26	748	6	8	1
689	748	9	8	5
410	748	10	8	2
826	748	6	8	4
851	748	11	8	3
772	748	12	8	3
430	748	10	8	3
717	748	17	8	3
507	748	7	8	5
404	748	4	8	4
311	748	11	8	4
415	748	15	8	5
384	748	4	8	4
178	748	18	8	4
856	748	16	8	3
203	748	3	8	2
102	748	2	8	3
479	748	19	8	3
881	748	1	8	3
831	748	11	8	2
752	748	12	8	4
461	748	1	8	1
665	748	5	8	4
811	748	11	8	3
164	748	4	8	5
443	748	3	8	4
729	748	9	8	4
791	748	11	8	3
125	748	5	8	3
487	748	7	8	4
423	748	3	8	3
841	748	1	8	4
648	748	8	8	3
134	748	14	8	5
521	748	1	8	3
751	748	11	8	2
797	748	17	8	1
105	748	5	8	2
447	748	7	8	1
403	748	3	8	5
127	748	7	8	5
435	748	15	8	4
324	748	4	8	5
817	748	17	8	4
725	748	5	8	4
652	748	12	8	3
351	748	11	8	4
303	748	3	8	2
391	748	11	8	3
56	748	16	8	4
36	748	16	8	4
472	748	12	8	5
761	748	1	8	4
284	748	4	8	3
459	748	19	8	4
749	748	9	8	3
621	748	1	8	4
606	748	6	8	3
552	748	12	8	4
635	748	15	8	2
916	748	16	8	2
207	748	7	8	3
877	748	17	8	4
708	748	8	8	4
769	748	9	8	2
785	748	5	8	3
728	748	8	8	3
592	748	12	8	2
748	748	8	8	4
431	748	11	8	4
450	748	10	8	4
561	748	1	8	2
809	748	9	8	3
227	748	7	8	1
691	748	11	8	4
451	748	11	8	4
359	748	19	8	3
570	748	10	8	3
204	748	4	8	1
853	748	13	8	2
671	748	11	8	3
721	748	1	8	3
905	748	5	8	2
550	748	10	8	4
626	748	6	8	2
347	748	7	8	2
595	748	15	8	2
788	748	8	8	3
54	748	14	8	5
936	748	16	8	2
808	748	8	8	4
805	748	5	8	2
510	748	10	8	3
531	748	11	8	4
828	748	8	8	2
515	748	15	8	2
646	748	6	8	3
555	748	15	8	4
110	748	10	8	3
798	748	18	8	5
824	748	4	8	1
702	748	2	8	2
454	748	14	8	4
580	748	0	8	2
722	748	2	8	4
795	768	15	8	3
102	768	2	8	2
95	768	15	8	1
311	768	11	8	2
64	768	4	8	2
881	768	1	8	3
880	768	0	8	2
83	768	3	8	4
620	768	0	8	5
892	768	12	8	4
318	768	18	8	2
846	768	6	8	4
234	768	14	8	2
796	768	16	8	2
416	768	16	8	3
471	768	11	8	3
254	768	14	8	3
500	768	0	8	2
901	768	1	8	3
864	768	4	8	3
804	768	4	8	3
495	768	15	8	3
805	768	5	8	2
798	768	18	8	4
38	768	18	8	5
222	768	2	8	2
405	768	5	8	3
642	768	2	8	4
378	768	18	8	4
325	768	5	8	3
13	768	13	8	4
387	768	7	8	1
927	768	7	8	4
313	768	13	8	3
94	768	14	8	3
887	768	7	8	4
896	768	16	8	2
286	768	6	8	3
429	768	9	8	3
577	768	17	8	3
472	768	12	8	5
435	768	15	8	3
268	768	8	8	3
826	768	6	8	3
200	768	0	8	4
771	768	11	8	4
276	768	16	8	3
399	768	19	8	3
487	768	7	8	3
712	768	12	8	5
314	768	14	8	5
174	768	14	8	1
405	788	5	8	1
925	788	5	8	3
13	788	13	8	1
943	808	3	8	4
619	808	19	8	3
429	808	9	8	3
110	808	10	8	2
13	808	13	8	2
749	808	9	8	3
94	808	14	8	2
130	808	10	8	5
497	808	17	8	2
774	808	14	8	1
586	808	6	8	3
622	808	2	8	3
551	808	11	8	3
314	808	14	8	4
896	808	16	8	3
393	808	13	8	4
87	808	7	8	3
709	808	9	8	4
577	808	17	8	3
217	808	17	8	2
682	808	2	8	4
197	808	17	8	3
194	808	14	8	2
222	808	2	8	3
405	808	5	8	1
234	808	14	8	2
320	808	0	8	4
627	808	7	8	2
256	808	16	8	4
303	808	3	8	2
727	808	7	8	2
83	828	3	8	3
788	828	8	8	3
907	828	7	8	5
13	828	13	8	1
106	828	6	8	2
851	828	11	8	2
798	828	18	8	4
63	828	3	8	1
373	828	13	8	3
699	828	19	8	3
181	828	1	8	1
233	828	13	8	4
887	828	7	8	3
234	848	14	8	3
608	848	8	8	4
426	848	6	8	4
474	848	14	8	4
308	848	8	8	4
776	848	16	8	2
537	848	17	8	3
13	848	13	8	5
535	848	15	8	3
331	868	11	8	4
13	868	13	8	5
617	868	17	8	4
527	868	7	8	4
465	868	5	8	2
130	888	10	8	3
286	888	6	8	5
13	888	13	8	2
782	888	2	8	3
116	888	16	8	2
112	888	12	8	4
587	888	7	8	3
717	888	17	8	5
334	888	14	8	2
894	888	14	8	4
446	888	6	8	1
86	888	6	8	4
599	888	19	8	5
841	888	1	8	5
351	888	11	8	4
428	908	8	8	4
100	908	0	8	1
365	908	5	8	3
489	908	9	8	5
445	908	5	8	1
782	908	2	8	3
531	908	11	8	1
450	908	10	8	1
609	908	9	8	1
511	908	11	8	4
519	908	19	8	5
13	908	13	8	1
677	908	17	8	4
646	908	6	8	3
724	908	4	8	1
863	908	3	8	1
871	908	11	8	3
223	908	3	8	1
466	908	6	8	4
341	908	1	8	3
887	928	7	8	5
546	928	6	8	4
697	928	17	8	3
342	928	2	8	3
291	928	11	8	2
796	928	16	8	2
145	928	5	8	3
727	928	7	8	3
548	928	8	8	3
259	928	19	8	4
923	928	3	8	4
601	928	1	8	1
524	928	4	8	4
663	928	3	8	3
270	928	10	8	4
790	928	10	8	3
620	928	0	8	5
92	928	12	8	3
308	928	8	8	4
59	928	19	8	4
294	928	14	8	3
525	928	5	8	3
276	928	16	8	3
880	928	0	8	2
429	928	9	8	2
49	928	9	8	2
624	928	4	8	3
588	928	8	8	4
442	928	2	8	3
268	928	8	8	1
722	928	2	8	3
280	928	0	8	5
650	928	10	8	2
344	928	4	8	2
501	928	1	8	3
269	928	9	8	1
181	928	1	8	3
795	928	15	8	1
537	928	17	8	1
15	928	15	8	1
847	928	7	8	3
896	928	16	8	3
248	928	8	8	3
586	928	6	8	3
648	928	8	8	4
403	928	3	8	3
943	928	3	8	5
188	928	8	8	3
817	928	17	8	3
435	928	15	8	3
109	928	9	8	3
450	928	10	8	3
434	928	14	8	5
793	928	13	8	3
907	928	7	8	5
416	928	16	8	3
835	928	15	8	3
760	928	0	8	1
357	928	17	8	4
927	928	7	8	4
561	928	1	8	2
833	928	13	8	2
303	928	3	8	3
472	928	12	8	4
560	928	0	8	3
862	928	2	8	4
101	928	1	8	2
859	928	19	8	3
642	928	2	8	5
497	928	17	8	3
374	928	14	8	1
81	928	1	8	4
94	928	14	8	3
606	928	6	8	4
804	928	4	8	4
938	928	18	8	5
825	928	5	8	3
417	928	17	8	3
21	928	1	8	3
193	928	13	8	2
595	928	15	8	3
347	928	7	8	3
130	928	10	8	4
805	928	5	8	3
436	928	16	8	4
849	928	9	8	5
394	928	14	8	4
936	928	16	8	3
893	928	13	8	3
216	928	16	8	3
234	928	14	8	2
332	928	12	8	5
504	928	4	8	4
399	928	19	8	2
378	928	18	8	2
897	928	17	8	5
865	928	5	8	1
854	928	14	8	3
903	928	3	8	2
872	928	12	8	2
348	928	8	8	5
643	928	3	8	4
117	928	17	8	3
599	928	19	8	4
314	948	14	8	3
21	948	1	8	1
782	948	2	8	2
181	948	1	8	1
457	948	17	8	1
721	948	1	8	1
374	948	14	8	2
925	948	5	8	2
16	948	16	8	3
300	948	0	8	4
177	948	17	8	2
916	948	16	8	2
489	948	9	8	2
724	948	4	8	1
783	948	3	8	3
199	948	19	8	1
279	948	19	8	3
296	948	16	8	1
663	948	3	8	4
159	948	19	8	2
676	948	16	8	1
22	948	2	8	1
63	948	3	8	3
511	948	11	8	3
443	948	3	8	1
804	948	4	8	1
250	948	10	8	3
773	948	13	8	2
364	948	4	8	4
369	948	9	8	2
537	948	17	8	1
37	948	17	8	4
609	948	9	8	1
797	948	17	8	1
451	948	11	8	3
682	948	2	8	2
880	948	0	8	4
582	948	2	8	1
303	948	3	8	2
365	948	5	8	1
595	948	15	8	3
341	948	1	8	3
192	948	12	8	3
599	948	19	8	4
626	948	6	8	1
113	948	13	8	3
176	948	16	8	4
847	948	7	8	1
650	968	10	8	4
454	968	14	8	2
545	968	5	8	5
450	968	10	8	4
698	968	18	8	1
758	968	18	8	5
749	968	9	8	3
830	968	10	8	4
766	968	6	8	4
18	968	18	8	3
807	968	7	8	4
25	968	5	8	4
95	968	15	8	5
932	968	12	8	4
312	968	12	8	5
308	968	8	8	4
426	968	6	8	3
318	968	18	8	3
155	988	15	8	2
397	988	17	8	1
482	988	2	8	4
634	988	14	8	1
489	988	9	8	3
75	988	15	8	2
677	988	17	8	4
770	988	10	8	3
170	988	10	8	3
168	988	8	8	2
870	988	10	8	2
857	988	17	8	2
882	988	2	8	5
724	988	4	8	1
98	988	18	8	1
316	988	16	8	1
454	988	14	8	2
582	988	2	8	1
813	988	13	8	3
145	988	5	8	1
442	988	2	8	1
141	988	1	8	3
761	988	1	8	1
186	988	6	8	4
594	988	14	8	2
602	988	2	8	4
159	988	19	8	3
907	988	7	8	3
835	988	15	8	3
261	988	1	8	3
937	988	17	8	2
463	988	3	8	2
803	988	3	8	1
723	988	3	8	1
428	988	8	8	1
556	988	16	8	1
57	988	17	8	4
199	988	19	8	1
626	988	6	8	1
505	988	5	8	3
364	988	4	8	2
901	988	1	8	4
500	988	0	8	3
22	988	2	8	1
537	988	17	8	1
644	988	4	8	4
369	988	9	8	3
599	988	19	8	4
687	988	7	8	3
21	988	1	8	1
798	988	18	8	3
552	988	12	8	3
587	988	7	8	2
514	988	14	8	2
936	988	16	8	3
938	988	18	8	3
174	988	14	8	1
811	988	11	8	4
895	988	15	8	3
256	988	16	8	4
451	988	11	8	1
797	988	17	8	1
345	988	5	8	2
302	988	2	8	2
250	988	10	8	4
796	988	16	8	3
286	988	6	8	3
431	988	11	8	2
533	988	13	8	2
592	988	12	8	1
597	988	17	8	1
603	988	3	8	4
181	988	1	8	2
919	988	19	8	3
440	988	0	8	1
140	988	0	8	3
630	988	10	8	2
825	988	5	8	3
91	988	11	8	2
348	988	8	8	3
698	988	18	8	1
804	988	4	8	4
615	988	15	8	1
568	988	8	8	1
721	988	1	8	3
48	988	8	8	2
500	1008	0	8	4
445	1008	5	8	1
79	1008	19	8	4
385	1008	5	8	4
63	1008	3	8	3
468	1008	8	8	4
707	1008	7	8	3
859	1008	19	8	4
634	1008	14	8	2
115	1008	15	8	5
343	1008	3	8	4
387	1008	7	8	4
345	1008	5	8	3
870	1008	10	8	3
334	1008	14	8	4
655	1008	15	8	3
257	1008	17	8	5
903	1008	3	8	3
176	1008	16	8	4
58	1008	18	8	1
201	1008	1	8	3
456	1008	16	8	4
227	1008	7	8	4
936	1008	16	8	5
805	1008	5	8	4
789	1008	9	8	4
560	1008	0	8	3
277	1008	17	8	3
26	1008	6	8	3
50	1008	10	8	5
592	1008	12	8	4
342	1008	2	8	3
537	1008	17	8	2
184	1008	4	8	4
181	1008	1	8	1
825	1008	5	8	1
406	1008	6	8	4
708	1028	8	8	2
825	1028	5	8	3
474	1028	14	8	1
276	1028	16	8	3
591	1028	11	8	3
747	1028	7	8	1
624	1028	4	8	3
851	1028	11	8	3
159	1028	19	8	5
332	1028	12	8	4
881	1028	1	8	3
280	1028	0	8	5
279	1028	19	8	4
75	1028	15	8	4
566	1028	6	8	2
429	1028	9	8	3
244	1028	4	8	3
774	1028	14	8	2
330	1028	10	8	4
314	1028	14	8	3
518	1028	18	8	3
63	1028	3	8	3
82	1028	2	8	2
87	1028	7	8	4
447	1028	7	8	3
520	1028	0	8	1
900	1028	0	8	2
692	1028	12	8	3
933	1028	13	8	2
181	1028	1	8	2
254	1028	14	8	2
109	1028	9	8	4
690	1028	10	8	4
106	1028	6	8	3
672	1028	12	8	4
56	1028	16	8	4
943	1028	3	8	2
804	1028	4	8	3
854	1028	14	8	2
942	1028	2	8	4
251	1028	11	8	3
749	1028	9	8	4
307	1028	7	8	4
632	1028	12	8	2
634	1028	14	8	3
551	1028	11	8	4
407	1028	7	8	3
144	1028	4	8	3
577	1028	17	8	4
457	1028	17	8	3
923	1028	3	8	4
395	1028	15	8	2
168	1028	8	8	2
152	1028	12	8	5
648	1028	8	8	2
684	1028	4	8	4
887	1028	7	8	5
939	1028	19	8	5
455	1028	15	8	2
699	1028	19	8	2
907	1028	7	8	5
62	1028	2	8	1
210	1028	10	8	3
872	1028	12	8	3
727	1028	7	8	2
207	1028	7	8	3
357	1028	17	8	5
450	1028	10	8	4
554	1028	14	8	3
682	1028	2	8	3
141	1028	1	8	4
621	1028	1	8	4
68	1028	8	8	4
306	1028	6	8	2
291	1028	11	8	3
891	1028	11	8	3
534	1028	14	8	5
94	1028	14	8	2
101	1028	1	8	3
769	1028	9	8	3
38	1028	18	8	5
81	1028	1	8	1
83	1028	3	8	4
718	1028	18	8	4
865	1028	5	8	1
764	1028	4	8	4
130	1028	10	8	4
256	1028	16	8	4
42	1028	2	8	4
642	1028	2	8	4
290	1028	10	8	3
653	1028	13	8	2
580	1028	0	8	3
938	1028	18	8	5
726	1028	6	8	2
643	1028	3	8	3
104	1028	4	8	2
396	1028	16	8	3
227	1028	7	8	2
601	1028	1	8	2
137	1028	17	8	5
545	1028	5	8	4
897	1028	17	8	4
374	1028	14	8	1
417	1028	17	8	3
59	1028	19	8	1
267	1028	7	8	3
92	1028	12	8	2
436	1028	16	8	4
595	1028	15	8	3
779	1028	19	8	4
347	1028	7	8	2
349	1028	9	8	2
533	1028	13	8	2
269	1028	9	8	2
868	1028	8	8	3
57	1028	17	8	3
321	1028	1	8	2
84	1028	4	8	3
637	1028	17	8	3
271	1028	11	8	2
194	1028	14	8	2
348	1028	8	8	4
145	1028	5	8	5
301	1028	1	8	5
245	1028	5	8	5
77	1028	17	8	1
378	1028	18	8	2
593	1028	13	8	3
200	1028	0	8	2
246	1028	6	8	3
308	1028	8	8	2
463	1028	3	8	2
435	1028	15	8	2
479	1028	19	8	1
665	1028	5	8	4
49	1028	9	8	2
174	1028	14	8	4
714	1028	14	8	4
438	1028	18	8	2
694	1028	14	8	3
178	1028	18	8	3
896	1028	16	8	2
921	1028	1	8	4
393	1028	13	8	3
294	1028	14	8	3
790	1028	10	8	3
295	1028	15	8	5
364	1048	4	8	5
334	1048	14	8	4
935	1048	15	8	3
919	1048	19	8	3
634	1048	14	8	3
903	1048	3	8	4
540	1048	0	8	4
447	1048	7	8	2
796	1048	16	8	2
930	1048	10	8	2
244	1048	4	8	4
323	1048	3	8	3
318	1048	18	8	4
42	1048	2	8	1
365	1048	5	8	3
416	1048	16	8	3
280	1048	0	8	4
159	1048	19	8	3
303	1048	3	8	4
429	1048	9	8	2
524	1048	4	8	4
58	1048	18	8	1
178	1048	18	8	2
533	1048	13	8	3
76	1048	16	8	2
128	1048	8	8	2
478	1048	18	8	4
402	1048	2	8	2
665	1048	5	8	4
344	1048	4	8	3
181	1048	1	8	2
718	1048	18	8	2
59	1048	19	8	4
342	1048	2	8	1
234	1048	14	8	3
806	1048	6	8	3
94	1048	14	8	4
592	1048	12	8	3
378	1048	18	8	2
439	1048	19	8	4
537	1048	17	8	2
618	1048	18	8	3
336	1048	16	8	4
859	1048	19	8	3
393	1048	13	8	3
75	1048	15	8	4
839	1048	19	8	1
552	1048	12	8	3
99	1048	19	8	4
357	1048	17	8	2
450	1048	10	8	3
907	1048	7	8	5
624	1048	4	8	4
458	1048	18	8	4
599	1048	19	8	2
436	1048	16	8	2
43	1048	3	8	3
262	1048	2	8	2
293	1048	13	8	3
500	1048	0	8	3
894	1048	14	8	4
345	1048	5	8	2
654	1048	14	8	3
790	1048	10	8	4
90	1048	10	8	4
374	1048	14	8	3
314	1048	14	8	4
663	1048	3	8	4
89	1048	9	8	3
886	1048	6	8	4
682	1048	2	8	3
279	1048	19	8	1
889	1048	9	8	3
181	1068	1	8	1
299	1068	19	8	3
655	1068	15	8	3
558	1068	18	8	2
49	1068	9	8	3
699	1068	19	8	3
828	1068	8	8	4
707	1068	7	8	4
537	1068	17	8	3
936	1068	16	8	4
227	1068	7	8	4
767	1068	7	8	4
493	1088	13	8	2
303	1088	3	8	2
54	1088	14	8	3
758	1088	18	8	3
223	1088	3	8	4
727	1088	7	8	2
294	1088	14	8	1
279	1088	19	8	4
782	1088	2	8	2
130	1088	10	8	2
347	1088	7	8	1
715	1088	15	8	1
749	1088	9	8	2
279	1108	19	8	1
59	1108	19	8	3
405	1108	5	8	1
334	1108	14	8	4
655	1108	15	8	3
201	1128	1	8	4
435	1128	15	8	2
181	1128	1	8	1
387	1128	7	8	4
615	1128	15	8	1
62	1128	2	8	2
655	1128	15	8	3
82	1128	2	8	1
490	1128	10	8	4
342	1128	2	8	5
349	1128	9	8	3
385	1128	5	8	3
232	1128	12	8	2
437	1148	17	8	4
269	1148	9	8	4
861	1148	1	8	3
405	1148	5	8	1
270	1148	10	8	5
72	1148	12	8	4
846	1148	6	8	3
184	1148	4	8	3
243	1148	3	8	3
846	1168	6	8	4
468	1168	8	8	2
193	1168	13	8	4
363	1168	3	8	2
380	1168	0	8	3
389	1168	9	8	3
456	1168	16	8	4
269	1168	9	8	2
711	1168	11	8	4
659	1168	19	8	4
122	1168	2	8	4
405	1168	5	8	1
532	1168	12	8	4
457	1168	17	8	5
244	1168	4	8	4
378	1168	18	8	3
280	1168	0	8	5
234	1168	14	8	2
85	1168	5	8	3
393	1168	13	8	3
416	1168	16	8	4
707	1168	7	8	3
749	1188	9	8	3
933	1188	13	8	1
110	1188	10	8	4
405	1188	5	8	3
95	1188	15	8	2
757	1188	17	8	3
332	1188	12	8	5
87	1188	7	8	2
880	1188	0	8	2
889	1188	9	8	2
94	1188	14	8	3
291	1188	11	8	4
709	1188	9	8	4
868	1188	8	8	1
425	1188	5	8	3
416	1188	16	8	3
295	1188	15	8	3
727	1188	7	8	2
545	1188	5	8	3
653	1188	13	8	1
532	1188	12	8	4
269	1188	9	8	1
268	1188	8	8	3
476	1188	16	8	2
336	1188	16	8	3
222	1188	2	8	3
846	1188	6	8	2
943	1188	3	8	3
407	1188	7	8	2
682	1188	2	8	3
715	1188	15	8	2
373	1188	13	8	3
346	1188	6	8	1
495	1188	15	8	5
320	1188	0	8	4
804	1188	4	8	2
246	1188	6	8	3
303	1188	3	8	4
244	1188	4	8	4
600	1188	0	8	3
773	1188	13	8	2
442	1188	2	8	3
487	1188	7	8	3
790	1188	10	8	3
293	1208	13	8	3
655	1208	15	8	3
450	1208	10	8	3
221	1208	1	8	3
916	1208	16	8	2
276	1208	16	8	3
495	1208	15	8	4
92	1208	12	8	4
201	1208	1	8	4
405	1208	5	8	1
268	1208	8	8	2
130	1208	10	8	4
145	1208	5	8	4
896	1208	16	8	3
256	1208	16	8	3
224	1208	4	8	1
870	1208	10	8	2
864	1208	4	8	2
135	1208	15	8	3
886	1208	6	8	3
130	1228	10	8	3
109	1228	9	8	3
796	1228	16	8	4
429	1228	9	8	3
640	1228	0	8	4
268	1228	8	8	1
705	1228	5	8	2
435	1228	15	8	2
532	1228	12	8	3
276	1228	16	8	1
346	1228	6	8	4
774	1228	14	8	1
393	1228	13	8	3
682	1228	2	8	1
200	1228	0	8	4
399	1228	19	8	3
621	1228	1	8	3
102	1228	2	8	1
545	1228	5	8	3
826	1228	6	8	3
256	1228	16	8	1
943	1228	3	8	3
110	1228	10	8	3
363	1228	3	8	2
600	1228	0	8	2
622	1228	2	8	1
653	1228	13	8	2
197	1228	17	8	4
864	1228	4	8	3
303	1228	3	8	2
279	1228	19	8	4
417	1228	17	8	2
497	1228	17	8	2
749	1228	9	8	4
405	1228	5	8	1
373	1228	13	8	2
804	1228	4	8	3
95	1228	15	8	3
881	1228	1	8	3
648	1228	8	8	3
246	1228	6	8	1
886	1228	6	8	2
195	1228	15	8	1
301	1228	1	8	4
217	1228	17	8	2
293	1228	13	8	1
933	1228	13	8	1
472	1228	12	8	4
339	1248	19	8	3
374	1248	14	8	3
693	1248	13	8	3
655	1248	15	8	3
896	1248	16	8	2
846	1248	6	8	4
130	1248	10	8	3
788	1248	8	8	3
291	1248	11	8	4
864	1248	4	8	3
293	1248	13	8	2
145	1248	5	8	3
436	1248	16	8	3
450	1248	10	8	4
328	1248	8	8	3
110	1248	10	8	3
472	1248	12	8	4
405	1248	5	8	1
456	1248	16	8	3
655	1268	15	8	3
828	1268	8	8	2
382	1268	2	8	5
122	1268	2	8	2
524	1268	4	8	3
201	1268	1	8	4
435	1268	15	8	5
916	1268	16	8	3
763	1268	3	8	5
405	1268	5	8	1
417	1288	17	8	1
181	1288	1	8	1
279	1288	19	8	4
883	1288	3	8	4
286	1288	6	8	4
145	1288	5	8	4
655	1288	15	8	3
405	1308	5	8	1
167	1308	7	8	1
699	1328	19	8	4
236	1328	16	8	4
456	1328	16	8	4
181	1328	1	8	1
409	1328	9	8	2
439	1328	19	8	4
181	1348	1	8	1
342	1368	2	8	5
655	1368	15	8	5
181	1368	1	8	1
858	1368	18	8	4
936	1368	16	8	5
243	1368	3	8	2
736	1388	16	8	5
655	1388	15	8	3
871	1388	11	8	4
480	1388	0	8	4
181	1388	1	8	1
782	1388	2	8	3
405	1408	5	8	1
194	1408	14	8	1
622	1408	2	8	1
244	1428	4	8	4
682	1428	2	8	3
532	1428	12	8	4
588	1428	8	8	5
279	1428	19	8	3
269	1428	9	8	5
889	1428	9	8	3
833	1428	13	8	3
416	1428	16	8	3
201	1428	1	8	4
916	1428	16	8	3
385	1428	5	8	4
234	1448	14	8	3
655	1448	15	8	3
883	1448	3	8	5
436	1468	16	8	5
405	1468	5	8	1
253	1468	13	8	3
618	1468	18	8	3
393	1468	13	8	4
880	1468	0	8	4
405	1488	5	8	1
279	1488	19	8	4
585	1488	5	8	4
804	1488	4	8	3
588	1508	8	8	3
504	1508	4	8	3
303	1508	3	8	1
342	1528	2	8	3
445	1528	5	8	2
782	1528	2	8	2
405	1548	5	8	1
405	1568	5	8	1
405	1588	5	8	1
782	1588	2	8	3
782	1608	2	8	3
479	1608	19	8	2
867	1608	7	8	2
506	1608	6	8	2
675	1628	15	8	5
833	1628	13	8	3
707	1628	7	8	5
655	1628	15	8	2
655	1648	15	8	2
782	1668	2	8	3
