(0,5)	3.6346153846153846
(1,14)	3.3253968253968256
(2,3)	3.3056768558951966
(3,12)	3.570281124497992
(4,1)	3.4721030042918457
(5,10)	3.2639405204460967
(6,19)	3.5477178423236513
(7,8)	3.7625
(8,17)	3.5217391304347827
(9,6)	3.4414893617021276
(10,15)	3.652329749103943
(11,4)	3.6912442396313363
(12,13)	4.005128205128205
(13,2)	3.338815789473684
(14,11)	3.4906166219839143
(15,0)	3.3857142857142857
(16,9)	3.5473684210526315
(17,18)	3.467811158798283
(18,7)	3.7130434782608694
(19,16)	3.707112970711297
