(0,17)	3.6484848484848484
(1,6)	3.1780821917808217
(2,15)	3.43205574912892
(3,4)	3.524390243902439
(4,13)	3.7467811158798283
(5,2)	3.2108843537414966
(6,11)	3.535211267605634
(7,0)	3.6007604562737643
(8,9)	3.5180722891566263
(9,18)	3.4798387096774195
(10,7)	3.8085106382978724
(11,16)	3.7788461538461537
(12,5)	3.6050420168067228
(13,14)	3.492248062015504
(14,3)	3.507645259938838
(15,12)	3.4324324324324325
(16,1)	3.648936170212766
(17,10)	3.408333333333333
(18,19)	3.6384976525821595
(19,8)	3.5477707006369426
