(0,12)	3.5491329479768785
(1,1)	3.116279069767442
(2,10)	3.4274509803921567
(3,19)	3.3360655737704916
(4,8)	3.6416938110749184
(5,17)	3.16600790513834
(6,6)	3.360869565217391
(7,15)	3.567656765676568
(8,4)	3.5981308411214954
(9,13)	3.580188679245283
(10,2)	3.7364620938628157
(11,11)	3.5982532751091703
(12,0)	3.663551401869159
(13,9)	3.4160305343511452
(14,18)	3.5359477124183005
(15,7)	3.5822784810126582
(16,16)	3.7049808429118776
(17,5)	3.3656716417910446
(18,14)	3.623481781376518
(19,3)	3.7186147186147185
