(0,14)	3.5531914893617023
(1,3)	3.2339622641509433
(2,12)	3.4401709401709404
(3,1)	3.614503816793893
(4,10)	3.635593220338983
(5,19)	3.028225806451613
(6,8)	3.4804469273743015
(7,17)	3.6897959183673468
(8,6)	3.5402843601895735
(9,15)	3.517391304347826
(10,4)	3.6058091286307055
(11,13)	3.8864864864864863
(12,2)	3.8368200836820083
(13,11)	3.2315436241610738
(14,0)	3.452830188679245
(15,9)	3.4017467248908297
(16,18)	3.6586206896551725
(17,7)	3.4935064935064934
(18,16)	3.7116104868913857
(19,5)	3.6127659574468085
