(0,3)	3.639810426540284
(1,12)	3.3559322033898304
(2,1)	3.4049586776859506
(3,10)	3.5606060606060606
(4,19)	3.4712041884816753
(5,8)	3.2085714285714286
(6,17)	3.532188841201717
(7,6)	3.4390243902439024
(8,15)	3.596774193548387
(9,4)	3.5851063829787235
(10,13)	3.6946564885496183
(11,2)	3.7429718875502007
(12,11)	3.7940074906367043
(13,0)	3.239043824701195
(14,9)	3.434375
(15,18)	3.4595744680851066
(16,7)	3.7705479452054793
(17,16)	3.642857142857143
(18,5)	3.4785992217898833
(19,14)	3.5371900826446283
