(0,13)	3.7837837837837838
(1,2)	3.15625
(2,11)	3.4290657439446366
(3,0)	3.4144144144144146
(4,9)	3.7007874015748032
(5,18)	3.3093525179856114
(6,7)	3.6175298804780875
(7,16)	3.7508650519031144
(8,5)	3.465587044534413
(9,14)	3.4764150943396226
(10,3)	3.7615658362989324
(11,12)	3.7641509433962264
(12,1)	3.7869565217391306
(13,10)	3.3962962962962964
(14,19)	3.537037037037037
(15,8)	3.4394463667820068
(16,17)	3.508130081300813
(17,6)	3.347826086956522
(18,15)	3.5813148788927336
(19,4)	3.450892857142857
