(0,18)	3.487562189054726
(1,7)	3.28515625
(2,16)	3.491596638655462
(3,5)	3.443137254901961
(4,14)	3.8046511627906976
(5,3)	3.2526690391459074
(6,12)	3.4836065573770494
(7,1)	3.6433566433566433
(8,10)	3.679324894514768
(9,19)	3.441860465116279
(10,8)	3.684887459807074
(11,17)	3.6884422110552766
(12,6)	3.7948717948717947
(13,15)	3.494773519163763
(14,4)	3.5536332179930796
(15,13)	3.5308641975308643
(16,2)	3.6245847176079735
(17,11)	3.4568345323741005
(18,0)	3.433628318584071
(19,9)	3.6255506607929515
