(0,16)	3.6864864864864866
(1,5)	3.261904761904762
(2,14)	3.235294117647059
(3,3)	3.6902985074626864
(4,12)	3.6206896551724137
(5,1)	3.130111524163569
(6,10)	3.4296296296296296
(7,19)	3.610294117647059
(8,8)	3.574324324324324
(9,17)	3.5294117647058822
(10,6)	3.6731707317073172
(11,15)	3.654008438818565
(12,4)	3.866359447004608
(13,13)	3.3615384615384616
(14,2)	3.5329512893982806
(15,11)	3.490566037735849
(16,0)	3.548262548262548
(17,9)	3.4217391304347826
(18,18)	3.6929133858267718
(19,7)	3.67704280155642
