0	0	3.36734693877551
0	1	3.3949579831932772
0	2	3.669491525423729
0	3	3.4903846153846154
0	4	3.5531914893617023
0	5	3.705357142857143
0	6	3.7888888888888888
0	7	3.4150943396226414
0	8	3.7071428571428573
0	9	3.539325842696629
0	10	3.7714285714285714
0	11	3.6206896551724137
0	12	3.43
0	13	3.8
0	14	3.4174757281553396
0	15	3.7154471544715446
0	16	3.761904761904762
0	17	3.5232558139534884
0	18	3.3603603603603602
0	19	3.4545454545454546
1	0	3.1626794258373208
1	1	3.1297071129707112
1	2	3.1087719298245613
1	3	3.0441767068273093
1	4	3.328828828828829
1	5	3.2664233576642334
1	6	3.187793427230047
1	7	3.2149122807017543
1	8	3.2063492063492065
1	9	3.139344262295082
1	10	3.353191489361702
1	11	3.113013698630137
1	12	3.2246696035242293
1	13	3.3177966101694913
1	14	3.303738317757009
1	15	3.19921875
1	16	3.224066390041494
1	17	3.345991561181435
1	18	3.10546875
1	19	3.241706161137441
2	0	3.2779783393501805
2	1	3.425
2	2	3.4606413994169096
2	3	3.2661870503597124
2	4	3.3954372623574143
2	5	3.2686084142394822
2	6	3.1198501872659175
2	7	3.324590163934426
2	8	3.4071246819338423
2	9	3.2777777777777777
2	10	3.4006309148264986
2	11	3.4579945799457996
2	12	3.3466666666666667
2	13	3.5306122448979593
2	14	3.0785714285714287
2	15	3.310734463276836
2	16	3.4338983050847456
2	17	3.35
2	18	3.363934426229508
2	19	3.397003745318352
3	0	3.1648351648351647
3	1	3.794642857142857
3	2	3.5
3	3	3.625
3	4	3.3389830508474576
3	5	3.3603603603603602
3	6	3.4271844660194173
3	7	3.578125
3	8	3.5853658536585367
3	9	3.4065040650406506
3	10	3.5984848484848486
3	11	3.3557046979865772
3	12	3.5619047619047617
3	13	3.4615384615384617
3	14	3.675213675213675
3	15	3.84375
3	16	3.9272727272727272
3	17	3.4455445544554455
3	18	3.4601769911504423
3	19	3.1875
4	0	3.768421052631579
4	1	3.3870967741935485
4	2	3.5737704918032787
4	3	3.8034188034188032
4	4	3.45
4	5	3.208695652173913
4	6	3.423076923076923
4	7	3.7758620689655173
4	8	3.676470588235294
4	9	4.021428571428571
4	10	3.5952380952380953
4	11	3.6546762589928057
4	12	3.730769230769231
4	13	3.7983193277310923
4	14	4.015267175572519
4	15	3.6946564885496183
4	16	3.6065573770491803
4	17	3.389830508474576
4	18	3.5528455284552845
4	19	3.4148936170212765
5	0	2.830508474576271
5	1	2.783673469387755
5	2	2.9347234814143244
5	3	2.8733401430030643
5	4	2.873224043715847
5	5	2.766373411534702
5	6	2.81419624217119
5	7	2.9857868020304568
5	8	2.9350039154267815
5	9	2.8876518218623484
5	10	2.918226600985222
5	11	2.856759176365264
5	12	2.929805615550756
5	13	3.0260145681581685
5	14	2.9270833333333335
5	15	2.998037291462218
5	16	2.988172043010753
5	17	2.803921568627451
5	18	2.880350194552529
5	19	2.7880724174653886
6	0	3.380952380952381
6	1	3.4615384615384617
6	2	3.3620689655172415
6	3	3.5535714285714284
6	4	3.4565217391304346
6	5	3.42
6	6	3.477272727272727
6	7	3.5636363636363635
6	8	3.4705882352941178
6	9	3.3703703703703702
6	10	3.18
6	11	3.64
6	12	3.4893617021276597
6	13	3.8541666666666665
6	14	3.7777777777777777
6	15	3.4745762711864407
6	16	3.7457627118644066
6	17	3.68
6	18	3.6545454545454548
6	19	3.619047619047619
7	0	3.663793103448276
7	1	3.6923076923076925
7	2	3.5839416058394162
7	3	3.753623188405797
7	4	3.8461538461538463
7	5	3.6714285714285713
7	6	3.3220338983050848
7	7	3.7099236641221376
7	8	3.747191011235955
7	9	3.65
7	10	3.68
7	11	3.5314685314685317
7	12	3.54014598540146
7	13	3.746031746031746
7	14	3.590551181102362
7	15	3.5285714285714285
7	16	3.9310344827586206
7	17	3.677685950413223
7	18	3.7
7	19	3.6796875
8	0	3.4
8	1	3.5
8	2	3.689655172413793
8	3	3.6458333333333335
8	4	3.7857142857142856
8	5	3.3962264150943398
8	6	3.630434782608696
8	7	2.911111111111111
8	8	3.4027777777777777
8	9	3.510204081632653
8	10	3.7735849056603774
8	11	3.2545454545454544
8	12	3.710526315789474
8	13	3.4186046511627906
8	14	3.8297872340425534
8	15	3.543859649122807
8	16	3.58
8	17	3.369565217391304
8	18	3.48
8	19	3.5588235294117645
9	0	3.5555555555555554
9	1	3.1458333333333335
9	2	3.5272727272727273
9	3	3.325
9	4	3.574074074074074
9	5	3.2127659574468086
9	6	3.6904761904761907
9	7	3.641509433962264
9	8	3.044776119402985
9	9	3.4347826086956523
9	10	3.425
9	11	3.6153846153846154
9	12	3.5454545454545454
9	13	3.5686274509803924
9	14	3.1956521739130435
9	15	3.5714285714285716
9	16	3.8333333333333335
9	17	3.7096774193548385
9	18	3.326923076923077
9	19	3.263157894736842
10	0	3.6490066225165565
10	1	3.755813953488372
10	2	3.7534883720930234
10	3	3.8413461538461537
10	4	3.564935064935065
10	5	3.6277777777777778
10	6	3.7094594594594597
10	7	3.8034682080924855
10	8	3.7296137339055795
10	9	3.46242774566474
10	10	3.519774011299435
10	11	3.6445497630331753
10	12	3.8780487804878048
10	13	3.533333333333333
10	14	3.7433155080213902
10	15	3.696261682242991
10	16	3.810344827586207
10	17	3.778409090909091
10	18	3.655
10	19	3.904191616766467
11	0	3.748743718592965
11	1	3.5789473684210527
11	2	3.8088888888888888
11	3	3.6511627906976742
11	4	3.7948717948717947
11	5	3.7927461139896375
11	6	3.657142857142857
11	7	3.568075117370892
11	8	3.4705882352941178
11	9	3.878640776699029
11	10	3.8950276243093924
11	11	3.5289256198347108
11	12	3.832460732984293
11	13	3.845410628019324
11	14	3.4771573604060912
11	15	3.6508620689655173
11	16	3.843601895734597
11	17	3.6032608695652173
11	18	3.8186528497409324
11	19	3.520231213872832
12	0	3.8580289455547896
12	1	3.9306174411203054
12	2	3.9584055459272096
12	3	4.018256772673734
12	4	3.9747956403269753
12	5	3.9051186017478154
12	6	3.9126984126984126
12	7	4.072611464968153
12	8	3.9525474525474524
12	9	3.9576167076167077
12	10	4.004435994930292
12	11	3.953767123287671
12	12	3.996
12	13	4.0235140431090795
12	14	4.039747634069401
12	15	4.007786429365962
12	16	4.0143391521197005
12	17	4.043388429752066
12	18	3.996947496947497
12	19	3.974269819193324
13	0	3.2281553398058254
13	1	3.240343347639485
13	2	3.394422310756972
13	3	3.53125
13	4	3.3205741626794256
13	5	3.2071713147410357
13	6	3.2736842105263158
13	7	3.321266968325792
13	8	3.2832167832167833
13	9	3.35
13	10	3.3783783783783785
13	11	3.2172284644194757
13	12	3.369158878504673
13	13	3.323671497584541
13	14	3.443396226415094
13	15	3.3793103448275863
13	16	3.3542600896860986
13	17	3.353488372093023
13	18	3.4110169491525424
13	19	3.3472222222222223
14	0	3.4166666666666665
14	1	3.3425925925925926
14	2	3.5288461538461537
14	3	3.765765765765766
14	4	3.5789473684210527
14	5	3.3529411764705883
14	6	3.5454545454545454
14	7	3.7126436781609193
14	8	3.6695652173913045
14	9	3.313131313131313
14	10	3.407766990291262
14	11	3.453781512605042
14	12	3.494949494949495
14	13	3.4285714285714284
14	14	3.15625
14	15	3.4953271028037385
14	16	3.40625
14	17	3.4166666666666665
14	18	3.7
14	19	3.7093023255813953
15	0	3.2941176470588234
15	1	3.32967032967033
15	2	3.393939393939394
15	3	3.7010309278350517
15	4	3.310810810810811
15	5	3.2658227848101267
15	6	3.2686567164179103
15	7	3.921875
15	8	3.47008547008547
15	9	3.3493975903614457
15	10	3.808988764044944
15	11	3.4526315789473685
15	12	3.1538461538461537
15	13	3.3506493506493507
15	14	3.689655172413793
15	15	3.323529411764706
15	16	3.4096385542168677
15	17	3.32
15	18	3.6597938144329896
15	19	3.5142857142857142
16	0	3.80188679245283
16	1	3.765151515151515
16	2	3.7642857142857142
16	3	3.576
16	4	3.803921568627451
16	5	3.6818181818181817
16	6	3.5045045045045047
16	7	3.834710743801653
16	8	3.680722891566265
16	9	3.319672131147541
16	10	3.871559633027523
16	11	3.608695652173913
16	12	3.6324786324786325
16	13	3.659090909090909
16	14	3.3706896551724137
16	15	3.3419354838709676
16	16	3.6390977443609023
16	17	3.3851851851851853
16	18	3.735294117647059
16	19	3.4521739130434783
17	0	3.2884615384615383
17	1	3.4174757281553396
17	2	3.5106382978723403
17	3	3.4076923076923076
17	4	3.6210526315789475
17	5	3.2061855670103094
17	6	3.4123711340206184
17	7	3.3628318584070795
17	8	3.471830985915493
17	9	3.356521739130435
17	10	3.277310924369748
17	11	3.4466666666666668
17	12	3.3333333333333335
17	13	3.638888888888889
17	14	3.5555555555555554
17	15	3.462686567164179
17	16	3.638888888888889
17	17	3.6785714285714284
17	18	3.5576923076923075
17	19	3.1983471074380163
18	0	3.292682926829268
18	1	3.5714285714285716
18	2	3.58974358974359
18	3	3.6129032258064515
18	4	3.547945205479452
18	5	3.3285714285714287
18	6	3.435483870967742
18	7	3.701492537313433
18	8	3.681318681318681
18	9	3.3181818181818183
18	10	3.656716417910448
18	11	3.757575757575758
18	12	3.873015873015873
18	13	3.810344827586207
18	14	3.652173913043478
18	15	3.5737704918032787
18	16	3.754385964912281
18	17	3.7796610169491527
18	18	3.5076923076923077
18	19	3.5254237288135593
19	0	3.323529411764706
19	1	3.4727272727272727
19	2	3.610294117647059
19	3	3.856
19	4	3.255813953488372
19	5	3.782608695652174
19	6	3.5495495495495497
19	7	3.779527559055118
19	8	3.411392405063291
19	9	3.63302752293578
19	10	3.2542372881355934
19	11	3.406015037593985
19	12	3.4786324786324787
19	13	3.6692913385826773
19	14	3.3333333333333335
19	15	3.3529411764705883
19	16	3.5528455284552845
19	17	3.7583333333333333
19	18	3.7478991596638656
19	19	3.4324324324324325
