1	277
2	312
3	186
4	322
5	63
6	191
7	200
8	349
9	26
10	107
11	218
12	391
13	302
14	391
15	294
16	265
17	63
18	310
19	213
20	278
21	3
22	155
23	19
24	176
25	154
26	83
27	302
28	391
29	107
30	269
31	191
32	3
33	149
34	36
35	192
36	211
37	363
38	65
39	238
40	187
41	30
42	158
43	299
44	214
45	20
46	287
47	382
48	341
49	358
50	228
51	338
52	373
53	151
54	386
55	4
56	41
57	379
58	23
59	37
60	171
61	68
62	389
63	101
64	317
65	311
66	325
67	346
68	347
69	43
70	9
71	254
72	130
73	59
74	211
75	392
76	304
77	205
78	132
79	217
80	221
81	302
82	252
83	348
84	5
85	20
86	337
87	338
88	387
89	376
90	102
91	94
92	81
93	19
94	215
95	335
96	376
97	311
98	290
99	6
100	382
101	392
102	308
103	33
104	277
105	38
106	114
107	372
108	97
109	314
110	253
111	184
112	370
113	135
114	37
115	366
116	262
117	398
118	162
119	369
120	135
121	119
122	285
123	62
124	396
125	375
126	187
127	319
128	163
129	49
130	259
131	260
132	277
133	173
134	145
135	245
136	82
137	63
138	243
139	156
140	0
141	299
142	325
143	314
144	51
145	195
146	230
147	263
148	324
149	302
150	350
151	259
152	299
153	109
154	360
155	9
156	257
157	213
158	237
159	266
160	103
161	93
162	360
163	399
164	89
165	348
166	302
167	328
168	61
169	342
170	308
171	196
172	203
173	162
174	278
175	194
176	50
177	83
178	309
179	193
180	96
181	150
182	75
183	119
184	142
185	170
186	388
187	222
188	133
189	73
190	354
191	339
192	249
193	93
194	0
195	89
196	258
197	109
198	354
199	74
200	383
201	35
202	262
203	78
204	393
205	5
206	127
207	175
208	303
209	328
210	108
211	3
212	151
213	240
214	34
215	43
216	221
217	336
218	63
219	259
220	382
221	62
222	56
223	308
224	351
225	98
226	248
227	43
228	397
229	207
230	359
231	112
232	380
233	195
234	104
235	19
236	368
237	190
238	284
239	286
240	20
241	155
242	250
243	365
244	163
245	133
246	196
247	242
248	338
249	240
250	167
251	94
252	317
253	54
254	355
255	109
256	35
257	373
258	317
259	395
260	177
261	381
262	254
263	97
264	141
265	13
266	188
267	64
268	345
269	384
270	380
271	37
272	309
273	146
274	281
275	392
276	249
277	125
278	41
279	83
280	394
281	211
282	127
283	169
284	166
285	1
286	230
287	106
288	276
289	114
290	144
291	368
292	318
293	82
294	152
295	188
296	213
297	352
298	30
299	183
300	177
301	320
302	183
303	336
304	105
305	214
306	102
307	161
308	4
309	31
310	110
311	18
312	136
313	61
314	74
315	332
316	337
317	330
318	396
319	250
320	173
321	263
322	273
323	52
324	76
325	106
326	332
327	239
328	205
329	194
330	12
331	69
332	268
333	246
334	221
335	292
336	194
337	61
338	297
339	141
340	39
341	63
342	45
343	21
344	208
345	376
346	194
347	94
348	378
349	48
350	368
351	140
352	227
353	27
354	237
355	271
356	28
357	323
358	134
359	281
360	285
361	378
362	391
363	235
364	180
365	281
366	94
367	132
368	135
369	152
370	166
371	306
372	21
373	202
374	334
375	126
376	102
377	309
378	192
379	171
380	44
381	148
382	39
383	381
384	115
385	290
386	239
387	157
388	164
389	302
390	156
391	306
392	382
393	242
394	6
395	12
396	149
397	266
398	100
399	203
400	90
401	371
402	260
403	165
404	9
405	87
406	157
407	257
408	208
409	267
410	42
411	131
412	57
413	309
414	141
415	42
416	166
417	334
418	133
419	26
420	72
421	40
422	145
423	155
424	285
425	365
426	283
427	44
428	298
429	120
430	149
431	90
432	349
433	398
434	207
435	80
436	294
437	185
438	127
439	165
440	366
441	309
442	48
443	145
444	170
445	103
446	18
447	220
448	134
449	251
450	106
451	344
452	29
453	394
454	193
455	298
456	246
457	204
458	142
459	88
460	351
461	293
462	386
463	216
464	150
465	168
466	249
467	293
468	134
469	272
470	337
471	262
472	113
473	231
474	199
475	29
476	129
477	297
478	295
479	99
480	76
481	258
482	261
483	3
484	185
485	8
486	28
487	323
488	75
489	240
490	205
491	109
492	243
493	318
494	308
495	363
496	213
497	36
498	70
499	39
500	194
501	14
502	103
503	158
504	237
505	157
506	24
507	397
508	337
509	253
510	46
511	307
512	127
513	119
514	297
515	294
516	253
517	337
518	14
519	319
520	349
521	217
522	300
523	280
524	34
525	266
526	384
527	271
528	157
529	250
530	129
531	380
532	282
533	43
534	207
535	92
536	24
537	34
538	153
539	304
540	215
541	238
542	65
543	376
544	376
545	254
546	90
547	176
548	97
549	383
550	240
551	360
552	104
553	283
554	269
555	274
556	323
557	298
558	173
559	357
560	31
561	111
562	291
563	319
564	389
565	335
566	43
567	70
568	211
569	21
570	370
571	194
572	269
573	224
574	231
575	306
576	38
577	161
578	378
579	52
580	20
581	319
582	115
583	93
584	240
585	229
586	78
587	269
588	361
589	323
590	145
591	116
592	338
593	39
594	160
595	223
596	227
597	291
598	60
599	298
600	36
601	180
602	170
603	150
604	246
605	391
606	184
607	221
608	332
609	128
610	339
611	37
612	351
613	16
614	64
615	17
616	220
617	35
618	17
619	38
620	262
621	144
622	0
623	240
624	159
625	144
626	310
627	151
628	65
629	113
630	308
631	118
632	388
633	266
634	217
635	236
636	205
637	131
638	87
639	127
640	258
641	250
642	74
643	335
644	332
645	78
646	121
647	75
648	70
649	105
650	212
651	152
652	117
653	117
654	282
655	19
656	180
657	88
658	16
659	269
660	67
661	285
662	278
663	242
664	256
665	19
666	300
667	151
668	74
669	352
670	300
671	179
672	70
673	346
674	391
675	107
676	311
677	162
678	224
679	331
680	82
681	12
682	229
683	71
684	6
685	305
686	108
687	57
688	215
689	249
690	286
691	177
692	131
693	347
694	51
695	286
696	82
697	355
698	189
699	171
700	115
701	284
702	347
703	233
704	50
705	374
706	281
707	46
708	22
709	214
710	206
711	162
712	209
713	139
714	383
715	349
716	115
717	127
718	179
719	279
720	35
721	194
722	191
723	329
724	228
725	181
726	339
727	6
728	10
729	258
730	193
731	198
732	286
733	375
734	385
735	310
736	188
737	148
738	105
739	250
740	179
741	193
742	294
743	337
744	373
745	218
746	340
747	124
748	141
749	116
750	299
751	42
752	291
753	38
754	103
755	358
756	38
757	182
758	231
759	233
760	235
761	169
762	216
763	107
764	106
765	105
766	375
767	353
768	353
769	352
770	74
771	190
772	162
773	302
774	99
775	8
776	57
777	372
778	229
779	320
780	13
781	168
782	202
783	343
784	340
785	314
786	217
787	293
788	286
789	342
790	235
791	306
792	257
793	279
794	113
795	194
796	215
797	278
798	149
799	92
800	170
801	60
802	29
803	386
804	205
805	114
806	113
807	186
808	13
809	256
810	246
811	142
812	301
813	303
814	62
815	129
816	170
817	339
818	390
819	287
820	185
821	223
822	224
823	10
824	228
825	118
826	147
827	123
828	39
829	237
830	381
831	196
832	196
833	346
834	125
835	179
836	82
837	203
838	101
839	135
840	57
841	299
842	362
843	74
844	326
845	309
846	317
847	312
848	25
849	275
850	70
851	38
852	171
853	241
854	280
855	6
856	3
857	247
858	345
859	373
860	353
861	359
862	53
863	341
864	397
865	5
866	12
867	2
868	298
869	270
870	397
871	250
872	172
873	243
874	125
875	176
876	381
877	302
878	389
879	268
880	133
881	104
882	329
883	306
884	339
885	243
886	36
887	371
888	293
889	50
890	359
891	185
892	341
893	261
894	29
895	163
896	316
897	169
898	114
899	153
900	175
901	176
902	97
903	246
904	107
905	186
906	175
907	83
908	36
909	178
910	300
911	59
912	128
913	286
914	391
915	144
916	184
917	182
918	123
919	28
920	312
921	23
922	214
923	10
924	364
925	306
926	319
927	322
928	159
929	220
930	215
931	65
932	41
933	265
934	152
935	240
936	280
937	120
938	243
939	298
940	155
941	367
942	392
943	333
944	177
945	128
946	268
947	213
948	39
949	101
950	113
951	284
952	329
953	168
954	374
955	54
956	18
957	2
958	253
959	59
960	362
961	206
962	138
963	84
964	317
965	195
966	165
967	338
968	373
969	377
970	61
971	395
972	207
973	284
974	347
975	339
976	205
977	252
978	290
979	208
980	210
981	207
982	164
983	64
984	319
985	80
986	293
987	131
988	298
989	112
990	345
991	59
992	70
993	162
994	126
995	135
996	305
997	267
998	83
999	316
1000	41
1001	166
1002	369
1003	110
1004	80
1005	85
1006	306
1007	36
1008	22
1009	355
1010	335
1011	377
1012	216
1013	252
1014	361
1015	46
1016	312
1017	341
1018	271
1019	3
1020	263
1021	49
1022	268
1023	206
1024	113
1025	319
1026	128
1027	97
1028	275
1029	54
1030	393
1031	212
1032	102
1033	214
1034	19
1035	145
1036	395
1037	120
1038	89
1039	302
1040	345
1041	284
1042	365
1043	349
1044	128
1045	211
1046	164
1047	93
1048	43
1049	10
1050	216
1051	232
1052	198
1053	187
1054	118
1055	248
1056	79
1057	226
1058	373
1059	276
1060	55
1061	328
1062	13
1063	201
1064	247
1065	310
1066	386
1067	260
1068	116
1069	87
1070	112
1071	44
1072	327
1073	394
1074	251
1075	51
1076	2
1077	260
1078	349
1079	393
1080	304
1081	215
1082	95
1083	325
1084	76
1085	260
1086	185
1087	155
1088	291
1089	363
1090	60
1091	376
1092	119
1093	287
1094	290
1095	189
1096	33
1097	142
1098	270
1099	271
1100	265
1101	282
1102	6
1103	206
1104	380
1105	17
1106	110
1107	330
1108	224
1109	54
1110	255
1111	289
1112	396
1113	242
1114	94
1115	184
1116	120
1117	269
1118	23
1119	175
1120	282
1121	256
1122	132
1123	171
1124	371
1125	90
1126	289
1127	292
1128	388
1129	243
1130	105
1131	350
1132	133
1133	160
1134	140
1135	283
1136	302
1137	29
1138	337
1139	82
1140	341
1141	108
1142	327
1143	16
1144	75
1145	127
1146	73
1147	50
1148	269
1149	281
1150	19
1151	199
1152	169
1153	296
1154	166
1155	279
1156	238
1157	277
1158	195
1159	222
1160	9
1161	226
1162	268
1163	219
1164	397
1165	180
1166	35
1167	128
1168	301
1169	315
1170	132
1171	264
1172	5
1173	73
1174	358
1175	135
1176	3
1177	149
1178	323
1179	151
1180	139
1181	338
1182	260
1183	18
1184	133
1185	54
1186	145
1187	232
1188	54
1189	104
1190	399
1191	372
1192	265
1193	332
1194	279
1195	52
1196	328
1197	163
1198	88
1199	260
1200	120
1201	135
1202	134
1203	26
1204	6
1205	315
1206	238
1207	268
1208	304
1209	18
1210	23
1211	53
1212	285
1213	54
1214	305
1215	85
1216	389
1217	296
1218	349
1219	251
1220	150
1221	367
1222	296
1223	204
1224	194
1225	263
1226	115
1227	266
1228	306
1229	146
1230	187
1231	277
1232	265
1233	190
1234	357
1235	128
1236	212
1237	395
1238	392
1239	335
1240	7
1241	166
1242	198
1243	101
1244	366
1245	327
1246	252
1247	371
1248	62
1249	299
1250	129
1251	314
1252	41
1253	336
1254	381
1255	326
1256	6
1257	130
1258	11
1259	223
1260	33
1261	135
1262	33
1263	166
1264	129
1265	388
1266	213
1267	62
1268	7
1269	45
1270	330
1271	283
1272	202
1273	342
1274	373
1275	171
1276	205
1277	332
1278	309
1279	128
1280	168
1281	69
1282	394
1283	135
1284	115
1285	376
1286	38
1287	286
1288	280
1289	290
1290	370
1291	223
1292	47
1293	355
1294	357
1295	109
1296	216
1297	110
1298	250
1299	77
1300	29
1301	249
1302	87
1303	327
1304	85
1305	299
1306	129
1307	116
1308	156
1309	236
1310	61
1311	148
1312	283
1313	255
1314	189
1315	28
1316	218
1317	283
1318	239
1319	49
1320	70
1321	91
1322	170
1323	9
1324	132
1325	10
1326	241
1327	396
1328	66
1329	178
1330	382
1331	99
1332	7
1333	20
1334	168
1335	83
1336	315
1337	185
1338	364
1339	312
1340	364
1341	391
1342	241
1343	322
1344	119
1345	164
1346	180
1347	287
1348	346
1349	108
1350	335
1351	388
1352	302
1353	307
1354	266
1355	153
1356	233
1357	130
1358	137
1359	235
1360	286
1361	116
1362	221
1363	355
1364	298
1365	79
1366	395
1367	198
1368	60
1369	237
1370	246
1371	307
1372	127
1373	245
1374	199
1375	99
1376	5
1377	282
1378	232
1379	252
1380	231
1381	287
1382	152
1383	163
1384	72
1385	82
1386	3
1387	366
1388	270
1389	129
1390	183
1391	258
1392	268
1393	321
1394	308
1395	93
1396	330
1397	234
1398	47
1399	93
1400	146
1401	170
1402	271
1403	369
1404	163
1405	141
1406	269
1407	251
1408	255
1409	84
1410	294
1411	285
1412	226
1413	268
1414	185
1415	109
1416	250
1417	376
1418	317
1419	282
1420	46
1421	58
1422	228
1423	337
1424	19
1425	328
1426	244
1427	8
1428	332
1429	57
1430	107
1431	191
1432	312
1433	269
1434	219
1435	328
1436	167
1437	23
1438	241
1439	324
1440	249
1441	354
1442	177
1443	243
1444	298
1445	43
1446	291
1447	323
1448	382
1449	295
1450	146
1451	368
1452	66
1453	155
1454	345
1455	287
1456	85
1457	373
1458	122
1459	359
1460	379
1461	65
1462	4
1463	254
1464	159
1465	177
1466	12
1467	132
1468	79
1469	240
1470	328
1471	205
1472	6
1473	399
1474	242
1475	45
1476	314
1477	171
1478	83
1479	244
1480	84
1481	344
1482	134
1483	110
1484	47
1485	102
1486	254
1487	281
1488	377
1489	264
1490	61
1491	396
1492	326
1493	195
1494	60
1495	221
1496	196
1497	190
1498	268
1499	85
1500	246
1501	46
1502	236
1503	179
1504	260
1505	167
1506	172
1507	351
1508	27
1509	314
1510	226
1511	339
1512	148
1513	158
1514	39
1515	321
1516	329
1517	378
1518	41
1519	156
1520	294
1521	342
1522	235
1523	281
1524	246
1525	386
1526	32
1527	336
1528	196
1529	247
1530	160
1531	2
1532	82
1533	207
1534	335
1535	291
1536	233
1537	60
1538	263
1539	130
1540	364
1541	259
1542	230
1543	291
1544	141
1545	351
1546	238
1547	327
1548	192
1549	113
1550	174
1551	25
1552	152
1553	150
1554	204
1555	308
1556	170
1557	56
1558	155
1559	188
1560	45
1561	220
1562	172
1563	50
1564	34
1565	103
1566	123
1567	199
1568	314
1569	53
1570	0
1571	333
1572	19
1573	247
1574	343
1575	79
1576	104
1577	51
1578	136
1579	75
1580	266
1581	238
1582	26
1583	188
1584	307
1585	399
1586	349
1587	228
1588	322
1589	80
1590	290
1591	246
1592	290
1593	304
1594	156
1595	101
1596	44
1597	133
1598	2
1599	344
1600	35
1601	109
1602	341
1603	66
1604	134
1605	207
1606	348
1607	367
1608	354
1609	144
1610	271
1611	322
1612	244
1613	343
1614	92
1615	337
1616	382
1617	231
1618	200
1619	270
1620	262
1621	70
1622	364
1623	289
1624	393
1625	311
1626	287
1627	374
1628	109
1629	216
1630	340
1631	0
1632	139
1633	294
1634	98
1635	62
1636	290
1637	278
1638	54
1639	187
1640	183
1641	214
1642	119
1643	137
1644	297
1645	28
1646	309
1647	72
1648	190
1649	191
1650	70
1651	264
1652	116
1653	150
1654	118
1655	346
1656	276
1657	258
1658	122
1659	187
1660	151
1661	395
1662	246
1663	242
1664	366
1665	194
1666	17
1667	252
1668	197
1669	242
1670	293
1671	323
1672	259
1673	387
1674	6
1675	97
1676	183
1677	357
1678	74
1679	304
1680	362
1681	86
1682	387
