3	3
23	3
43	3
63	3
83	3
103	3
123	3
143	3
163	3
183	3
203	3
223	3
243	3
263	3
283	3
303	3
323	3
343	3
363	3
383	3
403	3
423	3
443	3
463	3
483	3
503	3
523	3
543	3
563	3
583	3
603	3
623	3
643	3
663	3
683	3
703	3
723	3
743	3
763	3
783	3
803	3
823	3
843	3
863	3
883	3
903	3
923	3
943	3
963	3
983	3
1003	3
1023	3
1043	3
1063	3
1083	3
1103	3
1123	3
1143	3
1163	3
1183	3
1203	3
1223	3
1243	3
1263	3
1283	3
1303	3
1323	3
1343	3
1363	3
1383	3
1403	3
1423	3
1443	3
1463	3
1483	3
1503	3
1523	3
1543	3
1563	3
1583	3
1603	3
1623	3
1643	3
1663	3
