1	1
21	1
41	1
61	1
81	1
101	1
121	1
141	1
161	1
181	1
201	1
221	1
241	1
261	1
281	1
301	1
321	1
341	1
361	1
381	1
401	1
421	1
441	1
461	1
481	1
501	1
521	1
541	1
561	1
581	1
601	1
621	1
641	1
661	1
681	1
701	1
721	1
741	1
761	1
781	1
801	1
821	1
841	1
861	1
881	1
901	1
921	1
941	1
961	1
981	1
1001	1
1021	1
1041	1
1061	1
1081	1
1101	1
1121	1
1141	1
1161	1
1181	1
1201	1
1221	1
1241	1
1261	1
1281	1
1301	1
1321	1
1341	1
1361	1
1381	1
1401	1
1421	1
1441	1
1461	1
1481	1
1501	1
1521	1
1541	1
1561	1
1581	1
1601	1
1621	1
1641	1
1661	1
1681	1
