7	7
27	7
47	7
67	7
87	7
107	7
127	7
147	7
167	7
187	7
207	7
227	7
247	7
267	7
287	7
307	7
327	7
347	7
367	7
387	7
407	7
427	7
447	7
467	7
487	7
507	7
527	7
547	7
567	7
587	7
607	7
627	7
647	7
667	7
687	7
707	7
727	7
747	7
767	7
787	7
807	7
827	7
847	7
867	7
887	7
907	7
927	7
947	7
967	7
987	7
1007	7
1027	7
1047	7
1067	7
1087	7
1107	7
1127	7
1147	7
1167	7
1187	7
1207	7
1227	7
1247	7
1267	7
1287	7
1307	7
1327	7
1347	7
1367	7
1387	7
1407	7
1427	7
1447	7
1467	7
1487	7
1507	7
1527	7
1547	7
1567	7
1587	7
1607	7
1627	7
1647	7
1667	7
