8	8
28	8
48	8
68	8
88	8
108	8
128	8
148	8
168	8
188	8
208	8
228	8
248	8
268	8
288	8
308	8
328	8
348	8
368	8
388	8
408	8
428	8
448	8
468	8
488	8
508	8
528	8
548	8
568	8
588	8
608	8
628	8
648	8
668	8
688	8
708	8
728	8
748	8
768	8
788	8
808	8
828	8
848	8
868	8
888	8
908	8
928	8
948	8
968	8
988	8
1008	8
1028	8
1048	8
1068	8
1088	8
1108	8
1128	8
1148	8
1168	8
1188	8
1208	8
1228	8
1248	8
1268	8
1288	8
1308	8
1328	8
1348	8
1368	8
1388	8
1408	8
1428	8
1448	8
1468	8
1488	8
1508	8
1528	8
1548	8
1568	8
1588	8
1608	8
1628	8
1648	8
1668	8
