16	16
36	16
56	16
76	16
96	16
116	16
136	16
156	16
176	16
196	16
216	16
236	16
256	16
276	16
296	16
316	16
336	16
356	16
376	16
396	16
416	16
436	16
456	16
476	16
496	16
516	16
536	16
556	16
576	16
596	16
616	16
636	16
656	16
676	16
696	16
716	16
736	16
756	16
776	16
796	16
816	16
836	16
856	16
876	16
896	16
916	16
936	16
956	16
976	16
996	16
1016	16
1036	16
1056	16
1076	16
1096	16
1116	16
1136	16
1156	16
1176	16
1196	16
1216	16
1236	16
1256	16
1276	16
1296	16
1316	16
1336	16
1356	16
1376	16
1396	16
1416	16
1436	16
1456	16
1476	16
1496	16
1516	16
1536	16
1556	16
1576	16
1596	16
1616	16
1636	16
1656	16
1676	16
