2	2
22	2
42	2
62	2
82	2
102	2
122	2
142	2
162	2
182	2
202	2
222	2
242	2
262	2
282	2
302	2
322	2
342	2
362	2
382	2
402	2
422	2
442	2
462	2
482	2
502	2
522	2
542	2
562	2
582	2
602	2
622	2
642	2
662	2
682	2
702	2
722	2
742	2
762	2
782	2
802	2
822	2
842	2
862	2
882	2
902	2
922	2
942	2
962	2
982	2
1002	2
1022	2
1042	2
1062	2
1082	2
1102	2
1122	2
1142	2
1162	2
1182	2
1202	2
1222	2
1242	2
1262	2
1282	2
1302	2
1322	2
1342	2
1362	2
1382	2
1402	2
1422	2
1442	2
1462	2
1482	2
1502	2
1522	2
1542	2
1562	2
1582	2
1602	2
1622	2
1642	2
1662	2
1682	2
