10	10
30	10
50	10
70	10
90	10
110	10
130	10
150	10
170	10
190	10
210	10
230	10
250	10
270	10
290	10
310	10
330	10
350	10
370	10
390	10
410	10
430	10
450	10
470	10
490	10
510	10
530	10
550	10
570	10
590	10
610	10
630	10
650	10
670	10
690	10
710	10
730	10
750	10
770	10
790	10
810	10
830	10
850	10
870	10
890	10
910	10
930	10
950	10
970	10
990	10
1010	10
1030	10
1050	10
1070	10
1090	10
1110	10
1130	10
1150	10
1170	10
1190	10
1210	10
1230	10
1250	10
1270	10
1290	10
1310	10
1330	10
1350	10
1370	10
1390	10
1410	10
1430	10
1450	10
1470	10
1490	10
1510	10
1530	10
1550	10
1570	10
1590	10
1610	10
1630	10
1650	10
1670	10
