4	4
24	4
44	4
64	4
84	4
104	4
124	4
144	4
164	4
184	4
204	4
224	4
244	4
264	4
284	4
304	4
324	4
344	4
364	4
384	4
404	4
424	4
444	4
464	4
484	4
504	4
524	4
544	4
564	4
584	4
604	4
624	4
644	4
664	4
684	4
704	4
724	4
744	4
764	4
784	4
804	4
824	4
844	4
864	4
884	4
904	4
924	4
944	4
964	4
984	4
1004	4
1024	4
1044	4
1064	4
1084	4
1104	4
1124	4
1144	4
1164	4
1184	4
1204	4
1224	4
1244	4
1264	4
1284	4
1304	4
1324	4
1344	4
1364	4
1384	4
1404	4
1424	4
1444	4
1464	4
1484	4
1504	4
1524	4
1544	4
1564	4
1584	4
1604	4
1624	4
1644	4
1664	4
