12	12
32	12
52	12
72	12
92	12
112	12
132	12
152	12
172	12
192	12
212	12
232	12
252	12
272	12
292	12
312	12
332	12
352	12
372	12
392	12
412	12
432	12
452	12
472	12
492	12
512	12
532	12
552	12
572	12
592	12
612	12
632	12
652	12
672	12
692	12
712	12
732	12
752	12
772	12
792	12
812	12
832	12
852	12
872	12
892	12
912	12
932	12
952	12
972	12
992	12
1012	12
1032	12
1052	12
1072	12
1092	12
1112	12
1132	12
1152	12
1172	12
1192	12
1212	12
1232	12
1252	12
1272	12
1292	12
1312	12
1332	12
1352	12
1372	12
1392	12
1412	12
1432	12
1452	12
1472	12
1492	12
1512	12
1532	12
1552	12
1572	12
1592	12
1612	12
1632	12
1652	12
1672	12
