6	6
26	6
46	6
66	6
86	6
106	6
126	6
146	6
166	6
186	6
206	6
226	6
246	6
266	6
286	6
306	6
326	6
346	6
366	6
386	6
406	6
426	6
446	6
466	6
486	6
506	6
526	6
546	6
566	6
586	6
606	6
626	6
646	6
666	6
686	6
706	6
726	6
746	6
766	6
786	6
806	6
826	6
846	6
866	6
886	6
906	6
926	6
946	6
966	6
986	6
1006	6
1026	6
1046	6
1066	6
1086	6
1106	6
1126	6
1146	6
1166	6
1186	6
1206	6
1226	6
1246	6
1266	6
1286	6
1306	6
1326	6
1346	6
1366	6
1386	6
1406	6
1426	6
1446	6
1466	6
1486	6
1506	6
1526	6
1546	6
1566	6
1586	6
1606	6
1626	6
1646	6
1666	6
