11	11
31	11
51	11
71	11
91	11
111	11
131	11
151	11
171	11
191	11
211	11
231	11
251	11
271	11
291	11
311	11
331	11
351	11
371	11
391	11
411	11
431	11
451	11
471	11
491	11
511	11
531	11
551	11
571	11
591	11
611	11
631	11
651	11
671	11
691	11
711	11
731	11
751	11
771	11
791	11
811	11
831	11
851	11
871	11
891	11
911	11
931	11
951	11
971	11
991	11
1011	11
1031	11
1051	11
1071	11
1091	11
1111	11
1131	11
1151	11
1171	11
1191	11
1211	11
1231	11
1251	11
1271	11
1291	11
1311	11
1331	11
1351	11
1371	11
1391	11
1411	11
1431	11
1451	11
1471	11
1491	11
1511	11
1531	11
1551	11
1571	11
1591	11
1611	11
1631	11
1651	11
1671	11
