17	17
37	17
57	17
77	17
97	17
117	17
137	17
157	17
177	17
197	17
217	17
237	17
257	17
277	17
297	17
317	17
337	17
357	17
377	17
397	17
417	17
437	17
457	17
477	17
497	17
517	17
537	17
557	17
577	17
597	17
617	17
637	17
657	17
677	17
697	17
717	17
737	17
757	17
777	17
797	17
817	17
837	17
857	17
877	17
897	17
917	17
937	17
957	17
977	17
997	17
1017	17
1037	17
1057	17
1077	17
1097	17
1117	17
1137	17
1157	17
1177	17
1197	17
1217	17
1237	17
1257	17
1277	17
1297	17
1317	17
1337	17
1357	17
1377	17
1397	17
1417	17
1437	17
1457	17
1477	17
1497	17
1517	17
1537	17
1557	17
1577	17
1597	17
1617	17
1637	17
1657	17
1677	17
