5	5
25	5
45	5
65	5
85	5
105	5
125	5
145	5
165	5
185	5
205	5
225	5
245	5
265	5
285	5
305	5
325	5
345	5
365	5
385	5
405	5
425	5
445	5
465	5
485	5
505	5
525	5
545	5
565	5
585	5
605	5
625	5
645	5
665	5
685	5
705	5
725	5
745	5
765	5
785	5
805	5
825	5
845	5
865	5
885	5
905	5
925	5
945	5
965	5
985	5
1005	5
1025	5
1045	5
1065	5
1085	5
1105	5
1125	5
1145	5
1165	5
1185	5
1205	5
1225	5
1245	5
1265	5
1285	5
1305	5
1325	5
1345	5
1365	5
1385	5
1405	5
1425	5
1445	5
1465	5
1485	5
1505	5
1525	5
1545	5
1565	5
1585	5
1605	5
1625	5
1645	5
1665	5
