9	9
29	9
49	9
69	9
89	9
109	9
129	9
149	9
169	9
189	9
209	9
229	9
249	9
269	9
289	9
309	9
329	9
349	9
369	9
389	9
409	9
429	9
449	9
469	9
489	9
509	9
529	9
549	9
569	9
589	9
609	9
629	9
649	9
669	9
689	9
709	9
729	9
749	9
769	9
789	9
809	9
829	9
849	9
869	9
889	9
909	9
929	9
949	9
969	9
989	9
1009	9
1029	9
1049	9
1069	9
1089	9
1109	9
1129	9
1149	9
1169	9
1189	9
1209	9
1229	9
1249	9
1269	9
1289	9
1309	9
1329	9
1349	9
1369	9
1389	9
1409	9
1429	9
1449	9
1469	9
1489	9
1509	9
1529	9
1549	9
1569	9
1589	9
1609	9
1629	9
1649	9
1669	9
