13	13
33	13
53	13
73	13
93	13
113	13
133	13
153	13
173	13
193	13
213	13
233	13
253	13
273	13
293	13
313	13
333	13
353	13
373	13
393	13
413	13
433	13
453	13
473	13
493	13
513	13
533	13
553	13
573	13
593	13
613	13
633	13
653	13
673	13
693	13
713	13
733	13
753	13
773	13
793	13
813	13
833	13
853	13
873	13
893	13
913	13
933	13
953	13
973	13
993	13
1013	13
1033	13
1053	13
1073	13
1093	13
1113	13
1133	13
1153	13
1173	13
1193	13
1213	13
1233	13
1253	13
1273	13
1293	13
1313	13
1333	13
1353	13
1373	13
1393	13
1413	13
1433	13
1453	13
1473	13
1493	13
1513	13
1533	13
1553	13
1573	13
1593	13
1613	13
1633	13
1653	13
1673	13
