18	18
38	18
58	18
78	18
98	18
118	18
138	18
158	18
178	18
198	18
218	18
238	18
258	18
278	18
298	18
318	18
338	18
358	18
378	18
398	18
418	18
438	18
458	18
478	18
498	18
518	18
538	18
558	18
578	18
598	18
618	18
638	18
658	18
678	18
698	18
718	18
738	18
758	18
778	18
798	18
818	18
838	18
858	18
878	18
898	18
918	18
938	18
958	18
978	18
998	18
1018	18
1038	18
1058	18
1078	18
1098	18
1118	18
1138	18
1158	18
1178	18
1198	18
1218	18
1238	18
1258	18
1278	18
1298	18
1318	18
1338	18
1358	18
1378	18
1398	18
1418	18
1438	18
1458	18
1478	18
1498	18
1518	18
1538	18
1558	18
1578	18
1598	18
1618	18
1638	18
1658	18
1678	18
