19	19
39	19
59	19
79	19
99	19
119	19
139	19
159	19
179	19
199	19
219	19
239	19
259	19
279	19
299	19
319	19
339	19
359	19
379	19
399	19
419	19
439	19
459	19
479	19
499	19
519	19
539	19
559	19
579	19
599	19
619	19
639	19
659	19
679	19
699	19
719	19
739	19
759	19
779	19
799	19
819	19
839	19
859	19
879	19
899	19
919	19
939	19
959	19
979	19
999	19
1019	19
1039	19
1059	19
1079	19
1099	19
1119	19
1139	19
1159	19
1179	19
1199	19
1219	19
1239	19
1259	19
1279	19
1299	19
1319	19
1339	19
1359	19
1379	19
1399	19
1419	19
1439	19
1459	19
1479	19
1499	19
1519	19
1539	19
1559	19
1579	19
1599	19
1619	19
1639	19
1659	19
1679	19
