14	14
34	14
54	14
74	14
94	14
114	14
134	14
154	14
174	14
194	14
214	14
234	14
254	14
274	14
294	14
314	14
334	14
354	14
374	14
394	14
414	14
434	14
454	14
474	14
494	14
514	14
534	14
554	14
574	14
594	14
614	14
634	14
654	14
674	14
694	14
714	14
734	14
754	14
774	14
794	14
814	14
834	14
854	14
874	14
894	14
914	14
934	14
954	14
974	14
994	14
1014	14
1034	14
1054	14
1074	14
1094	14
1114	14
1134	14
1154	14
1174	14
1194	14
1214	14
1234	14
1254	14
1274	14
1294	14
1314	14
1334	14
1354	14
1374	14
1394	14
1414	14
1434	14
1454	14
1474	14
1494	14
1514	14
1534	14
1554	14
1574	14
1594	14
1614	14
1634	14
1654	14
1674	14
