15	15
35	15
55	15
75	15
95	15
115	15
135	15
155	15
175	15
195	15
215	15
235	15
255	15
275	15
295	15
315	15
335	15
355	15
375	15
395	15
415	15
435	15
455	15
475	15
495	15
515	15
535	15
555	15
575	15
595	15
615	15
635	15
655	15
675	15
695	15
715	15
735	15
755	15
775	15
795	15
815	15
835	15
855	15
875	15
895	15
915	15
935	15
955	15
975	15
995	15
1015	15
1035	15
1055	15
1075	15
1095	15
1115	15
1135	15
1155	15
1175	15
1195	15
1215	15
1235	15
1255	15
1275	15
1295	15
1315	15
1335	15
1355	15
1375	15
1395	15
1415	15
1435	15
1455	15
1475	15
1495	15
1515	15
1535	15
1555	15
1575	15
1595	15
1615	15
1635	15
1655	15
1675	15
