1	1	507.1444957672664
2	1	86.08107416575784
3	94	112.80013931982539
4	298	32.1343447472355
5	5	341.4289543503045
6	229	259.023315141446
7	18	647.7182038703637
8	361	102.18742488217194
9	171	33.31004624223729
10	162	131.84730306160878
11	9	193.7939902300832
12	245	87.56830794397328
13	393	1383.0147692394428
14	304	133.92367161764923
15	214	239.34551908781216
16	310	220.75431292917946
17	321	49.275591648820395
18	38	269.1322556797927
19	129	17.23270088941914
20	129	67.87803193779406
21	44	518.2191700469953
22	76	347.1366592619102
23	205	155.7482302792956
24	15	129.6848822148938
25	310	49.077338397401434
26	212	152.85965888002204
27	27	23.74014072981595
28	153	76.33628147068076
29	15	33.02849834312303
30	191	54.177675120939625
31	344	35.9502170599339
32	37	33.52874661674897
33	236	8.81021449429343
34	130	48.79001091649869
35	104	24.776220164409697
36	79	32.01848240259035
37	165	64.56960801374079
38	165	334.9559613550527
39	305	24.193822774198654
40	81	36.891137577744445
41	340	46.77565550655287
42	386	261.211518946114
43	375	243.238128612257
44	100	208.72010070244357
45	105	53.079734297734674
46	124	44.51927120184785
47	359	24.841816312995324
48	233	76.95655394718479
49	219	480.35730765762753
50	384	43.12452503112938
51	124	32.093361293322154
52	251	73.03370341220106
53	156	24.008713354188757
54	105	104.52607384931352
55	32	44.750483912511456
56	188	194.40110790277208
57	116	111.1225612757701
58	79	265.1542288218746
59	165	583.5049894318374
60	191	265.12188810984634
61	384	33.59070145723851
62	342	328.76608627451776
63	123	109.30002495153354
64	383	224.77492212361747
65	220	116.73909939563195
66	95	35.43356594621538
67	204	24.593949004315622
68	74	104.12009659048184
69	199	119.24733032460537
70	155	96.28976105172971
71	32	47.400188865687035
72	323	159.22768652000968
73	186	115.47286378694434
74	44	21.945215114276046
75	288	167.21799985374662
76	69	102.95565852162902
77	175	110.00375212616348
78	64	39.10266519846316
79	135	86.95544005413304
80	131	36.23638949878575
81	372	91.22611508801533
82	1	245.1989798392317
83	285	211.45980826326803
84	44	45.00171284137064
85	212	204.27706849655718
86	311	30.494141319011213
87	62	187.54973212098267
88	64	30.40798796974903
89	191	160.62266922111002
90	206	430.3388016602229
91	219	127.45098693748479
92	133	425.3755084506514
93	372	28.923731215492307
94	347	458.77409112240946
95	161	388.0881039011305
96	117	101.83360615047411
97	202	96.37587263922195
98	275	50.06484809106247
99	338	187.37751560534736
100	147	101.71779613482327
101	248	76.23906905974218
102	213	428.5291656249845
103	326	25.638162757424496
104	30	225.36549827195185
105	384	26.536880101819964
106	109	63.67659384296597
107	106	38.2185444449333
108	237	30.947916515514272
109	106	340.2332410991622
110	280	113.5554706960939
111	24	21.11094274015593
112	114	67.2913036951911
113	355	71.78587956081932
114	385	47.98741861564889
115	4	174.08933429672373
116	154	205.59566229899917
117	381	148.4387800996717
118	192	168.4945623446818
119	218	206.0482923545356
120	168	27.934336101071708
121	78	143.30904052151374
122	24	87.04951042793095
123	50	67.2695692449399
124	24	24.079585685318953
125	346	323.0500682892369
126	150	65.303429895449
127	205	56.24849950025132
128	386	234.01390832748416
129	381	53.710524639260626
130	351	464.3196461525723
131	179	55.053855463355035
132	303	10.078574683398042
133	167	34.77348185487802
134	71	26.82152194704486
135	25	38.65541199284606
136	342	29.39521623201056
137	30	88.59061419151733
138	190	65.92751861941089
139	75	20.18597834716355
140	262	14.799584478730381
141	85	196.45487418156137
142	228	51.78749727750986
143	172	27.986592901906484
144	120	248.6386142964221
145	139	574.9836723735833
146	263	45.296049286137155
147	240	33.100054201606554
148	172	113.83770084907721
149	104	52.66417024204717
150	154	33.683971645184876
151	398	457.71342166455344
152	26	231.12798389287548
153	173	59.131301880540065
154	34	61.31237167513372
155	13	33.758442259709575
156	271	20.72144394890454
157	108	92.0371523287107
158	242	187.16754999890358
159	107	190.4412926873131
160	375	143.63051111422223
161	43	163.2907633564844
162	369	31.11687316082028
163	166	17.230209467254884
164	32	96.63646895731877
165	93	26.43262188457759
166	358	44.089643329026686
167	219	150.1855082336138
168	171	134.96137124967194
169	179	52.56412602726825
170	48	18.778223948548142
171	137	19.30529082885937
172	310	24.684723803888282
173	261	51.67865439429914
174	389	495.79030229377526
175	389	64.40730435910825
176	57	64.12557485140469
177	315	113.74952019326167
178	293	252.32321758068497
179	164	120.3061818858934
180	64	114.21089529987964
181	173	2403.454038978844
182	394	35.73635331609197
183	230	54.79279865877321
184	312	189.43170089753954
185	292	35.068540167157074
186	339	148.710969947796
187	121	93.75145946673678
188	351	120.98826242764632
189	8	314.19148922602005
190	367	79.47178585704908
191	218	20.27025483584191
192	295	44.19761840318158
193	240	156.94988516018307
194	19	346.03401351747215
195	299	112.64958882372979
196	215	38.741946907037836
197	368	189.80525463106287
198	69	200.76292662313443
199	72	123.10043549177468
200	60	244.89702309727147
201	173	602.3441382299573
202	155	45.20602015526744
203	344	56.1282243852436
204	342	76.93724281047501
205	282	36.330026473250236
206	116	270.3573331317421
207	207	248.8491693656003
208	81	37.369905121392655
209	130	56.52046368836979
210	329	124.73479513470339
211	187	59.48136973661197
212	107	42.168572166834515
213	206	159.46260457504457
214	282	113.69706228814685
215	48	79.95383535505687
216	366	153.59542545810123
217	318	180.74211881738404
218	330	43.12721345622782
219	83	76.15655755925872
220	219	23.74942597225945
221	235	137.8703802815111
222	31	561.8956657853385
223	362	218.91383425984867
224	399	189.86432363136666
225	78	34.04888758389257
226	352	42.93644460598894
227	21	66.93545285143071
228	268	59.19907043811879
229	179	73.39828329265089
230	231	213.97740004026065
231	399	26.962769799054747
232	370	78.34593087305608
233	366	153.80972022539973
234	18	455.3030166802741
235	265	87.37041487641122
236	216	198.24090189767142
237	309	48.51242441683947
238	337	30.228086848194398
239	368	297.1722046431808
240	330	40.039438465451504
241	46	20.18214352821724
242	323	16.735743147906565
243	266	60.72723376344665
244	397	294.501152393193
245	66	30.674254318312215
246	43	518.7249689848339
247	156	23.99779779530682
248	340	86.85979999540571
249	274	166.4607866046558
250	94	158.08505092160084
251	16	74.40702238125414
252	281	40.27028210880337
253	66	112.00858536403108
254	245	205.78007990652128
255	307	265.56295102275874
256	53	191.37256834067563
257	296	60.87456321913709
258	12	48.63085343962958
259	165	47.932853132050816
260	165	42.19300481183985
261	136	27.388383698929157
262	72	172.044910989912
263	235	177.01883955357835
264	252	190.301917960936
265	86	59.25473558861251
266	161	23.825426163484778
267	349	217.9201068792421
268	3	477.70030445979427
269	179	671.1354932319427
270	135	270.30881600974567
271	242	307.90330738235355
272	101	112.89467444223881
273	242	15.2603584436454
274	78	75.82969388239684
275	212	71.24134544072449
276	150	630.5193655912345
277	135	38.89375395952716
278	1	47.96037430247915
279	128	657.5071560571048
280	78	288.8274556151866
281	167	45.315406939972476
282	175	21.062070451095387
283	376	43.75312416762335
284	341	30.813774542172364
285	361	30.95911786425581
286	5	501.4553953733283
287	106	116.83606634707016
288	19	171.90901312688425
289	322	54.76241086136388
290	292	128.6029617937088
291	242	327.5829133858507
292	219	164.2338149494239
293	339	570.2915219333082
294	124	149.65782309629856
295	305	303.0450695439628
296	288	281.3534712303293
297	95	230.58491015830808
298	62	86.9443248206162
299	128	238.57572295366197
300	74	21.07179657033744
301	397	286.62676219716036
302	367	54.448131056753205
303	121	798.9757405751735
304	379	25.993815142601665
305	45	275.52886301267625
306	327	35.199927945290874
307	52	122.94368799172268
308	163	248.68748430841688
309	73	23.867739851898413
310	85	53.55755162231513
311	189	382.99962137527336
312	107	385.51037953897395
313	311	290.7442054257731
314	225	383.8018547147004
315	1	155.16018730549925
316	167	172.84572091136957
317	311	16.55114101032401
318	285	222.89038635307097
319	81	14.683210458003305
320	124	143.48447491923648
321	46	73.93476828988969
322	83	49.535341578311645
323	186	105.48335611911695
324	224	100.9981534641336
325	155	187.99186633904355
326	334	318.9971291129411
327	211	269.76794385431776
328	25	263.54644155062965
329	119	49.112682057953656
330	279	231.85665024631638
331	246	88.21927307492292
332	301	273.80620357255503
333	93	22.42306428531075
334	184	313.0916904745504
335	66	30.123614245268133
336	228	245.85706137142907
337	102	55.74337678458236
338	370	76.66751049528943
339	297	296.09178958380437
340	316	72.89705502225546
341	303	25.248994132846793
342	334	364.45615132664847
343	231	386.83126825336404
344	239	247.89475730964094
345	390	214.27761216448474
346	92	282.06244910076094
347	296	357.1786248133432
348	147	29.35451201492262
349	347	64.75081368353686
350	182	81.48073697432815
351	89	69.19091786417606
352	389	76.52156531145408
353	137	41.261487652568555
354	296	184.08171148131362
355	21	28.23640377206258
356	115	36.12495490605338
357	138	100.66900813574809
358	218	65.12273246155709
359	285	28.466101337783577
360	273	75.51072379272289
361	352	122.49447723973108
362	343	61.796435742865654
363	171	570.3511526053231
364	134	26.04704645399882
365	144	96.32879744098676
366	36	61.28660346229998
367	151	53.393862863250554
368	170	55.677982381413656
369	270	23.769886730465952
370	139	91.92043831836314
371	121	81.71467163644854
372	180	142.72346459030933
373	159	238.31783799908305
374	17	499.67623262218
375	233	22.339751188579996
376	305	17.214596700131956
377	8	42.587159839862515
378	159	274.6704352647723
379	115	268.33080814920703
380	208	177.31353601591525
381	243	163.88946419178865
382	35	59.961994598848854
383	35	115.0864526163949
384	255	11.101061720576634
385	307	487.01265362715674
386	208	15.226828744946678
387	91	473.29393428085564
388	12	84.1593732131699
389	168	320.70224581210584
390	123	47.59640005028217
391	193	139.01628817541499
392	134	214.4407127434305
393	153	446.6754000047554
394	328	132.09469708466793
395	8	98.97038186344405
396	379	42.920460641044805
397	318	184.53327371825648
398	334	168.44922074871627
399	219	312.8303476382475
400	1	18.327319696996323
401	72	269.3653493755348
402	94	89.48498956022226
403	130	83.39984444894357
404	6	57.1454286742482
405	179	3097.2757154456726
406	185	473.3744573692279
407	120	202.14106675063593
408	188	34.95181449109313
409	221	296.97943224199526
410	377	44.527793481998565
411	8	50.683182350348424
412	162	34.30100873373081
413	255	52.37763520745131
414	283	32.62095973528424
415	383	35.64567317147537
416	105	871.8392334026088
417	316	462.919414478524
418	280	42.56784393330648
419	110	48.97595827397514
420	296	35.505227059597374
421	22	75.33217458349151
422	399	99.2047662785658
423	166	60.14720665299246
424	192	77.30834969123987
425	395	278.10632505120986
426	291	92.4453018437627
427	301	58.65339092665835
428	395	61.38845632376313
429	207	430.6201167694088
430	67	71.6507077464807
431	56	16.30896984885977
432	283	73.7044051805039
433	184	73.20635714075331
434	95	94.35705180702394
435	7	462.4936067876458
436	351	139.08162335687527
437	33	358.8185785913383
438	201	41.95416318489679
439	119	29.64943390418746
440	183	105.13478278402906
441	133	13.340123068673925
442	137	148.88207543005024
443	319	54.10498679525212
444	207	28.890965877301458
445	363	602.8727811306264
446	103	47.958354583886816
447	171	151.1767051730317
448	78	81.11795748012429
449	0	143.403405831208
450	105	723.4655386348434
451	226	216.90909563844738
452	299	351.33428138415695
453	180	195.2722679060325
454	204	327.66613816356556
455	178	113.56039474142736
456	45	161.74196172545027
457	69	334.3654991820313
458	279	234.60988979200587
459	21	139.579767900821
460	59	54.99027832231966
461	312	38.77072542352462
462	201	66.32153351194853
463	116	300.583955047615
464	109	94.25473967061356
465	389	66.98595938512881
466	80	142.9361695785881
467	319	53.6031529085337
468	308	148.87499745156762
469	126	88.44718433371229
470	314	40.210684455804355
471	108	72.41155002389738
472	30	396.0284932844588
473	374	38.76976935374361
474	253	282.7382581137823
475	101	41.45223513979531
476	210	100.86978684266653
477	280	61.303986334385655
478	14	189.81963085508943
479	278	300.3167373744535
480	274	58.17372676138074
481	340	72.44365174817017
482	161	15.452587538988134
483	303	72.20368171792218
484	260	177.63581383092117
485	273	51.978066871419045
486	26	179.48328638861685
487	388	340.6094635843381
488	43	171.01298022544995
489	107	130.72668473775764
490	270	145.35859306859516
491	273	50.06829130798776
492	374	67.49334111067695
493	110	211.97335936990382
494	359	66.6945179707816
495	201	344.8894008382775
496	236	264.40188857394145
497	205	272.6633325314263
498	70	167.56902149477673
499	56	103.44803032662061
500	111	243.61088461426866
501	81	37.64566826520895
502	14	46.17811563141146
503	198	327.4767065818584
504	26	216.4643548124566
505	323	157.79839647186105
506	397	335.1804067887697
507	164	122.76701550332052
508	148	88.67675517870569
509	111	73.60890128063737
510	233	47.29976947443775
511	243	26.63921390621646
512	36	27.45595552547458
513	222	28.849817154087546
514	323	160.28352493740056
515	162	48.47005791849818
516	294	20.762161678181936
517	291	60.04706693617277
518	264	90.94026568251886
519	285	136.74257337735264
520	188	43.7060225703668
521	79	159.72653872693436
522	31	59.43913533581467
523	372	107.96595082006564
524	95	365.8003572102078
525	369	47.150965189582415
526	204	120.80763127989506
527	175	136.18539984468302
528	399	80.7956135467227
529	135	37.723745825066246
530	69	27.385708438253207
531	372	70.48696189576964
532	280	492.9670032978773
533	105	316.42079556826553
534	184	99.26068539738301
535	179	231.76952102783585
536	108	211.62175219499562
537	240	583.5952817597685
538	285	84.95075231396441
539	127	57.94335815825438
540	396	25.753180235977588
541	62	177.1715958422495
542	93	98.52739776149085
543	252	128.66823049074733
544	308	45.605613356604195
545	297	108.17428823875753
546	312	80.46398881611493
547	179	23.590408040387818
548	168	246.41487547274235
549	303	18.64714727001399
550	392	66.74168841475831
551	229	761.6622656564076
552	62	72.17415388485094
553	102	118.62803567473951
554	56	83.61643668045915
555	113	44.31188679103348
556	338	70.5518876750412
557	231	75.54460611634083
558	255	18.04576686885414
559	34	90.90372740778292
560	201	91.57309710956277
561	202	572.3948207832519
562	356	175.30393793426077
563	242	34.473903982766984
564	112	21.261827719023767
565	77	38.673479788222586
566	67	220.0279321386389
567	391	222.79867439455037
568	164	106.89143477342753
569	238	58.291531474835914
570	52	57.05594638978764
571	321	12.762395996262983
572	286	29.269992736497812
573	259	32.29005275892821
574	70	65.44259647390574
575	118	56.48123712350782
576	316	32.409749633675865
577	13	165.2094226061048
578	13	41.933866025863026
579	335	74.34546343246431
580	19	79.99328135889999
581	242	32.70579924824012
582	359	91.39736891630359
583	150	30.633621298285767
584	245	18.203777736660054
585	40	80.04440562741263
586	287	151.73440935477706
587	339	163.67763712809048
588	164	357.2194857339352
589	147	110.4940781264987
590	341	68.62391050958082
591	272	54.85194884711078
592	266	684.7979995531105
593	369	200.44111945653114
594	76	19.294198590413032
595	301	119.48692590981854
596	384	17.833986425992194
597	248	56.460969450211856
598	135	25.9476308218474
599	93	58.1489134535873
600	308	92.41934929888531
601	286	251.21954207660085
602	16	21.31422287365244
603	180	78.99375651682716
604	230	44.533623650380456
605	322	129.63258094020003
606	367	216.27723722421456
607	133	20.538229524288052
608	381	305.5554404723546
609	56	149.98567100106783
610	332	89.65109448658694
611	384	63.27491796424649
612	97	29.094266404539745
613	32	42.43526267214
614	130	46.61248115199782
615	350	133.37748502795694
616	204	30.91822352700478
617	203	346.61635512823693
618	374	229.98261221247287
619	99	159.92020836232564
620	158	115.92288366063572
621	201	198.18826975282514
622	143	375.9412019473492
623	142	57.13831353565629
624	210	87.56640236121343
625	210	71.18549086781468
626	6	91.08444593407471
627	258	240.80301128543485
628	375	57.76677915525533
629	37	179.37233497921568
630	0	136.99850895269935
631	111	15.277183737776912
632	141	126.20494326294255
633	380	41.38560298730601
634	396	140.2075529655415
635	71	43.9307318481138
636	236	24.66817144735361
637	77	321.1754863036438
638	48	78.02736050232167
639	180	208.99689099959772
640	47	98.47681731026954
641	47	31.213122457278942
642	72	448.1700079975221
643	175	155.4942242983552
644	348	25.667769772068468
645	109	174.4132040407639
646	314	35.386157608696756
647	61	35.53669297140818
648	201	502.72584211216736
649	219	28.549886626175372
650	38	237.43726569627918
651	285	42.049098591926956
652	204	28.285023904687083
653	314	580.7353562843405
654	384	194.73799375699872
655	13	560.2138260337425
656	55	60.485204282205736
657	273	55.983328744598545
658	264	48.2433637186402
659	264	145.42097292415082
660	179	360.0005995002191
661	197	146.22040063870443
662	111	30.657176957224603
663	314	132.80089248760737
664	368	161.57438925957993
665	346	87.83379076172139
666	88	166.48466762321397
667	43	51.89343270454655
668	12	53.087247971983174
669	340	147.7309094856207
670	52	46.05401774613647
671	393	168.46777078481344
672	304	40.72199453117123
673	280	52.365362959283964
674	75	48.55455899127231
675	168	65.43883586598139
676	91	169.63410578142907
677	62	93.98771380310151
678	293	28.80346089013934
679	160	75.79250665785113
680	133	30.34760033441681
681	229	48.18341375632998
682	77	602.13149690921
683	92	89.13442373564405
684	336	110.81590409581798
685	120	33.7217627513528
686	397	157.43070380435415
687	339	17.062081559135397
688	389	89.266753041676
689	31	68.85845748360525
690	31	149.55185713438593
691	299	70.72791425031144
692	281	34.01657554321527
693	344	197.95564461232507
694	145	134.83437923620176
695	38	67.24292227798844
696	23	48.31557815490441
697	351	177.50912463510977
698	5	167.97176225154806
699	287	121.82686780620617
700	173	11.074086614911238
701	347	29.668861397353513
702	194	85.95747786473916
703	215	49.351313565247786
704	3	113.03617177745363
705	88	149.04874496198107
706	287	46.595377004531635
707	310	272.1182450637864
708	174	180.90476900110346
709	318	148.6901287302763
710	57	55.522613660554285
711	271	245.87744051586634
712	106	195.2676621815267
713	276	55.62533667020869
714	291	45.686235447209015
715	236	221.17149863820524
716	61	329.43923377088834
717	276	118.52580893772985
718	276	46.158042261535066
719	144	134.1216537279284
720	70	22.665089314374583
721	327	216.09720848896134
722	19	39.75144284569553
723	364	21.908113038952457
724	0	188.49868672492036
725	158	20.985675074070535
726	217	53.14905157782188
727	347	501.8813909765441
728	328	16.054155312686877
729	194	33.43848980304656
730	327	76.41272303574652
731	88	173.16116850455478
732	130	41.182651669323306
733	29	132.3714374130468
734	173	71.45308020275058
735	84	57.82810841763378
736	268	60.49598698742524
737	363	39.19220711233726
738	217	111.59599318743723
739	189	102.58161374553592
740	288	20.331075273202867
741	284	115.05127493135294
742	353	34.05715846152736
743	100	54.073909253528754
744	323	19.476148915003904
745	303	128.12623145955746
746	262	73.66429336598108
747	333	386.2890792790991
748	35	80.63629548118027
749	14	361.1398024814915
750	321	46.40538006406259
751	27	199.592119132491
752	61	118.78886650330901
753	14	94.92100498833258
754	385	32.23311055321598
755	375	73.06913904780077
756	350	141.97117660681215
757	350	123.46873060272544
758	162	429.8074984060478
759	128	47.46219523873481
760	250	67.8343255583059
761	38	154.55420853210978
762	395	58.667496829782316
763	233	109.43803481236311
764	65	93.73487477427261
765	335	30.35337042829529
766	248	139.77216773573522
767	248	43.68053769759918
768	89	96.19751636736393
769	54	41.25101254890636
770	151	75.41816079003239
771	244	127.68923397202889
772	166	31.95928512307708
773	266	247.47916461300952
774	323	1140.200683710877
775	70	14.49541572961616
776	381	142.21524774143876
777	355	66.70954689561495
778	34	111.10748896704095
779	322	20.943077952837765
780	380	106.14490311275819
781	316	68.01981922710213
782	76	512.0799245061237
783	320	29.943625435713688
784	272	17.938210435978675
785	354	20.9150412693982
786	31	143.21992191569228
787	251	72.83000977401619
788	371	221.1418499777314
789	189	47.391934382415535
790	104	255.6923142582651
791	134	36.694053061739005
792	8	38.26143502481917
793	364	40.20104948739216
794	374	44.83945108454089
795	15	141.3295219017597
796	105	493.3909676408026
797	201	55.37454815565091
798	97	243.38856992885175
799	225	29.79615391388727
800	135	14.34222756845094
801	87	31.103151818564868
802	373	80.15174413369475
803	74	72.17335149295924
804	271	231.42674157732895
805	162	432.09419217540346
806	144	142.79607078677742
807	357	178.9800555557818
808	237	31.564162334114876
809	214	36.37790456428213
810	345	41.59388408465679
811	244	23.99945460798881
812	368	24.343613261207118
813	29	50.13418810431585
814	373	39.18225781767109
815	206	259.5512687841845
816	197	25.031479975222975
817	328	38.84346096113917
818	282	34.82656123874706
819	164	38.841279828863485
820	293	40.47295828289222
821	141	97.4963052121098
822	193	26.859981616228982
823	76	168.69007150338967
824	20	24.090386862344328
825	314	175.2711120186907
826	184	106.84508775342131
827	126	11.72083959616513
828	338	184.23190859281888
829	17	53.44948658555099
830	386	182.1473298540586
831	135	102.94557901388228
832	155	25.331249235181414
833	63	628.1309197832439
834	198	63.6686164864187
835	39	175.05609118939105
836	265	83.49999236245027
837	119	75.34274832406817
838	174	96.08414893848932
839	28	75.45961094205303
840	174	231.9360024337106
841	84	37.859592048921584
842	301	44.56711113529084
843	23	280.1627043667884
844	230	56.26275862774911
845	280	39.80885864180453
846	81	509.63072881278487
847	11	201.84192695699275
848	237	281.7024058294746
849	376	29.14347508227878
850	180	149.16971533369042
851	270	292.0461045490411
852	110	32.80762027149475
853	190	52.951148104847874
854	253	295.4760036689932
855	294	14.84445282606928
856	8	32.50712297792598
857	244	45.72112763340734
858	355	24.269446122252518
859	366	41.28282252224262
860	56	89.04405153107591
861	175	54.02481993466233
862	368	214.28155938800188
863	205	224.68071714252497
864	378	287.59176297887575
865	70	317.4572617786851
866	205	31.59603881552078
867	21	212.7066388621678
868	200	402.535483844894
869	117	96.63678133188934
870	304	280.5057861957793
871	57	102.90047508758221
872	1	70.08606281558023
873	99	33.62721299747295
874	328	20.37749948593347
875	7	112.52694348955296
876	169	29.953356597669558
877	165	78.05504377209944
878	239	167.64257756984074
879	347	21.91899852821606
880	213	423.2578111750362
881	227	385.36390216979186
882	386	235.79443647178547
883	180	446.54730510336987
884	199	87.83660669244207
885	239	104.55008677959604
886	88	325.25534846281874
887	101	435.08428157585263
888	97	23.31820467816506
889	19	314.2931986525255
890	291	184.63856263713532
891	140	60.43032100767455
892	374	256.23229898850303
893	390	45.90105896380013
894	12	170.69263157208562
895	156	20.459280572640154
896	42	688.8888687895217
897	62	209.81061393035222
898	293	33.46514538724666
899	221	158.3504155751742
900	64	109.20290807857518
901	199	206.5655801647024
902	87	74.64437289188736
903	65	165.4444540350724
904	223	36.81622393595735
905	19	24.92542565024798
906	283	21.16779974005765
907	286	290.92048128162605
908	185	54.201482947553124
909	244	38.7755486348874
910	391	69.76316226707077
911	59	109.48008786968278
912	248	56.81998212283838
913	248	186.09338994705456
914	53	55.30214130148702
915	150	40.36277547372997
916	253	316.2179571099255
917	70	52.372972712970125
918	387	134.0669684043741
919	126	227.68573756360703
920	294	18.298635631189136
921	214	155.76933897910817
922	267	172.46780951848578
923	42	47.29232695479282
924	183	63.83312475346549
925	329	33.00379184002969
926	209	15.108430255177616
927	221	189.30091894297124
928	139	93.6519756224926
929	354	50.96008450013438
930	149	99.54282277225504
931	347	56.50475622009237
932	57	275.2854802264896
933	177	425.06047324756145
934	59	175.71952206381755
935	240	45.02412239735676
936	163	139.21037511476777
937	73	67.81749396039518
938	167	198.73012455537392
939	265	69.87376939439028
940	311	115.46912421032256
941	359	26.661848900682124
942	14	139.9967363612142
943	199	283.6897084601055
