1	1	756.4526312594553
2	2	133.84588512815193
3	3	151.5171704141862
4	132	211.7511291001043
5	185	95.60659918027135
6	190	46.059361881250226
7	112	507.5245522755601
8	297	297.57193320026397
9	40	451.70007674752793
10	302	100.66783470508992
11	368	297.892356263879
12	265	458.026518812927
13	207	221.73956733584265
14	238	255.31357796926434
15	337	294.605596492496
16	89	44.065000036266866
17	175	140.12892335585963
18	185	16.583470936818497
19	11	126.90054890209507
20	324	107.06055172709908
21	15	99.20606340651628
22	325	412.2336478691507
23	122	238.21777198419053
24	81	183.1579068552938
25	25	365.4094624293987
26	262	63.433448691413545
27	179	71.10519480209118
28	81	306.0034659171149
29	295	191.11732153016314
30	31	50.220399814703924
31	176	123.72571522367805
32	239	120.92398485758343
33	262	115.5643587221578
34	214	17.213301885808526
35	341	26.540475389251103
36	389	18.9863274574745
37	45	19.951599119986593
38	227	162.8905315986878
39	345	105.63808270882093
40	333	126.3931664923463
41	38	55.85154975823051
42	46	216.10455462784364
43	32	39.946358995136194
44	257	88.42287078639973
45	348	93.67758910941181
46	119	31.427676112654137
47	238	162.44143937848565
48	228	190.21347264909693
49	13	69.13339443153494
50	178	914.116891669837
51	173	107.8911485420074
52	209	99.6154995127509
53	111	220.36286358210535
54	332	107.40281653906972
55	76	161.08720824427607
56	280	854.0987672088738
57	70	54.76007296492138
58	246	155.42288775932093
59	217	115.50887186576024
60	244	89.56280497291374
61	170	63.45656549410517
62	167	168.7633288568198
63	378	89.06484096814935
64	169	598.5684636079421
65	214	120.37609354939298
66	272	160.62337604739642
67	60	173.2027436041648
68	109	188.59142394899078
69	398	484.6216124934462
70	398	254.35582590482215
71	276	217.79409792433148
72	102	138.78492609993265
73	381	127.77007279355419
74	116	13.71848819572324
75	290	10.462306132177845
76	218	46.66003272301483
77	290	169.04960957081536
78	4	57.218718655373955
79	222	380.1203797259104
80	348	99.63922909767513
81	153	149.51882823536914
82	375	298.6669673261727
83	261	212.3785172771117
84	63	32.83519423038085
85	365	75.40792166906733
86	277	170.65043616585436
87	327	130.6330092712778
88	371	225.3343840074426
89	52	339.6549910798762
90	215	153.11435666285573
91	105	222.05842512182156
92	20	143.82821906736586
93	143	142.49439650803137
94	177	185.0639092534766
95	158	192.3118515282111
96	78	344.15102182074105
97	97	325.02151816112706
98	17	762.0761220062559
99	279	166.8677671939057
100	369	917.7839363763428
101	251	105.93389843046053
102	40	65.1777351150406
103	196	48.571029312666624
104	354	22.781322564804217
105	86	113.22106181299226
106	252	95.98457293426772
107	38	61.95574282651398
108	224	89.81653812771937
109	279	169.08433442981695
110	185	55.069021108001955
111	78	281.76018391824806
112	142	54.24680579387661
113	399	16.817127685172647
114	193	113.2609475806192
115	269	26.77562217902742
116	124	174.77316271420972
117	375	408.1928363653012
118	370	424.1719891787867
119	351	10.29236764873038
120	219	169.4629233615567
121	101	636.789355340297
122	266	269.5924891762623
123	22	121.54941005747366
124	54	218.39615888498747
125	190	262.4003103346793
126	130	133.76222058679056
127	39	956.7672693786012
128	128	78.00531554170776
129	359	158.3886788695192
130	271	68.36191083968056
131	125	149.4288368284467
132	271	325.1013187994091
133	208	220.81415101645268
134	92	269.6762715888105
135	172	369.5190522788819
136	139	196.24453963920118
137	374	238.21421317070653
138	399	35.75833979883783
139	117	60.381821137673846
140	104	87.73858913614505
141	252	44.59482877490335
142	131	64.83519366096903
143	263	300.77127170496533
144	65	276.76435043734136
145	355	142.61133628961267
146	231	14.417177123315032
147	195	246.12360063105308
148	67	208.00402550248714
149	110	36.677014070943784
150	298	201.04073074984143
151	314	437.19843760967626
152	131	98.86960889310195
153	394	328.756002243278
154	233	190.20631367493615
155	306	141.80593566240844
156	371	196.331929742402
157	13	150.1657596353687
158	393	91.81021851794937
159	316	111.28428920255195
160	40	80.93401705039028
161	203	275.83129014778115
162	176	116.12350903635843
163	384	97.29625079745509
164	202	144.7733614384077
165	311	89.1780942678878
166	56	40.163428136784106
167	4	63.12445526781753
168	82	406.49166331386465
169	56	133.7591057921223
170	300	230.05933146006063
171	195	99.26612116775324
172	137	612.8036126692682
173	378	455.1978521225389
174	191	930.1319571233269
175	126	351.7788060706921
176	21	460.2506105287418
177	36	126.71868196496904
178	93	134.85597786028862
179	111	451.5747192294749
180	14	398.0244550642075
181	269	671.7289670728203
182	397	318.5056681990264
183	84	346.36852194226736
184	91	165.79716589934597
185	304	311.1058586176238
186	185	401.8539565121562
187	364	278.70389089783976
188	204	162.28878311106862
189	130	92.86497533275345
190	300	219.4960731474735
191	304	333.0470037554884
192	297	157.92238689814124
193	114	187.48533169095123
194	310	238.36677658338058
195	51	391.15648503011823
196	324	225.09821422834224
197	120	491.31839125899864
198	9	244.26420181263924
199	370	185.95833070883944
200	346	275.8972068201017
201	130	131.36277698979686
202	203	277.9628585290443
203	193	200.7973985280579
204	135	419.54075924694854
205	390	197.824210880503
206	102	64.06936561536953
207	114	90.67540627785124
208	23	220.78548696622966
209	116	225.5311528340229
210	268	308.16310327872264
211	52	213.90971471039776
212	212	154.15263977112448
213	24	183.7046373003594
214	331	156.13196775854288
215	94	259.7130242880506
216	120	462.2284499558806
217	367	180.76773242994582
218	371	152.7571442296307
219	233	201.8971486604624
220	391	90.43028374758485
221	354	102.28699842089802
222	188	403.2496348067627
223	121	241.04276510163535
224	345	64.53325286022277
225	145	172.34187181210893
226	66	182.85358867269258
227	207	224.58355344139895
228	368	266.19676032066036
229	29	178.51349930340174
230	247	257.98335886674187
231	351	204.23297872073738
232	388	93.97586248511577
233	108	131.6667417312175
234	65	318.97607466282057
235	156	523.9556817425686
236	87	61.93983676252648
237	120	530.0259081032547
238	180	491.29160603645033
239	159	131.03036288627925
240	96	385.01140397552365
241	380	191.72507612671424
242	158	128.11204554980137
243	99	269.41315753290104
244	261	57.93293313436191
245	228	249.58185080891843
246	227	161.25886210942184
247	93	29.63887657527669
248	70	145.13145283904663
249	96	194.7410117353688
250	172	246.6602825909948
251	41	88.15862407840714
252	191	202.63636164485854
253	57	51.3025774200855
254	356	175.9734034630212
255	270	227.0183723752678
256	178	20.94219076635979
257	302	295.8799973231267
258	76	516.6459958534915
259	107	294.33432460262367
260	105	226.05497103476722
261	20	77.6455558897437
262	353	79.18498228764817
263	43	88.18965193648248
264	340	106.99237647450164
265	252	240.89039112349806
266	263	101.62424066636095
267	158	10.987889023747625
268	149	349.67944276034757
269	131	482.84953157417897
270	114	148.612155822489
271	385	301.4727704554548
272	371	304.1253231406497
273	166	251.50933299565827
274	99	203.99870391068015
275	99	374.15911804810975
276	77	425.82948476975247
277	272	83.95618518509507
278	357	94.09341913444517
279	22	36.99616886244229
280	337	139.43475972404042
281	279	136.04866601372134
282	135	272.9097046961753
283	243	185.99061658418796
284	337	280.8430476825057
285	212	208.99547291329625
286	205	744.8667295718591
287	234	73.99895423779911
288	199	723.0257313744743
289	1	408.4787626058951
290	252	109.8706334638727
291	83	126.04494897608164
292	197	146.16994978548408
293	149	137.38167858788117
294	371	635.5501211928712
295	246	89.0421428618678
296	123	1.9931614114995564
297	224	54.46239738074469
298	159	226.3511883597568
299	117	112.6390476065229
300	240	520.420417783166
301	198	292.1619191242968
302	54	347.2939148885857
303	36	132.98815574681313
304	130	140.69663612081976
305	365	97.67471423042579
306	106	160.7005774308022
307	372	198.10880708777225
308	263	66.40818879273174
309	131	49.12744481767665
310	204	121.32209993457079
311	103	69.54105084879718
312	319	100.95429952509475
313	82	483.3054822048135
314	217	30.39426892990677
315	225	298.1576846906095
316	83	107.75888249782912
317	389	150.27691702256826
318	18	671.0492318460382
319	374	216.46980666163776
320	153	36.36101171629302
321	329	228.46007435434421
322	34	235.14462783319203
323	250	391.38106055513947
324	238	243.25123808245237
325	265	308.2892061194238
326	135	249.42749128124794
327	252	229.78630902367206
328	375	331.9683396249405
329	348	46.48064838948243
330	196	71.78381140958625
331	66	103.84695710697677
332	326	132.77378044616034
333	272	294.24760674631113
334	67	97.49720645390722
335	165	29.81023159056034
336	24	85.18159430235212
337	153	33.05596688194122
338	185	150.00344796635602
339	314	69.66920107645187
340	278	259.7844475848727
341	252	33.3089807054868
342	2	86.90710624411378
343	315	186.4493800283217
344	350	72.88581180892588
345	91	91.09641922473884
346	395	169.59975752743924
347	338	177.3151778127203
348	66	27.85486419145988
349	77	53.84229526262189
350	341	62.496570316930615
351	214	40.32265000025179
352	144	128.6530506438198
353	274	44.1355857985182
354	212	65.61666131617847
355	122	54.843131113089186
356	87	86.69870756794676
357	359	491.6527119452183
358	205	279.81862195575457
359	276	30.61306913657211
360	110	19.287396052430594
361	114	25.48535974509824
362	157	61.072776313671156
363	118	67.49039389504615
364	233	63.47784012765996
365	166	58.01244505232293
366	341	49.127650770953075
367	185	191.64900895524048
368	362	126.04077513718855
369	107	127.45534696287437
370	77	82.0054723664791
371	146	127.82020795971044
372	146	36.3744753332865
373	128	42.83842077480207
374	91	24.168621540256986
375	273	104.72939928998265
376	248	22.334938310135268
377	146	32.86766522227013
378	108	147.87246106514596
379	179	60.71207468219552
380	151	108.81919029351526
381	321	105.78420648927933
382	106	154.83388197265523
383	175	76.94926240905556
384	98	112.08116885509271
385	389	316.39609944019526
386	312	122.14624919442467
387	280	78.21495786282917
388	130	58.051307860013246
389	22	33.39784013232516
390	115	18.643347697067863
391	241	86.29554909359247
392	168	80.16461448711811
393	220	223.47399085884
394	76	19.95550019996696
395	177	100.71031906657733
396	373	104.28312648366881
397	342	22.18705822935267
398	101	54.93572007359979
399	368	87.5220752681977
400	1	26.733554297748874
401	148	144.69102778020118
402	110	192.24586560183673
403	355	205.65262639509808
404	92	87.64966506705623
405	386	377.8175276438107
406	92	100.96292846629473
407	283	94.56287455960359
408	272	150.1118227110749
409	27	81.20153010639034
410	339	273.84209690330135
411	92	261.36283580928097
412	106	174.8519658576861
413	187	97.60793270663919
414	315	56.76328890859925
415	159	25.112210871634254
416	359	81.39018425368165
417	324	112.50607234558852
418	395	139.20437992189275
419	359	222.19894931838377
420	308	65.9565040050905
421	116	153.59074428665286
422	35	36.30543322176391
423	293	367.2633514077839
424	149	85.988218739203
425	65	88.22883514410552
426	202	73.50028016737049
427	348	298.8503475239062
428	372	149.86431830857546
429	91	114.04682741089522
430	122	128.63677595979598
431	35	195.65793889457692
432	371	252.0715966235702
433	372	188.6753521438361
434	314	69.57997936733864
435	176	184.10864774754134
436	73	94.45543617962167
437	358	30.22026743961978
438	50	36.67970354198894
439	17	20.160338203590424
440	125	45.285296261708645
441	169	80.28171553561765
442	166	14.813332307864878
443	238	164.18487675179776
444	84	79.7173443239936
445	344	13.982407223537086
446	221	15.492104203132861
447	193	122.93128370331067
448	258	95.93435241650994
449	158	192.4398107239248
450	283	173.61379401542277
451	80	274.68187257254635
452	171	101.37148439893998
453	122	52.09527409108012
454	387	26.217015269656958
455	379	175.13731349829433
456	338	163.44451172609539
457	21	79.59973702984485
458	87	143.50845183019246
459	115	30.576361893866828
460	40	34.70296194553177
461	348	52.865301472152154
462	259	172.7578042618929
463	229	123.60587803882254
464	259	40.66652349210862
465	239	118.41222471016019
466	118	57.138614046634416
467	376	32.263054190599796
468	80	80.27349585514888
469	329	73.23022212198633
470	113	122.40737529195336
471	69	192.65816565951704
472	105	201.59451987391188
473	287	166.99298410781108
474	291	343.76561290801794
475	384	380.95175425941767
476	152	266.1069667346749
477	226	129.26723851085828
478	72	103.35395297583311
479	359	270.6316261565972
480	16	225.03656303893223
481	106	111.13809310624154
482	154	156.5674730792219
483	250	329.4875006883206
484	112	207.86051631130172
485	83	133.11487356990082
486	102	67.57336278751866
487	222	88.74390974564344
488	75	65.8054797506864
489	315	57.80631760721175
490	352	52.386536965765956
491	119	88.48752027431999
492	167	47.28556703974301
493	25	108.68115489233534
494	356	37.686210392125744
495	174	41.52793256535265
496	331	305.31814276684844
497	88	77.16757385972039
498	135	206.36912888836673
499	156	39.89868868528485
500	55	29.430482777648937
501	388	147.85096742052224
502	240	76.48725794804258
503	363	19.16946222798227
504	227	138.23411688734402
505	103	67.46866658340373
506	208	100.57655040010525
507	377	106.92951980925302
508	150	225.89831626259144
509	54	117.05736526903056
510	260	147.95704410237883
511	362	221.89209169762333
512	114	110.18430547697196
513	357	95.60996587576766
514	208	233.74151916216493
515	341	358.47941033517566
516	372	78.65348184724105
517	241	117.58859561908231
518	62	95.29623270347327
519	346	107.75472878896207
520	102	171.53931506338793
521	53	133.69632022306538
522	373	43.811935695186
523	341	203.3517820521552
524	175	58.720764485126374
525	243	87.40904873425018
526	45	143.40376918466126
527	194	272.34013497393505
528	212	133.7005380009115
529	339	88.88639707528819
530	375	90.57290027080073
531	282	136.80683792573583
532	22	26.399340972493565
533	298	12.503687313401615
534	204	18.53898165616988
535	45	63.36073244098569
536	137	17.246904117628603
537	110	36.68589546175917
538	390	84.68888745714575
539	141	100.03893031117978
540	267	99.18229307234058
541	99	65.96778545281838
542	348	103.64216175135519
543	218	32.426522389538874
544	216	112.69281038484777
545	392	34.26402122591098
546	39	289.2840054904186
547	229	73.21464634700436
548	204	35.824744172466595
549	132	86.85697535129943
550	336	236.46416896632383
551	282	65.03643999677521
552	169	63.022380293876694
553	258	83.63182830599095
554	114	138.29739920185193
555	85	37.72609646899106
556	176	27.35839657516034
557	24	31.992278373910032
558	352	81.58138357619151
559	160	157.0990230175259
560	336	49.292224157698655
561	266	80.16162361030247
562	290	69.35643373668667
563	241	62.02263514895646
564	169	64.23423133595665
565	236	38.01910937443473
566	357	144.21950754533648
567	63	89.56519503126565
568	243	245.18181287168363
569	150	120.99963627430608
570	61	56.22193737217678
571	159	56.985182112468145
572	218	49.78215856302385
573	284	63.853544811953924
574	370	58.13606181947951
575	352	86.38531959632436
576	352	118.91592984290685
577	142	132.65826709647155
578	126	115.07030053179463
579	65	40.19132864405172
580	200	41.746708599856916
581	168	86.04931774624261
582	60	228.30858594999594
583	202	69.36285164746945
584	139	93.46299052728838
585	378	91.81406253094079
586	190	46.92760595775829
587	253	4.013714094070978
588	173	203.96056521563392
589	37	62.06332683256414
590	9	38.53782148708354
591	228	167.46197631455385
592	111	11.821757627114094
593	228	23.72470253963296
594	70	12.78298353824506
595	391	68.7837381444718
596	18	123.16900966959122
597	168	222.72770924384048
598	387	8.578191307703259
599	158	7.440771604938272
600	14	2.320785998897343
601	55	19.84784279644749
602	344	39.91025604699207
603	205	342.6012360875713
604	332	63.32379231053553
605	190	32.19340960717227
606	309	91.79293909344995
607	264	76.61456335239234
608	94	20.15640044147579
609	113	44.25891790869112
610	239	60.374033108347554
611	43	44.043784845868295
612	52	30.590504984733503
613	196	32.192221773749104
614	55	45.609998636207116
615	309	89.25241574521992
616	368	76.44486669999063
617	141	11.989350517166077
618	380	18.4115529382613
619	221	51.84531259587894
620	104	30.83284546615351
621	253	28.002435916712255
622	279	26.398667138982674
623	114	47.65076487320846
624	336	42.441821209223626
625	72	62.62226095017255
626	348	8.419885394317168
627	14	91.68434940574843
628	90	162.3520215453607
629	53	79.20807200086307
630	346	28.730181771797014
631	169	153.49006973480553
632	84	60.59991203886092
633	182	105.6269925936805
634	112	37.93183984545344
635	133	40.13174258739483
636	219	79.33056211357773
637	192	31.249723091154927
638	299	64.117938740469
639	140	48.17717479844445
640	123	168.31479207565707
641	280	74.2397634204129
642	296	90.54754995398147
643	57	8.556019885452091
644	295	47.44581154442954
645	341	33.57519045352279
646	318	36.264207842095146
647	310	90.20413494035684
648	1	118.37482318580236
649	181	48.538018078908806
650	80	119.44078945554375
651	304	178.84462263432823
652	161	112.38436854160297
653	332	26.69417588560699
654	130	226.80423060576604
655	384	249.6627482806005
656	109	84.13878541945863
657	379	195.77944534679273
658	311	90.8117556235504
659	289	188.09801851691577
660	21	225.37904029686402
661	91	112.81491359212525
662	86	94.47572445872275
663	50	140.3204582854651
664	320	47.83545495928618
665	320	155.54202581378743
666	58	13.238244584807683
667	397	29.703076965271702
668	191	16.596766024590455
669	47	77.79340057110838
670	223	59.579200874977964
671	118	52.086280587840214
672	138	125.56467597590007
673	26	89.78499960836821
674	141	52.507569393284555
675	119	80.28643278418402
676	172	87.4156150983502
677	338	0.9293826537053399
678	2	284.94388308368326
679	300	117.74266835578389
680	13	96.16348474842542
681	185	72.07481141192054
682	79	162.61828122333418
683	222	116.00277266365882
684	59	149.7226684879964
685	171	138.05323863215244
686	387	52.210136276805265
687	259	178.08634507153621
688	351	157.12043794785387
689	23	133.76120148886008
690	101	198.15400188011594
691	333	16.81899540491923
692	231	198.0564237890674
693	206	97.01294858858623
694	115	82.45070330595627
695	0	19.529948457390567
696	321	69.23428115339595
697	46	66.69382834862063
698	130	14.737444000289415
699	20	142.38522526202564
700	162	28.010091004938726
701	47	8.193507565265705
702	347	97.88296223340197
703	128	17.250787650188826
704	146	16.558086651486516
705	394	223.37492951306945
706	172	10.035746810455597
707	218	94.69704750538327
708	288	97.1262964990725
709	61	122.88800336114129
710	260	64.19561103791189
711	287	0.01906878135920688
712	102	41.729045943743294
713	258	80.8737520929404
714	204	14.895197127722664
715	128	115.44495363762697
716	256	110.62266186140677
717	398	131.7505135230149
718	218	22.27082415250562
719	92	66.60694721923873
720	284	127.88317564928938
721	213	74.87396090327054
722	11	50.99723833566367
723	356	57.09341418516407
724	278	80.19396178912196
725	221	14.734779222354037
726	301	28.025268165443837
727	314	86.55433481117952
728	318	37.961595705393975
729	187	79.24360177809064
730	231	25.541377768957677
731	287	40.785039873370806
732	367	152.0468351946187
733	162	20.95029924891321
734	166	36.15791492091463
735	234	183.11249263691423
736	362	82.82789746080617
737	238	79.96149428824987
738	23	48.37870049814184
739	251	208.727074595007
740	23	89.88719846484902
741	215	81.79808081463484
742	278	263.69753898040705
743	170	145.11530957013417
744	220	106.89285038470123
745	0	34.45505503415105
746	264	106.88430280294963
747	377	100.49569026937013
748	292	466.34437901073505
749	110	64.85153670842698
750	223	153.07380067618442
751	343	180.85419155509936
752	250	54.49810619979311
753	55	40.99540176172085
754	374	59.52248003790425
755	217	99.69638852910238
756	397	180.2519467815182
757	47	9.583284613406601
758	242	90.48160123674367
759	280	20.422074807927213
760	380	87.22690828671603
761	47	77.01799123003025
762	293	122.44675620894955
763	151	212.77963261058005
764	275	57.638915950556324
765	27	45.72775482985874
766	149	5.600959976316325
767	294	35.31582900450398
768	298	63.074855905755896
769	39	82.40705854441845
770	22	54.35293541782708
771	362	81.5963870300058
772	332	101.97834740980443
773	190	19.33332634509215
774	96	77.53073700861358
775	398	45.7148599865315
776	24	15.058913512858018
777	17	16.421293735242312
778	81	85.461792272956
779	127	50.368235362039194
780	182	114.17023297345098
781	250	94.01790238411307
782	56	23.775038325095004
783	168	57.544915255636184
784	318	14.09757513941868
785	128	46.4560845622384
786	185	18.879159915267337
787	96	13.138451498140249
788	5	7.935375278916338
789	145	49.497333573510915
790	283	106.84922892088396
791	256	32.020996111606294
792	46	82.05830650743145
793	100	19.418618802496894
794	248	49.47856849340316
795	180	19.398553857934132
796	210	45.03957952267348
797	43	36.495154347589214
798	333	32.91051076881006
799	160	6.967674064857357
800	340	40.69950056189305
801	168	14.39469296085563
802	105	47.63448180280505
803	149	8.656553469710763
804	37	11.544586831430534
805	243	19.66228469581545
806	238	47.965642155438815
807	159	16.675385764614475
808	11	31.837940716531953
809	351	52.586079666682025
810	351	46.32732832761004
811	366	8.438945851240291
812	233	23.760125336083163
813	126	89.68050886619535
814	100	3.449342041416584
815	328	116.88990890918596
816	350	69.04221155913058
817	383	5.8462461759206
818	176	50.2208195848486
819	191	42.28271301318834
820	164	142.90917893969993
821	239	25.8741662277458
822	152	4.708916318155907
823	278	122.09182448418805
824	79	73.13752576723182
825	32	117.91238174534925
826	293	173.16197038529916
827	54	91.55915879148586
828	277	29.860387116529168
829	201	55.639859595868835
830	304	5.381295640744038
831	76	294.3017926111209
832	212	49.47832635470552
833	348	64.02126433130483
834	45	67.41980892454228
835	190	15.344861781112636
836	162	28.233433091266484
837	361	31.055310864824538
838	260	8.572304513257444
839	117	12.300331102544487
840	221	89.62653077782005
841	160	62.080819280962544
842	65	40.51422438516758
843	277	44.89484841197543
844	383	64.16168488639426
845	349	198.32383454281722
846	372	53.58808438670667
847	179	48.99722335092151
848	341	6.330190681843302
849	319	70.41892575596832
850	362	7.08400882488201
851	345	12.93830077811668
852	157	8.0626108033241
853	21	38.1206005103847
854	165	42.36402453280672
855	262	66.46336972384788
856	40	51.006404125339536
857	131	0.009127530836946294
858	270	19.308254543437716
859	27	18.728659864042992
860	164	43.94614160045099
861	89	8.208158980309753
862	287	71.53794069277471
863	381	34.76146152975811
864	43	106.5338122660301
865	184	28.58389006160763
866	35	167.1981254849763
867	216	4.604835167572532
868	332	5.2884597028696785
869	68	35.1891731218684
870	99	5.419737324134809
871	229	127.21851044332975
872	169	68.81672202708786
873	21	96.09258481547866
874	199	53.699789185363045
875	330	137.72995096486963
876	245	59.23896330534078
877	265	102.27463388750543
878	87	111.5425349794447
879	260	142.91821034739502
880	328	101.35230679637903
881	328	96.27202340878996
882	397	46.53911403293832
883	229	21.817769249962414
884	386	22.75393422856247
885	368	39.0408608519786
886	61	85.22382593009098
887	113	97.14472401922038
888	369	26.630313304411136
889	326	13.086702947228646
890	194	126.39882287329127
891	72	17.6129402022276
892	283	92.16032701430206
893	189	19.56091587780838
894	67	106.86966125336367
895	295	136.16770750807774
896	107	53.22596585878185
897	347	9.06608222105628
898	389	102.71781294154833
899	84	15.82092953233099
900	330	45.31690455030702
901	249	44.166259685188486
902	348	62.28466861293721
903	317	16.351959821766332
904	304	39.220023073996764
905	350	30.011117360849774
906	326	41.85395362542657
907	386	3.7409130766858603
908	26	51.92901722772356
909	104	24.86300858396361
910	159	12.133619692834497
911	68	5.9531705112926625
912	39	3.959495964220671
913	114	6.388134169988792
914	359	28.876173669903917
915	3	16.740678281931384
916	344	34.41108566757814
917	105	5.861731288211687
918	50	13.243462179765224
919	262	141.83221089846623
920	310	15.27636171711869
921	152	48.897404516823876
922	59	46.697698285995926
923	321	65.35364329073909
924	40	114.88751379376242
925	275	32.14839424308449
926	176	215.79383520865485
927	85	7.532546046798646
928	137	141.48399237794175
929	262	79.76938178797637
930	322	179.56653339424446
931	129	108.77887616657412
932	102	65.80278944026546
933	280	35.872658969717975
934	46	77.49824011098684
935	162	6.809423708218934
936	282	36.96759381750617
937	223	42.33425199887376
938	135	40.13535852762534
939	344	44.096295163136894
940	242	79.44179232504864
941	337	80.4118710889259
942	153	44.77445282721944
943	311	28.795882934205032
944	351	52.43437066977602
945	93	34.58241038375111
946	137	81.88750206022452
947	83	25.54386784973003
948	369	128.96642638672265
949	309	69.87846152144432
950	369	37.209936438820904
951	165	58.48391186711421
952	217	62.565147356887465
953	228	26.756637452496637
954	261	9.742340893439676
955	127	75.02143330383595
956	129	56.774848551890926
957	258	9.358478909170884
958	287	22.940586719127246
959	145	79.83269957942717
960	19	36.028690645747716
961	376	51.35784754150902
962	130	32.08775902055364
963	175	68.2542598559513
964	50	12.074359161503967
965	200	22.947741740726876
966	297	36.923278087222265
967	358	10.435087881054484
968	117	23.28900317661878
969	80	128.52119085212107
970	204	8.667117051441643
971	399	48.39396745914849
972	293	31.40241997444422
973	158	6.29916955432099
974	313	44.49761312730736
975	130	57.75481646314612
976	340	41.082331625325956
977	232	64.18738648910615
978	227	53.975321362585305
979	182	38.91211867192184
980	318	32.364546141356385
981	358	28.36179632768125
982	76	52.80617523836589
983	201	22.928808080006227
984	187	88.2676775661011
985	221	22.02999955122049
986	4	46.984958729496505
987	149	5.855803519972235
988	138	214.87730572833567
989	162	77.68685064029539
990	351	63.194875295902044
991	297	68.3843678121969
992	123	3.680065595666595
993	40	65.70822982079986
994	250	20.94217879661688
995	249	50.60718174044606
996	70	38.94565493863182
997	220	32.15915247175265
998	250	47.324407970725495
999	399	15.895370280590361
1000	78	9.056213749989418
1001	121	50.536604692731565
1002	372	31.96428498394798
1003	395	14.160515814208694
1004	12	8.687758836324306
1005	155	33.424029519662206
1006	182	40.304257968985375
1007	182	53.15857263398316
1008	230	49.064372116917895
1009	30	83.5581537885594
1010	249	61.09599947467256
1011	169	92.25792341926785
1012	2	123.78418425407115
1013	298	102.39401528862936
1014	151	130.40166283980776
1015	139	22.280829361717217
1016	38	164.6390316366952
1017	393	58.52504420909403
1018	309	28.877240820176326
1019	371	46.6498269516832
1020	334	25.402188613231793
1021	264	54.72304620547232
1022	172	64.00616180314391
1023	136	51.98134099826022
1024	44	24.68232554196274
1025	230	82.04668905914995
1026	162	12.13166391431476
1027	240	7.2097848362589545
1028	49	210.58592624313766
1029	361	45.23535856748713
1030	210	57.54061921088245
1031	315	23.4673850923788
1032	50	26.73168544166537
1033	153	79.86198234526495
1034	128	56.46102898149829
1035	392	69.08619591099485
1036	370	48.33981614163024
1037	44	80.66823775723925
1038	142	41.234857985661236
1039	208	94.35171791279889
1040	190	38.39308200937415
1041	381	77.19961285607047
1042	81	35.23845846714923
1043	358	13.984414781161757
1044	311	40.88803896869013
1045	377	26.551417298607554
1046	363	58.1946832482188
1047	113	185.61249609194658
1048	16	84.50111286182462
1049	230	41.43876826850917
1050	100	58.63516846832875
1051	80	39.268506013691
1052	146	71.31455867578423
1053	204	24.56416150954675
1054	2	47.02946063983443
1055	55	7.565611168518943
1056	396	15.803063545204848
1057	382	43.699940154064
1058	229	24.252499613804453
1059	95	75.75315793243195
1060	146	54.395379204330254
1061	264	51.190139865367144
1062	393	26.83977201256534
1063	1	70.49335293063662
1064	1	7.758139798699571
1065	214	96.39875605088784
1066	67	35.25580336694838
1067	54	54.19196392521658
1068	308	13.089881267893658
1069	143	38.62078283901071
1070	198	35.149804153670026
1071	193	17.60070920155017
1072	185	11.608787241870255
1073	116	81.93100382245049
1074	50	126.64882277192014
1075	189	8.898512156720129
1076	104	16.383501037300263
1077	147	7.908721446103056
1078	321	38.33398979290713
1079	104	106.15721303043756
1080	4	1.4066830422824632
1081	355	15.763363197739597
1082	144	8.439103335371646
1083	90	9.976403695903775
1084	37	32.524895349876765
1085	37	24.407970696334093
1086	92	30.316259829678877
1087	88	37.79193994430738
1088	231	26.007525483071703
1089	399	84.94923166893925
1090	348	94.59651397961163
1091	299	53.12739437500586
1092	180	8.106237501517366
1093	119	48.30785813774001
1094	234	33.31811492468329
1095	371	48.663110533249096
1096	346	1.79235454323631
1097	325	26.202190609492696
1098	247	36.193464623207554
1099	150	16.02741944030458
1100	262	17.86260796313211
1101	240	84.59228062338639
1102	88	17.16965468718551
1103	197	20.807314667227462
1104	247	15.453174518087685
1105	291	39.20127682073661
1106	268	4.9089649020675825
1107	321	24.11366495088252
1108	39	10.289826096614359
1109	280	30.390280326186073
1110	357	73.15169012825085
1111	177	12.177812201696447
1112	280	15.38656427731386
1113	344	28.69655352752305
1114	317	17.16134387416787
1115	15	25.61277020315415
1116	153	5.875318510287235
1117	339	20.199000547228056
1118	72	51.134567102578345
1119	91	52.51170603761106
1120	28	21.45548751198496
1121	65	26.520582754887283
1122	176	2.5683996358874963
1123	171	2.287372296102389
1124	335	2.265983119927704
1125	398	1.9312938556223196
1126	149	57.9068313750029
1127	335	23.29873792780245
1128	188	23.03897352319147
1129	284	46.46917210577222
1130	171	0.23635165114356665
1131	324	9.611315413091958
1132	316	73.1511741603349
1133	126	32.82591376221133
1134	263	61.16127134986716
1135	59	56.578115356301645
1136	15	37.637038391502365
1137	210	35.646249356400894
1138	269	6.65572049795059
1139	112	54.25512677703805
1140	145	38.01783280100054
1141	164	8.085155868946616
1142	205	74.81051423357012
1143	340	21.812012484949868
1144	241	3.3129544694576745
1145	316	12.682657910669096
1146	258	12.265938212457788
1147	239	27.960559505266193
1148	119	9.830161620816352
1149	252	14.062866635418407
1150	10	15.900314116289191
1151	192	13.894691551397322
1152	66	44.07511147042596
1153	176	17.110107999402604
1154	322	30.556332372939
1155	104	5.200806203969357
1156	80	0.03363204283167568
1157	48	49.554324819698785
1158	268	3.1821468788711713
1159	326	22.189879502449863
1160	322	47.07054448308947
1161	227	13.968145061290874
1162	256	26.147336200678698
1163	260	42.34930812322087
1164	260	14.369684078408909
1165	26	26.2546440752844
1166	96	26.57047138435373
1167	199	24.60919552265645
1168	298	35.00800586164445
1169	66	5.021586547135342
1170	272	44.29416425520882
1171	371	16.484417799597814
1172	24	26.004933767825047
1173	265	12.228026846670797
1174	102	12.646347508820739
1175	336	19.59970873898993
1176	393	41.022216610873194
1177	232	24.245886577144255
1178	81	35.554499918147314
1179	16	25.289073838191985
1180	215	19.542443737391046
1181	336	34.91080283432179
1182	46	21.818515910998165
1183	325	55.04518844362761
1184	46	22.042271264109306
1185	118	40.804551340010654
1186	158	0.9282744684205279
1187	369	16.159851774132513
1188	343	79.70649987938384
1189	35	9.219278321304834
1190	174	14.738799613677397
1191	213	4.5801851376458425
1192	60	25.47603341969331
1193	58	14.883405086874822
1194	336	25.25497879592303
1195	358	24.434872547505783
1196	347	3.2472926774357456
1197	185	41.334123959749654
1198	197	11.320738128570964
1199	7	48.31148190997185
1200	202	11.093985109140132
1201	212	3.296431446689661
1202	111	8.379660745669813
1203	313	31.12959966299132
1204	158	13.006574316654174
1205	176	11.988689351165844
1206	290	29.44151790500067
1207	108	35.278771912813006
1208	20	17.734303110671373
1209	1	22.034467315261654
1210	2	64.35051319981093
1211	19	8.549447720835166
1212	353	11.70693129862542
1213	3	12.912682227889187
1214	88	28.87523268844501
1215	290	113.09067664280803
1216	119	4.259515212584101
1217	169	52.87002769225136
1218	238	24.349266165009176
1219	88	29.111852826841467
1220	125	48.384257440378335
1221	215	47.4490387909554
1222	135	32.02140736553449
1223	159	0.8591060986228733
1224	175	12.442432175792412
1225	225	11.540561057194989
1226	37	26.54996633741665
1227	299	18.137425446271042
1228	312	101.22653763218071
1229	224	30.728304913362404
1230	293	66.99469816716723
1231	241	36.36563555734292
1232	60	38.80528367341318
1233	266	12.166463830002415
1234	242	32.194935602259754
1235	101	0.6406395489348946
1236	169	0.18283086722898712
1237	224	6.261413528385662
1238	177	12.529280820745083
1239	188	36.98501220119048
1240	226	54.657744914478506
1241	72	12.682518096149092
1242	221	14.871417163953506
1243	262	5.366721304203492
1244	37	40.14546851198736
1245	360	33.80384920052261
1246	107	28.57507892073707
1247	155	20.161184899382686
1248	368	16.701811104949318
1249	85	13.363482895909614
1250	125	22.290232835666004
1251	358	7.8599789388032315
1252	382	16.33955898941263
1253	187	20.09205204169101
1254	231	24.869098796158664
1255	334	24.279692487836815
1256	94	6.768163235509566
1257	148	19.46313197459003
1258	380	35.15565343932763
1259	202	15.572983157836255
1260	371	10.272283614172217
1261	324	6.940650181845619
1262	145	13.816450093994284
1263	216	22.25985014978289
1264	234	4.624836912314601
1265	27	34.49896894016321
1266	42	24.140673841221936
1267	113	31.83649625760127
1268	396	20.071016372191202
1269	121	23.64711031328121
1270	178	17.76282911733964
1271	296	12.048443142856788
1272	228	14.109524302152911
1273	265	22.02568769891262
1274	253	45.22982819496178
1275	321	15.153379105016416
1276	152	18.063263615321347
1277	238	21.471796297954832
1278	219	26.355468438396862
1279	44	8.62527181709539
1280	132	37.82123812692635
1281	288	16.71096045113901
1282	192	14.05580435526142
1283	175	32.064371218527
1284	184	34.873342279576526
1285	335	13.034335220987018
1286	183	23.829149700250152
1287	325	30.305314601188773
1288	212	17.256880072778017
1289	290	23.730775568965832
1290	397	9.595388022128908
1291	270	45.98197620817599
1292	143	13.293706493759586
1293	154	7.375181346074578
1294	353	18.647994262581694
1295	71	19.837311344034827
1296	94	32.67854523391407
1297	296	26.695289176465717
1298	135	12.131971352060289
1299	107	6.6765646814087365
1300	300	15.186151226144808
1301	111	4.122757230554055
1302	2	11.307190437093194
1303	69	34.43969692077928
1304	309	4.827804343793565
1305	125	14.69731635376293
1306	269	8.069647729075719
1307	345	8.747151392852645
1308	367	15.201932325330873
1309	44	5.821842125171194
1310	268	0.23361684770004368
1311	324	45.381731047449
1312	271	7.375573948285597
1313	99	19.838678374477386
1314	283	21.846470973145433
1315	372	25.573197049856077
1316	399	21.114247595507276
1317	106	11.20932651260971
1318	286	15.527251051868594
1319	386	11.283071982673462
1320	134	6.6093924516488505
1321	70	8.976873228985458
1322	394	8.858109884651991
1323	208	7.62758541416769
1324	121	8.975973215005046
1325	265	4.492867057357458
1326	84	8.644722167965922
1327	178	6.679241633663266
1328	207	11.899988994468423
1329	4	3.973253659838929
1330	67	11.31553792440446
1331	152	5.4860829517086085
1332	14	4.469979202945823
1333	200	6.731903137090984
1334	20	7.33217940674262
1335	242	24.567682875572476
1336	42	40.13550700701215
1337	139	12.416961520672608
1338	9	10.602248021182273
1339	278	5.777575824681064
1340	291	6.210345535406162
1341	318	6.710545327705513
1342	51	6.0925480878985905
1343	275	5.275477014400435
1344	14	8.247183222979409
1345	12	4.1788847257765065
1346	286	14.164325856299513
1347	122	12.551189106115931
1348	77	9.19422557486413
1349	175	4.868490078775267
1350	109	5.675133208259021
1351	18	5.8980168005406775
1352	168	4.730180095206831
1353	32	11.286509214415682
1354	346	9.92593318002262
1355	17	17.850586596178644
1356	363	7.771036300603654
1357	145	6.9334593487806275
1358	290	11.38994147817585
1359	66	15.315409604058248
1360	373	9.685883687327653
1361	8	4.857065513488924
1362	224	3.846889696325953
1363	68	7.9063010991949385
1364	89	6.500202905608312
1365	173	9.016093781112534
1366	154	3.768429197901845
1367	322	8.708478323541431
1368	2	14.768561743133302
1369	370	7.099272531777061
1370	130	7.580853475277224
1371	303	10.043358254861936
1372	171	4.857958857635458
1373	127	7.290204083060955
1374	77	16.892130226921033
1375	17	17.56628343838281
1376	155	19.02453296473219
1377	241	7.878707076045969
1378	306	9.521563426721169
1379	362	8.487036820416817
1380	145	9.824556306927146
1381	34	7.032182170675105
1382	315	12.841522075482256
1383	392	21.224934092850035
1384	193	11.421544765068251
1385	355	9.087548055302454
1386	280	11.924265724729596
1387	41	7.640575230271736
1388	176	9.46725948337007
1389	24	9.64915029891624
1390	313	7.410610038359161
1391	3	11.75359916184138
1392	1	13.578706560423603
1393	355	16.45353400485334
1394	30	22.99428253031091
1395	291	17.80457770102108
1396	154	3.3189590385227197
1397	350	7.091788984859966
1398	10	3.045410482990533
1399	56	19.434250622315336
1400	32	13.152572753767434
1401	373	29.422069839247893
1402	340	8.22155331335183
1403	272	8.322444117766006
1404	262	22.980122516884542
1405	65	18.427333060719782
1406	378	1.1140754736301361
1407	88	42.682689793879774
1408	35	15.88349336843163
1409	355	11.335888033291846
1410	358	11.146028221937437
1411	246	46.5149285350717
1412	271	24.468436665867618
1413	145	17.112610984251074
1414	243	3.660323419081052
1415	293	21.241128192209555
1416	344	7.775622209659194
1417	384	1.6149019330160312
1418	395	1.330570219345124
1419	395	42.21946003917921
1420	141	15.729261392062398
1421	193	14.78699351610824
1422	203	15.27988260784411
1423	250	10.358457551422969
1424	156	5.336405090955318
1425	244	21.608402514374156
1426	377	16.012213111008084
1427	193	8.670205423089405
1428	263	8.131486206574714
1429	217	15.684477159177012
1430	180	4.089596742852208
1431	328	9.959089993377344
1432	208	21.425049198415252
1433	182	5.30275538493205
1434	378	31.730497656657434
1435	175	10.489341445822012
1436	13	1.5151126541201578
1437	341	18.686566875022717
1438	393	16.272295019201678
1439	78	17.482653350622158
1440	277	4.414279297874159
1441	35	7.158458105861582
1442	225	8.94710888428218
1443	186	4.22301352597377
1444	161	29.775525261573424
1445	3	6.7742210143917765
1446	188	19.010979405547882
1447	58	0.8737056327160494
1448	173	3.8853437250356215
1449	74	12.93500006219097
1450	264	2.157494423443721
1451	30	13.499596320714232
1452	170	0.06036340665873955
1453	372	2.339170963035618
1454	244	4.6814180636142435
1455	157	3.603802346759342
1456	36	1.6152325890081183
1457	379	5.017243211917659E-4
1458	89	0.6276077451940199
1459	202	6.99296699954074
1460	243	0.4021582495726817
1461	131	2.9618908842680103
1462	104	8.015057913924329
1463	397	8.841495273528587
1464	124	8.310470462930896
1465	287	4.125492502955497
1466	138	5.564603283389524
1467	316	3.436006024922376
1468	236	8.492809820496241
1469	244	16.57345678456653
1470	246	10.105052542362998
1471	89	20.852413888156047
1472	0	4.8024897633359265
1473	56	12.064356080114656
1474	294	11.472169483208063
1475	81	15.34111937828391
1476	328	3.389163253399509
1477	126	1.7546248619177232
1478	253	38.16050747066496
1479	265	13.226969671531004
1480	43	36.46664350709149
1481	79	3.8068119942995526
1482	174	0.1031726570516824
1483	325	15.787140974129137
1484	364	6.229558069176743
1485	242	1.253312371126651
1486	345	5.868162638008653
1487	87	16.75787871281976
1488	318	9.363355994855596
1489	388	7.432447795947006
1490	268	2.832907328859244
1491	153	9.61507083001128
1492	272	1.7654120471717973E-5
1493	228	6.126691856792507
1494	146	7.877637656464334
1495	302	2.6441267357524048
1496	314	12.447371535155554
1497	272	4.194560293660245
1498	178	0.3883637891199329
1499	339	8.120394100571035
1500	158	2.470819495622323
1501	46	6.266484137229324
1502	86	8.092436516601321
1503	23	16.273791372543656
1504	303	1.0327947609952464
1505	159	0.08465836761727498
1506	370	0.12042457530338325
1507	60	0.04445291845257178
1508	150	7.478713806817733
1509	20	14.194424575877118
1510	210	0.08353669304477813
1511	252	3.178096285625474
1512	82	15.929137523674942
1513	274	6.479468275710753
1514	48	10.112372620869253
1515	147	0.6399999999999997
1516	186	8.347716669794425
1517	44	7.455327160833617
1518	338	16.346254704593953
1519	136	3.742082074141575
1520	60	0.014510351350763987
1521	12	0.3715523136057445
1522	44	11.686352016173686
1523	71	2.402693605823254
1524	77	5.171891728570804
1525	14	0.23418686224489824
1526	42	0.022349662705735008
1527	0	12.043226102952703
1528	276	8.350917926933159
1529	124	12.517895651384066
1530	86	14.176002975374892
1531	31	8.218607155232739
1532	35	4.272159298480377
1533	341	0.006921003298484291
1534	338	30.061552520536637
1535	345	6.698854941419365
1536	280	2.7650274301123456
1537	137	4.128306746357243
1538	117	0.34767897154024424
1539	65	15.77445735146374
1540	95	19.036243734995857
1541	172	0.7248409165017256
1542	193	2.330330335909631
1543	81	0.13921499488393402
1544	316	8.44189715167339
1545	331	7.439705681430356
1546	286	7.259741328674207
1547	312	3.0662220635798603
1548	247	9.07912049861496
1549	17	6.458618917014195
1550	69	1.2478052238079975
1551	356	6.939154244469709
1552	143	9.44216328340901
1553	137	8.166536993566346
1554	204	2.897040259648194
1555	328	11.400449674334403
1556	252	7.60840662677433
1557	389	6.73806976302918
1558	396	21.8936577271387
1559	148	3.619274241522903
1560	176	9.560361798059056
1561	93	8.490190249702735
1562	94	6.390784
1563	15	4.246224823892086
1564	318	8.1543817315855
1565	184	4.0417751736111125
1566	133	7.8032105656764355
1567	254	6.390784
1568	102	6.138911567838562
1569	154	3.161284
1570	158	5.105041829832681
1571	293	8.757146647536874
1572	218	9.444950073979697
1573	183	7.275604759653674
1574	393	7.000977107549322
1575	276	6.8179075104942575
1576	321	6.455415215889116
1577	192	5.066861404062255
1578	125	7.0787068262207935
1579	193	6.029282682652927
1580	172	5.190504363640339
1581	374	5.575895111111112
1582	304	5.35877981693787
1583	214	6.717581645993662
1584	306	6.225474189772342
1585	324	5.986673281432329
1586	290	6.898689397460896
1587	90	6.661979547114683
1588	372	6.72775652097925
1589	176	8.763623676061217
1590	207	10.19057060265749
1591	141	12.818302278912938
1592	331	11.061740945864425
1593	316	0.0793381045183012
1594	153	2.880725499951534
1595	108	2.1663165047549486
1596	247	2.9985208259463185
1597	349	9.908038401501903
1598	204	17.79118731144905
1599	337	1.7330814834489843
1600	22	4.2843980417397605
1601	168	7.165917159763312
1602	399	1.3111606558689723
1603	62	0.03783242660441322
1604	106	1.7533211549502368
1605	229	4.248423222093594
1606	118	1.4751751867093423
1607	279	4.024942426327957
1608	167	7.5016607441816685
1609	114	10.811011294734943
1610	388	5.619852975417053
1611	74	0.5327985986872867
1612	366	12.417147750257357
1613	155	0.8051492399696355
1614	307	0.8462797428339525
1615	319	12.18453469404545
1616	166	0.7328867759123339
1617	193	10.634865687027144
1618	67	9.350960434833313
1619	131	0.3590695476692495
1620	5	10.824709001827856
1621	267	8.705072033733522
1622	338	11.576142118928786
1623	243	0.5221305879316152
1624	192	1.2985397512168746
1625	396	0.3445941826485313
1626	297	5.979690169704912
1627	319	0.009467582861631732
1628	33	7.974121946831546
1629	313	2.0283766987486738
1630	370	0.08942434331078228
1631	324	0.5253972595325996
1632	369	0.0035704964394586503
1633	129	0.1252433524824061
1634	150	2.6134367163216874
1635	97	0.326725197697547
1636	30	0.5740739460373274
1637	180	0.026966791618608182
1638	316	0.5823993990470244
1639	301	3.89782813469726
1640	220	0.015625
1641	94	0.19055604741288062
1642	71	2.681130782480687
1643	86	6.985973704232099
1644	145	8.052299680697512
1645	228	0.4148233266302787
1646	358	0.2163495108917457
1647	229	0.08972993263533814
1648	309	2.0760599535825617
1649	112	0.15887328782007712
1650	307	0.08310967626123014
1651	181	1.1658735093458747
1652	61	13.175800097168263
1653	57	2.3223814508827525
1654	103	4.904527375040116
1655	268	2.5452650061362903
1656	384	5.315277653386877
1657	384	0.030841430422191694
1658	31	3.0469541895886687
1659	112	5.772257867043671
1660	102	2.2769922755778453
1661	32	4.941681610578728
1662	82	4.962822911560623
1663	108	1.7774094727301102
1664	278	7.411130774861079
1665	217	2.164736483931947
1666	102	2.1858739131069655
1667	271	0.1629810877798471
1668	381	0.004653736257790579
1669	86	1.4755016585472316
1670	177	0.20877869822485173
1671	116	8.13608393522486
1672	291	3.419481404819641
1673	23	0.2275936725053992
1674	316	0.03135503775686369
1675	333	0.4938531532949733
1676	163	2.766313641925711
1677	265	0.28195486038433853
1678	350	6.5238332582503435
1679	258	0.33267851364150636
1680	380	1.109017961398963
1681	210	0.394157385946068
1682	199	0.08779082095978792
