1	0	3.6455698464661297
2	11	9.296637290991114
3	5	16.688814696156868
4	12	11.131501570346973
5	5	7.427208235996375
6	4	3.035274153264713
7	12	3.511689109209725
8	4	11.775779450383617
9	12	8.899124027099266
10	12	7.594712588610731
11	19	4.2798400327367085
12	12	11.202454034752394
13	5	4.4139073173626
14	12	7.9582465621147955
15	1	12.98524159218601
16	12	11.057508789430091
17	13	13.039637639226052
18	12	3.512056595724793
19	14	5.454096320922345
20	5	12.918760671008432
21	5	10.708217497165526
22	1	9.068887751003025
23	7	5.240987083829982
24	12	12.124596279935101
25	12	6.894320158549921
26	5	5.51919469853056
27	5	9.305184603044983
28	7	6.326222398645335
29	10	5.783175284129143
30	10	8.794670663283377
31	12	11.509917699462566
32	5	9.132552169178364
33	11	5.886960596793015
34	12	12.131145635043382
35	5	10.768358014396458
36	16	10.191178345511409
37	12	9.907408953432359
38	12	8.660846437997932
39	12	8.776383239457523
40	5	14.903902921500585
41	4	8.640525298522117
42	12	5.064112226346418
43	11	5.6070948058400925
44	4	6.702756756489948
45	11	10.829296333453712
46	12	10.059111366306658
47	11	7.695780683705694
48	10	11.787167389240238
49	5	11.116335476324018
50	7	12.049224840272766
51	11	11.017030519692723
52	12	10.536090533614013
53	12	8.146137983287886
54	7	14.435041052621434
55	2	12.403423513978858
56	16	4.3683446662181185
57	19	8.73394829925374
58	12	6.475120953648053
59	12	2.8786064237042712
60	12	5.37177185892843
61	1	10.702632425521836
62	2	4.564441464381956
63	1	7.528537145893271
64	3	5.209595491398691
65	12	6.764005518005402
66	4	11.561406503457414
67	7	7.964256090321788
68	1	13.918084312338706
69	12	11.96134957265982
70	14	4.944097568818783
71	12	9.575298412422331
72	12	6.507407956182973
73	12	11.295845038377903
74	3	6.82418259877471
75	1	8.870576863125219
76	9	8.868258679118792
77	8	12.094507580024967
78	2	12.795893780020327
79	12	14.03095111011397
80	12	11.956265274086906
81	19	10.534577051808926
82	5	5.780430208886438
83	8	4.22207647348948
84	12	7.499275891648054
85	14	3.568403990783309
86	5	11.495291733940947
87	11	4.454119840935585
88	12	9.571980338761941
89	12	9.086484772482219
90	12	7.862976187756685
91	12	7.822282029235254
92	5	3.0354275700287014
93	13	11.00899709206562
94	18	3.5312882743232605
95	17	4.0162084658611805
96	12	14.459333996955994
97	12	14.094948866777719
98	10	13.905878378247092
99	7	6.567390404806455
100	2	10.190989419437084
101	5	12.466435755484989
102	5	11.377860557531049
103	3	10.439523017199637
104	5	10.482624596261653
105	11	9.14608179061439
106	11	6.962892364727232
107	5	10.599035492328237
108	15	9.901434009354348
109	2	4.492323631652783
110	5	4.839067667947932
111	4	11.751311388471544
112	12	12.078606686424552
113	12	12.430109605615932
114	8	7.884347380980261
115	12	9.881648597284261
116	5	7.642607286473801
117	12	6.660832391100333
118	12	15.130033794190322
119	12	5.586540372365042
120	8	6.490018538694583
121	12	9.369235883564611
122	12	6.841473240080835
123	10	8.382679306240686
124	14	10.027382945219454
125	15	6.882438441359488
126	17	13.842269727648315
127	12	11.791670895212249
128	10	5.354458881022478
129	5	16.243445040377466
130	12	4.4139812219905705
131	12	14.283012631577346
132	10	8.194861524667777
133	5	12.389162480671718
134	12	9.829052355596414
135	5	7.948274249508365
136	12	12.129964680701459
137	12	14.005156774666286
138	12	11.165807001054626
139	12	7.213340908430677
140	14	9.34843826281276
141	13	8.037459076209034
142	12	14.253174631804963
143	18	9.695423493865915
144	11	2.7892503112493614
145	2	3.7258727633530704
146	11	11.992184147152729
147	12	9.80443192603325
148	4	14.993115141252133
149	5	11.808334653536395
150	12	11.084095353582311
151	12	4.339485228215082
152	12	13.723742504081327
153	2	15.071477989342426
154	12	10.04354541126169
155	5	10.553420580408437
156	7	9.499537828396246
157	12	10.818385374976256
158	12	5.302668448564637
159	0	6.955522406042916
160	12	6.898274610428495
161	5	14.509532492227173
162	18	4.650104499972618
163	5	10.245110880799409
164	12	10.366607192858275
165	12	11.832951651562333
166	11	10.409193233755845
167	3	15.262606190724973
168	5	14.462973479361919
169	12	10.745020030448515
170	11	13.34645195600896
171	18	6.720799885216998
172	2	5.876352050226508
173	12	10.688104323178933
174	11	5.528804137980866
175	12	12.431151254115507
176	16	11.635014476218526
177	10	6.299981262107863
178	12	4.707957168447713
179	5	18.170766787659414
180	12	14.264103789855454
181	5	33.85493379575989
182	12	13.086918090981351
183	5	7.961117117856788
184	16	2.4902331514415543
185	12	6.831911987498129
186	9	9.227154772898643
187	12	8.971997409018428
188	12	5.8804091387749295
189	12	5.820298622480152
190	2	9.054363968393123
191	0	9.885566969653846
192	11	11.55225216806318
193	1	8.98497001642494
194	5	5.099203105405364
195	5	7.848614707456191
196	19	13.595645362266279
197	3	9.252429296851895
198	13	4.63269091418316
199	5	16.574767370360117
200	12	4.330051880978938
201	5	4.111877330202979
202	1	12.281134071660812
203	15	11.523258239751748
204	19	14.666114882873153
205	5	8.155595820786864
206	5	24.068337555673416
207	1	4.441099384151375
208	12	9.13533273068106
209	2	10.964942937404208
210	12	7.094485598268793
211	5	10.800651681047846
212	12	11.558427259982873
213	12	8.662325349681439
214	12	5.268700446097968
215	10	5.286221177225595
216	12	5.298278107143112
217	1	14.789048635331863
218	19	8.02807431181284
219	12	14.948881657620227
220	12	8.790652896132787
221	18	4.909629803859449
222	5	4.803559870172625
223	5	9.552707686004158
224	5	8.534074912854678
225	12	12.746700051264938
226	12	8.211244129958
227	9	7.2336285186681994
228	2	11.67056506631327
229	5	18.922457856763856
230	12	6.116980812522961
231	11	7.336891050246063
232	11	8.654684069947638
233	12	10.828504408843228
234	5	3.06457250850183
235	12	7.075060586211991
236	19	5.704354236281074
237	12	8.005887338491823
238	2	3.4665018322012897
239	12	12.111822336639396
240	10	11.934414429084839
241	2	8.152387053368768
242	12	9.156935277724717
243	10	7.437943264791025
244	7	4.437235057405934
245	2	7.897143858973404
246	5	7.23889169789489
247	12	8.210751350744411
248	8	9.397894748298942
249	12	8.198486936327333
250	11	8.903871609839188
251	12	11.626534334297151
252	12	8.466108758469215
253	12	8.00798951525291
254	5	4.476148023783158
255	5	14.775751130220007
256	12	5.076808620472141
257	12	9.943451225361787
258	8	11.719688189268116
259	12	7.918095854930703
260	0	14.622185684218962
261	12	13.280298592480332
262	5	4.784264832586077
263	12	6.819497244730007
264	12	9.168347755889162
265	2	11.78228141614198
266	5	10.128261498595164
267	12	5.274342640193149
268	5	5.89155508342963
269	5	5.335665455748519
270	12	12.038115061761472
271	4	2.601132191785444
272	12	16.11728975660074
273	12	7.779497381579743
274	12	9.973825132025624
275	5	4.305075256755201
276	14	2.726676940559706
277	0	9.622848341799155
278	12	10.543898179445119
279	2	3.9898906598929944
280	6	4.392831988280001
281	1	11.155277675112629
282	3	6.178473041760234
283	12	9.442039305502664
284	3	10.537927575316072
285	12	7.364425862419467
286	10	4.339196932121515
287	12	10.869375378088222
288	11	14.310480805378972
289	5	11.055678020696703
290	13	5.954830555823147
291	16	4.744392600295015
292	12	8.778400867711854
293	5	5.618460104989288
294	2	3.7851025307237376
295	12	8.206571723753129
296	12	9.502077052525742
297	3	3.866924983477721
298	12	7.105168619345541
299	0	4.062100891523774
300	12	7.442018753580184
301	17	3.616292118717028
302	5	15.300167235067368
303	2	3.5010292434128627
304	17	11.707195210018586
305	15	4.772619954881655
306	12	12.802974297593096
307	4	6.773259441421444
308	11	3.0531292124082405
309	10	11.578048771613592
310	12	16.528110474505482
311	12	3.002058266405741
312	12	10.694235288133434
313	7	4.376764594638844
314	10	5.768627512348121
315	12	9.034488420493613
316	17	12.897927106512036
317	7	8.458190534138755
318	12	6.226593782637173
319	3	4.935775261399995
320	12	5.049596779602561
321	11	4.821341574539208
322	12	12.397243453734022
323	16	7.598893168709617
324	12	12.875590595546745
325	13	6.091953501976006
326	13	5.866540368073199
327	2	3.5157981006884915
328	17	2.7241632628908103
329	9	6.6375529652894
330	12	13.311945355843498
331	16	9.158205786166565
332	12	6.566403642654727
333	12	5.280369237750875
334	14	3.365285331564725
335	19	9.12998587661859
336	5	8.202267928877252
337	12	9.791336088014276
338	12	6.780438969951377
339	12	5.353034970873793
340	12	13.644645347991421
341	12	11.498116503512067
342	19	7.652066483466341
343	12	3.9805991390325883
344	4	6.108617980616721
345	16	3.714078455140557
346	1	3.802860557539016
347	11	5.639525913547319
348	12	5.20259414435153
349	13	10.908134996897122
350	12	12.91909777664568
351	12	10.83926864115023
352	12	13.995254498084137
353	1	11.795030716789674
354	12	5.342795651312977
355	12	6.1985260900469425
356	3	10.650067989804914
357	12	9.469322187715088
358	12	13.572888998798422
359	12	6.24050369732895
360	12	6.967354935071214
361	12	7.891643100754885
362	11	20.252576412536243
363	5	4.481327152522482
364	8	9.36018880493574
365	2	11.882836447162086
366	12	12.895130884255437
367	12	8.240576406321031
368	13	8.480233362116726
369	12	10.316578733014206
370	12	6.311163087751302
371	12	10.430942519075485
372	12	9.970388148097296
373	12	4.796139006129465
374	1	5.998082120018342
375	7	8.318995868899467
376	4	5.442803181596657
377	3	9.389239860850937
378	2	3.080125275980576
379	12	5.923454291901818
380	5	4.433214295811439
381	11	6.321241967246351
382	4	11.769864739407172
383	12	12.168971567568818
384	12	6.4392072835811645
385	1	4.333647350801697
386	12	7.524134574603271
387	13	5.21199252641092
388	12	10.442174975402656
389	7	3.617114412865515
390	12	15.51297337397894
391	12	6.809583691056782
392	12	10.425789426156891
393	13	2.512108108527922
394	12	5.357898715223106
395	12	15.318729914721544
396	17	7.945111525232583
397	12	6.555956472577472
398	11	4.017815396139411
399	5	5.047464024170598
400	19	9.246115690808848
401	5	6.415530792419361
402	12	9.658501650625452
403	3	13.322206512157235
404	1	8.2437260860313
405	5	26.860615926529782
406	3	2.6171796486786634
407	6	4.326009545448613
408	3	8.327279395451797
409	4	4.719340874180134
410	5	10.11242118761154
411	12	8.3572632664405
412	12	5.275417249117432
413	12	11.685055899034298
414	12	12.157872685564822
415	12	9.790459077205702
416	12	3.8168403802875193
417	13	3.8273957852311575
418	5	14.114032749801634
419	12	12.364726735534065
420	12	10.627901753793587
421	11	11.092371911790158
422	6	5.427899825788323
423	4	7.1611596037674765
424	15	14.632424687453728
425	5	6.047352341805272
426	12	4.00070568868219
427	12	12.956770131211233
428	12	8.00906362378686
429	13	3.0368244335223062
430	11	7.569616555141674
431	17	5.238407726574835
432	10	7.003305506331188
433	10	11.235773459649106
434	12	14.227098832677127
435	1	3.3310918992017924
436	12	4.598790679006774
437	6	3.815515031089007
438	12	9.068835291158468
439	12	7.62290529206448
440	12	16.317133340384014
441	12	8.746732508300875
442	5	6.205276631848289
443	13	13.638557472192643
444	11	9.233415396289121
445	5	23.393214647885138
446	5	9.712324193049318
447	11	5.807307694411177
448	13	19.0370888266176
449	12	12.174394746551506
450	12	2.824094251931267
451	5	10.787702018264033
452	14	5.080460380004016
453	5	4.789311690125636
454	5	5.963258776890611
455	9	3.662682526740526
456	15	3.7713846148815673
457	12	4.686680426490448
458	12	6.199220218655009
459	2	7.065550978237186
460	9	7.302664799508474
461	1	11.482381133493949
462	12	13.966857300712896
463	5	11.075923460538455
464	12	7.907722652634962
465	9	5.923294937551127
466	9	7.0135221491559445
467	11	8.781282662090494
468	12	7.085795970480929
469	12	12.322067932260264
470	19	7.079101911825671
471	5	19.3882938881255
472	12	9.263782485418321
473	12	8.909712748581017
474	12	5.959322244774848
475	12	13.85196628988974
476	17	8.374906790399429
477	12	10.079064222103998
478	2	6.769237600646238
479	15	6.054252210642233
480	11	7.263433323143509
481	12	10.912789020504473
482	7	8.847052433015886
483	5	7.00239883017394
484	12	6.680406634729163
485	5	10.455338429606062
486	2	4.969566942199993
487	7	4.300417522528741
488	2	3.3145452314903148
489	11	7.256770220131411
490	5	15.504064817800394
491	12	11.463442355120796
492	7	10.122258024484417
493	12	5.149726242958337
494	12	10.986098980060785
495	12	4.82591145605925
496	5	9.496831670946172
497	1	3.650831087286318
498	13	4.942107613064254
499	12	6.6816409090668
500	2	5.191632868090783
501	12	6.106639014743164
502	5	10.699998587973603
503	12	7.993538676750912
504	19	3.0227495947560534
505	2	6.4059798700258845
506	0	4.456249943618528
507	12	17.590792060748214
508	10	9.158608327452534
509	5	13.913322033785503
510	5	15.645076107005426
511	4	10.842713861732525
512	12	8.577133252085769
513	12	7.0649163713086285
514	12	3.24087491296951
515	5	10.12921941463318
516	12	9.351008425830111
517	2	15.79319039517833
518	19	14.650541821642788
519	12	18.116957526898883
520	11	10.870308572777812
521	5	4.517052766180785
522	12	8.870293970781114
523	12	10.668895637552216
524	4	4.029338398779269
525	2	7.377307655442379
526	5	9.945957559389313
527	12	6.542239693611774
528	12	6.358456047718857
529	12	7.653153375859342
530	12	8.707571464252442
531	11	20.229454195101617
532	12	6.517700434408994
533	13	3.5824439538504467
534	12	7.462539924814788
535	12	4.412950882597421
536	12	3.9014563677439824
537	5	6.502012782717766
538	15	6.922172139006619
539	12	8.347441397995809
540	12	3.962312109340665
541	16	6.433581147825993
542	19	6.829705267078762
543	3	3.0460384188341196
544	5	17.2772285457548
545	3	4.977127067913333
546	12	8.35586915744748
547	12	10.342644492165492
548	10	5.884802784922204
549	12	9.073744990902547
550	7	16.0867427379874
551	12	4.6514611874763325
552	5	4.523475835121779
553	12	9.397992982215209
554	18	5.431098136627483
555	12	9.655088173363525
556	12	13.307864008457345
557	10	9.362641160461575
558	12	8.406673188088064
559	0	9.295469792962642
560	15	6.935400528478546
561	5	4.143178250209859
562	14	13.573189159193808
563	12	12.633653918888157
564	2	7.307345046251492
565	12	12.587792440897505
566	19	6.821889327909274
567	12	6.692012369065778
568	15	6.595625033949425
569	9	8.973813256365338
570	5	10.77666294630583
571	0	7.013613314116705
572	4	8.60092952226919
573	12	6.832185895922722
574	8	11.664334170920474
575	5	17.860837580570806
576	16	8.744149906586431
577	12	4.255227168206151
578	5	13.845188590943934
579	17	8.957893895751946
580	11	8.134659774743728
581	12	10.654240851672592
582	2	11.802302553276999
583	12	11.551892663643308
584	10	6.156990838627033
585	12	6.965007442432759
586	1	4.286487779413514
587	1	7.811182494678052
588	10	5.6481815400806745
589	2	14.536626858496096
590	10	11.03235274299454
591	11	7.805562180455999
592	12	5.18969490190962
593	14	6.015598571211714
594	17	8.408402682637309
595	2	8.679835243402573
596	8	6.507328383416587
597	10	10.951272989952066
598	11	11.104442301791444
599	12	8.568254642716814
600	3	7.524949417858367
601	5	6.179436764168049
602	12	8.085209321282788
603	11	10.928057623404687
604	5	12.80783736847301
605	10	8.773490802464027
606	12	5.1172313861515235
607	12	7.805324768800299
608	7	4.8159789845030225
609	1	20.968900258028143
610	16	12.067123018071712
611	12	10.459642308524614
612	5	8.087306872684504
613	12	10.392834494928534
614	5	9.014918242895279
615	12	5.952131289764809
616	11	6.987645266313903
617	5	13.907234186405447
618	1	5.604571582347271
619	16	10.591437554763282
620	12	6.205244636786766
621	0	4.8413569466198005
622	2	2.2973763813180073
623	3	10.27033177728562
624	0	5.313320785337501
625	15	4.3280575552544835
626	5	17.385327947019487
627	5	5.039135936257475
628	12	12.478804511546004
629	12	6.948003239695118
630	17	6.320868316402825
631	5	10.187839205874852
632	10	7.7169701810695255
633	13	7.954043906822266
634	9	5.619949721959483
635	5	11.724919754704498
636	12	11.515856080986683
637	5	15.075341632012123
638	8	9.726208503970017
639	5	8.88433898763651
640	12	10.863425407323552
641	12	9.742011891710845
642	16	4.16740998909872
643	7	4.943119704143026
644	12	8.448959764667435
645	12	6.657863499838667
646	5	8.105640535778116
647	12	5.99553479896771
648	1	5.480806768007753
649	10	6.7518451892490905
650	1	2.4780860532979885
651	5	9.864696577922222
652	2	11.278586196470926
653	5	9.792158552294207
654	10	5.447885959817176
655	5	5.508982932286536
656	5	11.890499884802239
657	8	10.848661396556283
658	4	10.018631583323826
659	19	5.871977551431352
660	5	12.163181628887152
661	12	4.361762400745818
662	0	7.552961923891061
663	18	5.2490039155697605
664	10	5.661091417227754
665	8	4.930090983519618
666	4	3.50827817058752
667	12	12.264317752574232
668	15	9.471719459448302
669	16	9.457597279674413
670	12	15.272418495012865
671	8	7.076722763415768
672	3	9.869075006742808
673	12	9.89756947103302
674	19	12.15449745993078
675	12	16.199837975026757
676	7	12.691951099702582
677	16	11.971740567648755
678	2	11.331683825165955
679	10	7.95899657152629
680	12	10.570872611606099
681	5	10.055938852522786
682	5	3.6651767518852365
683	5	9.17005785984014
684	0	7.406715814617971
685	5	16.43064303027094
686	12	16.0817964807088
687	2	9.401568793183714
688	12	15.148913581148085
689	10	12.30162029328647
690	5	8.730057070752153
691	12	10.831739765278737
692	2	9.081284484587792
693	1	6.702637834959062
694	12	7.033492088680552
695	15	10.441884230139157
696	12	13.30997088654334
697	12	12.115679879674694
698	5	11.460880143337983
699	5	4.3903202796427365
700	15	7.202792108799576
701	12	8.26060915136922
702	5	20.979508689131425
703	16	13.786000554860093
704	12	7.359549500234237
705	10	7.028433769114898
706	3	12.34095323949764
707	2	4.383737900833399
708	1	8.076945366454947
709	18	4.954757360910753
710	10	5.960340122896465
711	12	2.8670491409096073
712	12	3.044601886867546
713	5	7.0049988489683805
714	16	9.935265336926046
715	2	5.195390901144051
716	12	4.886004144623662
717	10	9.67449003807381
718	17	10.718698099123376
719	13	10.703230889370605
720	12	8.495452425650836
721	18	4.450698915897956
722	16	7.871289021536485
723	1	5.081503679577832
724	5	21.919864166317673
725	12	10.067578225431468
726	2	12.216434164278155
727	5	4.98420767677884
728	3	7.924798211698982
729	5	12.8554928118802
730	13	11.257031759597266
731	13	11.641264194518389
732	12	14.838232487801827
733	5	7.249200159433986
734	19	7.7877523938743
735	13	9.851553479222213
736	5	14.34930415375341
737	12	9.45029711222237
738	11	3.8800093080342557
739	12	12.710772449016627
740	8	7.320098083048635
741	15	5.150581980796595
742	4	12.358819827874399
743	9	13.150883883847483
744	10	6.829591940007839
745	5	13.025443741536721
746	18	9.461956732930231
747	12	5.304811396393413
748	7	5.3449469996122705
749	0	3.563268218679899
750	13	10.55270583936774
751	15	4.590317506518984
752	2	7.537401830459359
753	17	10.666700222960452
754	17	9.041424498983567
755	5	13.718746852122782
756	5	8.12450188363129
757	2	3.841981709809415
758	12	3.4970864452432298
759	12	10.498786210711827
760	1	10.739126886989272
761	1	16.04828541310793
762	5	11.805790886865687
763	7	5.586909693741565
764	7	5.239709647168408
765	12	8.96831893631914
766	13	4.469180735575455
767	12	10.47079649040576
768	1	12.367352376920236
769	5	11.9238562040572
770	12	11.664229101851092
771	3	12.298627258330626
772	12	7.7047422909796355
773	5	5.49432650027045
774	5	22.269695623050325
775	12	6.160865301166094
776	13	7.583466407106336
777	12	16.275028998892775
778	1	11.385090999715914
779	12	10.918771419165292
780	10	6.801805444155708
781	12	14.745677450632819
782	5	8.537643584961135
783	12	8.488990768004136
784	12	7.611409970919537
785	16	6.598127339028723
786	12	6.0147747129269735
787	5	7.93352919868229
788	13	4.522744908145478
789	11	13.579081656687361
790	5	4.874278854929359
791	12	12.77478305669149
792	1	10.61129433116728
793	8	7.637004518391484
794	12	11.058369242373864
795	5	5.720215626076341
796	16	2.9684128936605267
797	5	12.004303908706254
798	5	5.044548028784828
799	12	9.678245399629581
800	12	7.363851203609488
801	12	12.219734211718265
802	6	5.039953977613717
803	5	12.98416022337847
804	11	2.8151110084942434
805	13	5.449693628874842
806	7	3.7369784964964428
807	12	4.478096946394116
808	12	9.868964962694047
809	10	12.42337147305992
810	12	9.417643263495588
811	12	9.660424750839416
812	15	9.524208646097714
813	5	21.105324193489782
814	5	7.6404101708200125
815	10	4.46136909932944
816	12	11.222821226014865
817	3	9.6106677625796
818	12	12.14625075181679
819	12	7.907758021410729
820	5	12.654019935504786
821	12	11.29210408600223
822	5	6.2246383508150895
823	12	4.702811779351331
824	5	8.779294313564552
825	19	7.530980882575583
826	12	7.694448356559158
827	5	6.151931526793284
828	5	6.716035355486268
829	3	7.47514251037186
830	10	5.958352352748117
831	8	10.86315979526943
832	5	7.840834790035361
833	5	5.878006817443583
834	12	8.662409711429248
835	12	9.323868505324944
836	7	14.932446984696254
837	5	15.5992219091748
838	12	7.57677416756805
839	5	10.510152826207197
840	12	6.00493014882829
841	12	9.032877733294663
842	11	10.246079428829988
843	5	9.07398942865992
844	2	5.818069116625603
845	5	9.40356644696566
846	12	3.417784772349214
847	5	5.459162624347826
848	12	10.210689263575862
849	12	13.65427092557244
850	12	18.96820249273684
851	14	5.57880887422896
852	2	9.07423600735066
853	1	10.15331580621871
854	1	4.525762808547791
855	5	3.992624762953361
856	0	10.79005318283218
857	17	15.032878319203155
858	1	10.012247961076277
859	12	10.346065658811408
860	2	6.826303459817002
861	12	9.435110653007772
862	12	10.771890965789108
863	1	10.772993488010432
864	12	4.392167533733874
865	5	21.06585579173107
866	5	13.159416965439508
867	12	11.890920792171878
868	5	8.919377267180838
869	5	17.136386468785133
870	19	4.980993627463456
871	3	5.870689863276404
872	2	6.919037406469112
873	5	14.25621004694166
874	12	7.005369933105841
875	12	8.227721658402515
876	12	7.168615163542744
877	12	8.564498088489882
878	1	5.485712466033515
879	0	8.571948344856233
880	17	3.5935114704416518
881	2	3.7689668363983024
882	12	5.492404187570715
883	12	4.377536671082368
884	12	8.830606026037618
885	1	6.498985064614119
886	2	5.25361700154112
887	12	8.643973568008494
888	12	5.695314153294591
889	17	3.185327900281451
890	12	6.000639073708269
891	12	8.203427363575415
892	12	5.863541331061945
893	1	8.834790419614256
894	10	3.3301557570642237
895	12	10.554346723613733
896	5	4.495164864314418
897	12	6.406839175546292
898	12	10.893525515554101
899	3	4.23055394398937
900	5	14.74794530988268
901	12	6.583848397841903
902	2	9.210050981088822
903	12	6.110502359602756
904	12	9.715823218769291
905	16	8.31031901897345
906	11	7.063066760667681
907	12	14.335358054256199
908	0	6.455004444350278
909	12	10.329266574760833
910	1	7.438917430689475
911	12	6.054534675841368
912	10	11.42129791071594
913	6	6.63909006360008
914	5	12.158122577889928
915	5	7.815657225293414
916	13	3.391737506741503
917	0	15.590978083486092
918	13	6.308158634575984
919	19	4.589390540371151
920	5	7.399376488501931
921	13	11.52430213487984
922	2	7.6920961505548
923	12	7.756511474485498
924	12	7.511173719235189
925	1	6.6563067462867895
926	5	6.7901140426591855
927	0	7.252100558395757
928	12	12.582425894293458
929	12	11.485548086679543
930	5	9.93713957052604
931	12	7.396209079007658
932	12	4.615084833301455
933	5	11.082604578941739
934	4	5.837375170091812
935	12	9.2109581588696
936	11	7.096891013568131
937	11	13.519814315579794
938	5	10.767676137509742
939	12	12.832686926508575
940	17	6.487719476217074
941	12	9.364480019391058
942	12	9.706330035693233
943	3	4.976012208520379
