0	0	3.473684210526316
0	1	3.4106280193236715
0	2	3.6782608695652175
0	3	3.639810426540284
0	4	3.5146198830409356
0	5	3.6346153846153846
0	6	3.6863905325443787
0	7	3.588957055214724
0	8	3.588
0	9	3.580952380952381
0	10	3.6971153846153846
0	11	3.608695652173913
0	12	3.5491329479768785
0	13	3.7837837837837838
0	14	3.5531914893617023
0	15	3.6937799043062203
0	16	3.6864864864864866
0	17	3.6484848484848484
0	18	3.487562189054726
0	19	3.460674157303371
1	0	3.1796875
1	1	3.116279069767442
1	2	3.15625
1	3	3.2339622641509433
1	4	3.3895131086142323
1	5	3.261904761904762
1	6	3.1780821917808217
1	7	3.28515625
1	8	3.2899022801302933
1	9	3.2418032786885247
1	10	3.3359375
1	11	3.1527777777777777
1	12	3.3559322033898304
1	13	3.336
1	14	3.3253968253968256
1	15	3.3408360128617365
1	16	3.377431906614786
1	17	3.315175097276265
1	18	3.2181818181818183
1	19	3.2015810276679844
2	0	3.3846153846153846
2	1	3.4049586776859506
2	2	3.488095238095238
2	3	3.3056768558951966
2	4	3.4079601990049753
2	5	3.309417040358744
2	6	3.169724770642202
2	7	3.3497942386831276
2	8	3.4832826747720365
2	9	3.2892561983471076
2	10	3.4274509803921567
2	11	3.4290657439446366
2	12	3.4401709401709404
2	13	3.4978540772532187
2	14	3.235294117647059
2	15	3.43205574912892
2	16	3.491596638655462
2	17	3.397129186602871
2	18	3.3667953667953667
2	19	3.409282700421941
3	0	3.4144144144144146
3	1	3.614503816793893
3	2	3.508532423208191
3	3	3.6902985074626864
3	4	3.524390243902439
3	5	3.443137254901961
3	6	3.479338842975207
3	7	3.724907063197026
3	8	3.5768115942028986
3	9	3.4857142857142858
3	10	3.5606060606060606
3	11	3.457627118644068
3	12	3.570281124497992
3	13	3.636
3	14	3.653386454183267
3	15	3.6816608996539792
3	16	3.8449612403100777
3	17	3.4612244897959186
3	18	3.5466101694915255
3	19	3.3360655737704916
4	0	3.6350710900473935
4	1	3.4721030042918457
4	2	3.6028880866425994
4	3	3.7268722466960353
4	4	3.55609756097561
4	5	3.465811965811966
4	6	3.5454545454545454
4	7	3.6991150442477876
4	8	3.6416938110749184
4	9	3.7007874015748032
4	10	3.635593220338983
4	11	3.5487364620938626
4	12	3.6206896551724137
4	13	3.7467811158798283
4	14	3.8046511627906976
4	15	3.6929460580912865
4	16	3.657258064516129
4	17	3.5765765765765765
4	18	3.6743295019157087
4	19	3.4712041884816753
5	0	3.0864197530864197
5	1	3.130111524163569
5	2	3.2108843537414966
5	3	3.2526690391459074
5	4	3.067873303167421
5	5	3.125
5	6	3.059071729957806
5	7	3.1750972762645913
5	8	3.2085714285714286
5	9	3.226950354609929
5	10	3.2639405204460967
5	11	3.0955414012738856
5	12	3.276
5	13	3.227450980392157
5	14	3.2023809523809526
5	15	3.2751677852348995
5	16	3.265625
5	17	3.16600790513834
5	18	3.3093525179856114
5	19	3.028225806451613
6	0	3.3656387665198237
6	1	3.5285171102661597
6	2	3.512280701754386
6	3	3.5234375
6	4	3.512396694214876
6	5	3.543726235741445
6	6	3.360869565217391
6	7	3.6175298804780875
6	8	3.4804469273743015
6	9	3.4477611940298507
6	10	3.4296296296296296
6	11	3.535211267605634
6	12	3.4836065573770494
6	13	3.6483516483516483
6	14	3.570212765957447
6	15	3.569811320754717
6	16	3.6394052044609664
6	17	3.532188841201717
6	18	3.541176470588235
6	19	3.5477178423236513
7	0	3.6007604562737643
7	1	3.6433566433566433
7	2	3.6815286624203822
7	3	3.679310344827586
7	4	3.7196969696969697
7	5	3.6113074204946995
7	6	3.4390243902439024
7	7	3.797202797202797
7	8	3.7625
7	9	3.6333333333333333
7	10	3.670175438596491
7	11	3.636085626911315
7	12	3.58364312267658
7	13	3.7509025270758123
7	14	3.7327935222672064
7	15	3.567656765676568
7	16	3.7508650519031144
7	17	3.6897959183673468
7	18	3.661073825503356
7	19	3.610294117647059
8	0	3.465686274509804
8	1	3.564655172413793
8	2	3.6185185185185187
8	3	3.6188679245283017
8	4	3.5981308411214954
8	5	3.465587044534413
8	6	3.5402843601895735
8	7	3.504166666666667
8	8	3.574324324324324
8	9	3.5180722891566263
8	10	3.679324894514768
8	11	3.5239852398523985
8	12	3.52073732718894
8	13	3.5530973451327434
8	14	3.719665271966527
8	15	3.596774193548387
8	16	3.609442060085837
8	17	3.5217391304347827
8	18	3.5364963503649633
8	19	3.473684210526316
9	0	3.415
9	1	3.3733333333333335
9	2	3.5614754098360657
9	3	3.5045454545454544
9	4	3.5851063829787235
9	5	3.3721973094170403
9	6	3.4414893617021276
9	7	3.65
9	8	3.403636363636364
9	9	3.486111111111111
9	10	3.517948717948718
9	11	3.557768924302789
9	12	3.6
9	13	3.580188679245283
9	14	3.4764150943396226
9	15	3.517391304347826
9	16	3.6067961165048543
9	17	3.5294117647058822
9	18	3.4798387096774195
9	19	3.441860465116279
10	0	3.660287081339713
10	1	3.6679841897233203
10	2	3.7364620938628157
10	3	3.7615658362989324
10	4	3.6058091286307055
10	5	3.5770750988142295
10	6	3.6731707317073172
10	7	3.8085106382978724
10	8	3.684887459807074
10	9	3.57429718875502
10	10	3.6284584980237153
10	11	3.572463768115942
10	12	3.8
10	13	3.6946564885496183
10	14	3.6980392156862747
10	15	3.652329749103943
10	16	3.7510373443983402
10	17	3.7729257641921397
10	18	3.7418032786885247
10	19	3.7787234042553193
11	0	3.5989583333333335
11	1	3.546728971962617
11	2	3.7429718875502007
11	3	3.7535545023696684
11	4	3.6912442396313363
11	5	3.654028436018957
11	6	3.6844660194174756
11	7	3.6634615384615383
11	8	3.5546875
11	9	3.795918367346939
11	10	3.809090909090909
11	11	3.5982532751091703
11	12	3.7641509433962264
11	13	3.8864864864864863
11	14	3.6
11	15	3.654008438818565
11	16	3.7788461538461537
11	17	3.6884422110552766
11	18	3.7259615384615383
11	19	3.541436464088398
12	0	3.663551401869159
12	1	3.7869565217391306
12	2	3.8368200836820083
12	3	3.8540772532188843
12	4	3.866359447004608
12	5	3.6050420168067228
12	6	3.7948717948717947
12	7	3.8828828828828827
12	8	3.8408304498269894
12	9	3.8457943925233646
12	10	3.8564814814814814
12	11	3.7940074906367043
12	12	3.8256880733944953
12	13	4.005128205128205
12	14	3.813852813852814
12	15	3.825278810408922
12	16	3.8099547511312215
12	17	3.876923076923077
12	18	3.840909090909091
12	19	3.9491525423728815
13	0	3.239043824701195
13	1	3.1535433070866143
13	2	3.338815789473684
13	3	3.532608695652174
13	4	3.4099616858237547
13	5	3.2627737226277373
13	6	3.282258064516129
13	7	3.3551724137931034
13	8	3.2953216374269005
13	9	3.4160305343511452
13	10	3.3962962962962964
13	11	3.2315436241610738
13	12	3.4307692307692306
13	13	3.3615384615384616
13	14	3.492248062015504
13	15	3.494773519163763
13	16	3.3726937269372694
13	17	3.406716417910448
13	18	3.3586206896551722
13	19	3.404669260700389
14	0	3.452830188679245
14	1	3.42258064516129
14	2	3.5329512893982806
14	3	3.507645259938838
14	4	3.5536332179930796
14	5	3.4171597633136095
14	6	3.4166666666666665
14	7	3.606779661016949
14	8	3.503778337531486
14	9	3.434375
14	10	3.52442996742671
14	11	3.4906166219839143
14	12	3.5
14	13	3.54
14	14	3.4767025089605736
14	15	3.57183908045977
14	16	3.529595015576324
14	17	3.5286624203821657
14	18	3.5359477124183005
14	19	3.537037037037037
15	0	3.3857142857142857
15	1	3.4008620689655173
15	2	3.4317343173431736
15	3	3.596638655462185
15	4	3.4292035398230087
15	5	3.3293172690763053
15	6	3.3737864077669903
15	7	3.5822784810126582
15	8	3.4394463667820068
15	9	3.4017467248908297
15	10	3.596244131455399
15	11	3.490566037735849
15	12	3.4324324324324325
15	13	3.5308641975308643
15	14	3.6350710900473935
15	15	3.4979757085020244
15	16	3.497777777777778
15	17	3.5118483412322274
15	18	3.4595744680851066
15	19	3.5142857142857142
16	0	3.548262548262548
16	1	3.648936170212766
16	2	3.6245847176079735
16	3	3.594155844155844
16	4	3.6818181818181817
16	5	3.49609375
16	6	3.49438202247191
16	7	3.7705479452054793
16	8	3.5198863636363638
16	9	3.5473684210526315
16	10	3.6838235294117645
16	11	3.5695364238410594
16	12	3.5923076923076924
16	13	3.6273062730627306
16	14	3.5703703703703704
16	15	3.5258064516129033
16	16	3.7049808429118776
16	17	3.508130081300813
16	18	3.6586206896551725
16	19	3.4738805970149254
17	0	3.364485981308411
17	1	3.4794520547945207
17	2	3.5354330708661417
17	3	3.4788135593220337
17	4	3.4630541871921183
17	5	3.3656716417910446
17	6	3.347826086956522
17	7	3.4935064935064934
17	8	3.4880239520958085
17	9	3.4217391304347826
17	10	3.408333333333333
17	11	3.4568345323741005
17	12	3.423469387755102
17	13	3.520361990950226
17	14	3.58128078817734
17	15	3.606177606177606
17	16	3.642857142857143
17	17	3.634259259259259
17	18	3.467811158798283
17	19	3.471502590673575
18	0	3.433628318584071
18	1	3.51931330472103
18	2	3.597122302158273
18	3	3.592334494773519
18	4	3.532520325203252
18	5	3.4785992217898833
18	6	3.527918781725888
18	7	3.7130434782608694
18	8	3.6266233766233764
18	9	3.57088122605364
18	10	3.6066945606694563
18	11	3.5644599303135887
18	12	3.717948717948718
18	13	3.7630522088353415
18	14	3.623481781376518
18	15	3.5813148788927336
18	16	3.7116104868913857
18	17	3.589519650655022
18	18	3.6929133858267718
18	19	3.6384976525821595
19	0	3.5045045045045047
19	1	3.6
19	2	3.588235294117647
19	3	3.7186147186147185
19	4	3.450892857142857
19	5	3.6127659574468085
19	6	3.5344827586206895
19	7	3.67704280155642
19	8	3.5477707006369426
19	9	3.6255506607929515
19	10	3.50390625
19	11	3.555956678700361
19	12	3.5811965811965814
19	13	3.6547619047619047
19	14	3.5371900826446283
19	15	3.6006944444444446
19	16	3.707112970711297
19	17	3.6781115879828326
19	18	3.658536585365854
19	19	3.5114155251141552
