0	0	2.751269035532995
0	1	2.9069767441860463
0	2	4.069444444444445
0	3	3.851063829787234
0	4	3.490566037735849
0	5	3.4488636363636362
0	6	3.608695652173913
0	7	3.6555555555555554
0	8	3.75
0	9	2.9215686274509802
0	10	4.020833333333333
0	11	3.5
0	12	3.40625
0	13	4.028436018957346
0	14	3.1735537190082646
0	15	3.782608695652174
0	16	4.128089887640449
0	17	2.911111111111111
0	18	3.020408163265306
0	19	2.7205882352941178
1	0	2.630952380952381
1	1	2.8645833333333335
1	2	3.1456953642384105
1	3	3.136
1	4	3.6470588235294117
1	5	2.9184549356223175
1	6	2.7601078167115904
1	7	3.461864406779661
1	8	3.2992700729927007
1	9	2.7364864864864864
1	10	3.5972850678733033
1	11	2.854368932038835
1	12	3.2987012987012987
1	13	3.6
1	14	3.062222222222222
1	15	3.1702127659574466
1	16	3.7144373673036095
1	17	3.2795698924731185
1	18	3.141304347826087
1	19	2.834319526627219
2	0	2.836236933797909
2	1	3.2149122807017543
2	2	3.5235849056603774
2	3	3.4960629921259843
2	4	3.507042253521127
2	5	2.945091514143095
2	6	2.7566037735849056
2	7	3.632911392405063
2	8	3.5294117647058822
2	9	2.7951807228915664
2	10	3.6278195488721803
2	11	3.373134328358209
2	12	3.435185185185185
2	13	3.7610759493670884
2	14	2.8428184281842817
2	15	3.491228070175439
2	16	3.899641577060932
2	17	3.596638655462185
2	18	3.5517241379310347
2	19	3.190677966101695
3	0	2.713636363636364
3	1	3.90625
3	2	3.5657894736842106
3	3	3.7058823529411766
3	4	3.191780821917808
3	5	3.0497237569060776
3	6	3.0272727272727273
3	7	3.9
3	8	3.5538461538461537
3	9	2.980392156862745
3	10	3.582608695652174
3	11	3.0425531914893615
3	12	3.6176470588235294
3	13	3.536231884057971
3	14	3.6588235294117646
3	15	3.85
3	16	4.137521222410866
3	17	3.159090909090909
3	18	3.3666666666666667
3	19	2.707865168539326
4	0	3.2872340425531914
4	1	2.926470588235294
4	2	3.472972972972973
4	3	4.030927835051546
4	4	3.3492063492063493
4	5	2.5272727272727273
4	6	3.0096153846153846
4	7	3.9095238095238094
4	8	3.372549019607843
4	9	4.277777777777778
4	10	3.5245901639344264
4	11	3.4516129032258065
4	12	3.8285714285714287
4	13	4.022950819672131
4	14	3.857142857142857
4	15	3.5
4	16	3.945588235294118
4	17	2.8333333333333335
4	18	3.54
4	19	2.8392857142857144
5	0	2.338957055214724
5	1	2.545576407506702
5	2	3.1231884057971016
5	3	3.2658227848101267
5	4	2.9554140127388533
5	5	2.4069135802469135
5	6	2.4066478076379068
5	7	3.316508937960042
5	8	3.031413612565445
5	9	2.4779050736497545
5	10	3.1671826625387
5	11	2.6569506726457397
5	12	2.90032154340836
5	13	3.2900478978179883
5	14	2.691079812206573
5	15	3.078212290502793
5	16	3.4977142857142858
5	17	2.683371298405467
5	18	3.023936170212766
5	19	2.4540295119182747
6	0	2.9702970297029703
6	1	3.0294117647058822
6	2	3.0294117647058822
6	3	3.6875
6	4	2.84
6	5	3.1492537313432836
6	6	3.234375
6	7	3.8541666666666665
6	8	3.0869565217391304
6	9	2.9655172413793105
6	10	2.980769230769231
6	11	3.8125
6	12	2.75
6	13	4.008403361344538
6	14	4.0625
6	15	3.2
6	16	3.9390243902439024
6	17	3.7916666666666665
6	18	3.9285714285714284
6	19	3.5555555555555554
7	0	3.076923076923077
7	1	3.1566265060240966
7	2	3.4
7	3	4.041666666666667
7	4	3.783333333333333
7	5	3.242574257425743
7	6	2.8379888268156424
7	7	4.012195121951219
7	8	3.7464788732394365
7	9	3.108695652173913
7	10	3.7857142857142856
7	11	3.0961538461538463
7	12	3.5813953488372094
7	13	3.947019867549669
7	14	3.2718446601941746
7	15	2.888888888888889
7	16	4.1797583081570995
7	17	3.7580645161290325
7	18	3.6153846153846154
7	19	3.3636363636363638
8	0	2.7341772151898733
8	1	3.088235294117647
8	2	3.702127659574468
8	3	4.411764705882353
8	4	4.0
8	5	3.0531914893617023
8	6	3.759259259259259
8	7	2.5
8	8	3.1379310344827585
8	9	3.0833333333333335
8	10	4.127659574468085
8	11	2.6315789473684212
8	12	4.0
8	13	3.318681318681319
8	14	4.090909090909091
8	15	3.6923076923076925
8	16	3.9166666666666665
8	17	3.25
8	18	3.6666666666666665
8	19	3.4642857142857144
9	0	3.175
9	1	2.9411764705882355
9	2	3.6923076923076925
9	3	3.4705882352941178
9	4	3.7083333333333335
9	5	2.8666666666666667
9	6	3.7966101694915255
9	7	3.8947368421052633
9	8	2.6818181818181817
9	9	2.6153846153846154
9	10	3.2
9	11	3.0
9	12	3.3636363636363638
9	13	3.635593220338983
9	14	3.0
9	15	3.642857142857143
9	16	4.013333333333334
9	17	4.25
9	18	2.9444444444444446
9	19	2.8
10	0	3.0638297872340425
10	1	3.4473684210526314
10	2	3.888198757763975
10	3	4.114583333333333
10	4	3.5813953488372094
10	5	3.227758007117438
10	6	3.447004608294931
10	7	4.185929648241206
10	8	3.5806451612903225
10	9	2.725
10	10	3.6187845303867405
10	11	3.1911764705882355
10	12	4.12962962962963
10	13	3.661800486618005
10	14	3.611111111111111
10	15	3.5681818181818183
10	16	4.127090301003345
10	17	3.9411764705882355
10	18	3.3026315789473686
10	19	3.7672413793103448
11	0	3.1879194630872485
11	1	3.0704225352112675
11	2	3.795918367346939
11	3	3.9019607843137254
11	4	3.92
11	5	3.4248554913294798
11	6	3.2564102564102564
11	7	3.7554585152838427
11	8	3.3225806451612905
11	9	3.6049382716049383
11	10	4.055555555555555
11	11	3.073170731707317
11	12	3.8461538461538463
11	13	4.006134969325154
11	14	3.21505376344086
11	15	3.7222222222222223
11	16	4.112936344969199
11	17	3.375
11	18	3.880952380952381
11	19	3.0153846153846153
12	0	3.419765166340509
12	1	3.6610703043022035
12	2	4.023166023166024
12	3	4.178894472361809
12	4	3.9712140175219024
12	5	3.5918279569892473
12	6	3.5453474676089516
12	7	4.22739981360671
12	8	3.840909090909091
12	9	3.6118210862619806
12	10	4.0815671162491975
12	11	3.6531007751937983
12	12	3.9762845849802373
12	13	4.141392904073587
12	14	3.825068870523416
12	15	3.9785407725321886
12	16	4.31168673233613
12	17	3.927364864864865
12	18	3.933530280649926
12	19	3.595435684647303
13	0	2.75
13	1	2.918918918918919
13	2	3.5611510791366907
13	3	3.787878787878788
13	4	3.2524271844660193
13	5	2.9205955334987594
13	6	2.941896024464832
13	7	3.6408163265306124
13	8	3.211864406779661
13	9	3.099099099099099
13	10	3.5776699029126213
13	11	2.8932038834951457
13	12	3.348314606741573
13	13	3.4934210526315788
13	14	3.3824884792626726
13	15	3.275
13	16	3.743693239152371
13	17	3.6526315789473682
13	18	3.4886363636363638
13	19	2.980769230769231
14	0	2.79874213836478
14	1	2.9078947368421053
14	2	3.8275862068965516
14	3	3.9242424242424243
14	4	3.7551020408163267
14	5	2.8238993710691824
14	6	3.163793103448276
14	7	4.0578512396694215
14	8	3.7777777777777777
14	9	2.462962962962963
14	10	3.644230769230769
14	11	3.1666666666666665
14	12	3.736842105263158
14	13	3.8134715025906734
14	14	2.7916666666666665
14	15	3.9523809523809526
14	16	3.9535452322738385
14	17	3.341463414634146
14	18	3.9791666666666665
14	19	3.6779661016949152
15	0	2.8636363636363638
15	1	3.0
15	2	3.425925925925926
15	3	3.784313725490196
15	4	3.302325581395349
15	5	2.6910569105691056
15	6	2.6951219512195124
15	7	4.044642857142857
15	8	3.4081632653061225
15	9	2.625
15	10	3.86046511627907
15	11	3.5
15	12	2.675675675675676
15	13	3.465
15	14	3.5974025974025974
15	15	2.5833333333333335
15	16	3.8430493273542603
15	17	3.0384615384615383
15	18	3.8666666666666667
15	19	3.58974358974359
16	0	3.542452830188679
16	1	3.4285714285714284
16	2	3.9072164948453607
16	3	3.4705882352941178
16	4	3.7580645161290325
16	5	3.45679012345679
16	6	3.237623762376238
16	7	4.117647058823529
16	8	3.6166666666666667
16	9	2.86046511627907
16	10	4.0
16	11	3.2711864406779663
16	12	3.658536585365854
16	13	3.8085106382978724
16	14	3.127659574468085
16	15	2.772727272727273
16	16	4.0582329317269075
16	17	3.36
16	18	4.022222222222222
16	19	2.9224137931034484
17	0	2.7704918032786887
17	1	3.1710526315789473
17	2	3.8734177215189876
17	3	3.6739130434782608
17	4	3.7096774193548385
17	5	2.875598086124402
17	6	3.3466666666666667
17	7	3.519607843137255
17	8	3.6545454545454548
17	9	2.888888888888889
17	10	3.3394495412844036
17	11	3.2857142857142856
17	12	2.942857142857143
17	13	3.832618025751073
17	14	3.55045871559633
17	15	3.6315789473684212
17	16	3.9538784067085953
17	17	3.843137254901961
17	18	3.590909090909091
17	19	2.567901234567901
18	0	2.875
18	1	3.1956521739130435
18	2	3.792452830188679
18	3	3.8620689655172415
18	4	3.6129032258064515
18	5	3.040983606557377
18	6	3.077777777777778
18	7	4.195652173913044
18	8	3.8
18	9	2.925
18	10	3.7586206896551726
18	11	3.8333333333333335
18	12	4.038461538461538
18	13	4.03125
18	14	3.3548387096774195
18	15	3.5
18	16	4.158102766798419
18	17	4.076923076923077
18	18	3.8
18	19	3.024390243902439
19	0	2.7323232323232323
19	1	3.1648351648351647
19	2	3.902173913043478
19	3	4.08955223880597
19	4	2.9375
19	5	3.5355191256830603
19	6	3.297872340425532
19	7	4.026315789473684
19	8	3.3048780487804876
19	9	3.727272727272727
19	10	3.1621621621621623
19	11	3.024390243902439
19	12	3.4186046511627906
19	13	3.8275862068965516
19	14	3.056
19	15	3.3870967741935485
19	16	3.9035433070866143
19	17	3.744186046511628
19	18	4.018867924528302
19	19	2.888888888888889
