1	1	702.0348190858293
2	2	136.37718277322554
3	3	156.53550790256878
4	132	206.4855028241098
5	185	93.56819421601404
6	190	45.24046338987074
7	112	479.88971982472924
8	297	278.92401217746703
9	40	419.94960889677833
10	302	96.93976139486622
11	368	284.20900588835804
12	265	409.02490117944626
13	207	233.17496785002382
14	238	240.14510973783555
15	337	294.5577674524603
16	89	44.90793867047269
17	175	145.7835867712938
18	185	16.777360162593887
19	11	118.2057855869825
20	324	112.42052400887093
21	15	103.79282280973027
22	325	376.4028210441315
23	122	218.89068345010267
24	81	181.01358883951696
25	25	351.4596263221865
26	262	67.70567692686436
27	179	73.49883563317901
28	81	278.19906585267677
29	295	207.47275141027734
30	31	45.664998566104984
31	176	126.9343345762508
32	239	112.88406200884569
33	262	120.97255238566757
34	214	18.34925794445067
35	341	28.419914999607315
36	389	20.837147606481224
37	45	21.979909755555646
38	227	172.56389772958005
39	345	106.12996751662499
40	333	138.8155282381613
41	38	57.48839984482093
42	46	205.72843597473275
43	32	41.84870803985223
44	257	92.02282253310138
45	348	86.14790157387003
46	119	29.41433197602154
47	238	159.53538937834642
48	228	175.47501732765411
49	13	69.80834185633312
50	178	834.3997114476259
51	173	110.33615751229736
52	209	93.66075379763464
53	111	224.88643638307332
54	332	118.8292916889413
55	76	168.59581736203083
56	280	794.1022561408903
57	70	52.833560515600034
58	246	148.34423796694713
59	217	108.60520521932597
60	244	84.30655761724509
61	170	60.430374953787116
62	167	179.11044845341073
63	378	96.35715213315109
64	169	539.8667135969582
65	214	121.44647162660506
66	272	164.99543126856875
67	60	181.19260755064687
68	109	182.29370520533482
69	398	462.26172284057714
70	398	244.60766330815804
71	276	222.6934694681966
72	102	143.31707529982785
73	381	121.45098066754402
74	116	14.378140586802147
75	290	11.011901057836813
76	218	49.909051114534016
77	290	176.59129720718983
78	4	60.18056533129901
79	222	348.9415980334118
80	348	108.56261132142947
81	153	155.10171262352662
82	375	291.3740558059126
83	261	192.32806184360066
84	63	35.91503508574131
85	365	79.35453037127229
86	277	163.21521205251722
87	327	130.81929694134217
88	371	221.38837932325524
89	52	313.3681618385647
90	215	162.88279734984013
91	105	211.34326173893828
92	20	134.68497985631333
93	143	145.62064422730808
94	177	194.95959044641413
95	158	189.62003133432066
96	78	330.2811170115364
97	97	314.5444282873947
98	17	702.806199144749
99	279	158.3812891065628
100	369	842.7209407360181
101	251	107.32003393820654
102	40	67.35264427159863
103	196	52.04249805157248
104	354	24.54897360956585
105	86	124.17628870674007
106	252	104.02973766383528
107	38	61.214161287949004
108	224	93.36400500854423
109	279	170.07129325633193
110	185	58.33390490706431
111	78	296.5601636104413
112	142	58.52554707986131
113	399	15.315993843556148
114	193	103.27598701665049
115	269	26.002969565673823
116	124	166.85835709190587
117	375	398.4578100279547
118	370	449.05228577811505
119	351	9.44829769970086
120	219	184.91932687134317
121	101	617.7592592890642
122	266	293.4201302159479
123	22	125.15402666157335
124	54	201.49455423899764
125	190	256.2902893487116
126	130	127.96911411475119
127	39	882.3021695638661
128	128	76.64910203014998
129	359	148.09537715313172
130	271	73.96902837053595
131	125	140.97956884749163
132	271	297.9406813117576
133	208	211.98797499446707
134	92	243.79229537286898
135	172	349.2643100622382
136	139	180.02079517681432
137	374	226.2173418697974
138	399	36.88186325501536
139	117	64.38307096577708
140	104	88.88070578698128
141	252	45.75570829962439
142	131	66.59330428514134
143	263	303.3270396050141
144	65	258.5034895067458
145	355	154.7160260011703
146	231	15.380742585391014
147	195	242.35237700166994
148	67	225.78130504456433
149	110	38.03470859511525
150	298	194.0069116397101
151	314	428.21710207327504
152	131	93.56509440392406
153	394	309.23551113488054
154	233	183.27451308172607
155	306	146.20938299968887
156	371	180.8871007984747
157	13	143.9185497998408
158	393	99.44289342776842
159	316	121.20949528050308
160	40	79.40715630283817
161	203	288.77727414878524
162	176	120.09914848558329
163	384	95.26888602217987
164	202	148.7762061901443
165	311	80.93524998650287
166	56	37.777479083318774
167	4	65.84364701782184
168	82	381.74799899202503
169	56	120.93670444672938
170	300	209.5549968798147
171	195	93.3156358350083
172	137	565.2009148271113
173	378	423.93815949806566
174	191	859.5456357924498
175	126	332.1877564982071
176	21	425.0196198174194
177	36	121.09288060557596
178	93	120.59318143018072
179	111	426.1076789217926
180	14	369.7280289604303
181	269	615.3764262656805
182	397	298.3928358713209
183	84	321.8768337654452
184	91	164.9276831447989
185	304	287.2980072637593
186	185	373.3217604454866
187	364	255.9535990249268
188	204	160.50496924519416
189	130	86.46444704593594
190	300	199.39634834567318
191	304	302.1767117408028
192	297	146.11579118614415
193	114	171.34605682462143
194	310	218.28991313615353
195	51	364.27123566933597
196	324	217.86623217656842
197	120	451.32868783373317
198	9	225.30952242135805
199	370	170.56800407499367
200	346	258.5880880360759
201	130	131.53888822482676
202	203	279.6257028579602
203	193	189.22478267283154
204	135	393.23279705669813
205	390	186.0943839590379
206	102	64.2961345675725
207	114	85.09426074170018
208	23	207.2735939902855
209	116	215.67494978680594
210	268	289.0931739249187
211	52	202.45283989007754
212	212	157.61549711651904
213	24	169.57478373850762
214	331	162.9813965041413
215	94	252.16086300139094
216	120	423.94034771670727
217	367	193.30927535369383
218	371	151.9982241619873
219	233	208.25169518253844
220	391	88.87072096522408
221	354	99.34266919223755
222	188	382.2936205525967
223	121	219.03626308097273
224	345	61.81273934471472
225	145	185.43793895430846
226	66	189.44300930611897
227	207	238.18716055906413
228	368	253.69056496395837
229	29	179.2091942125411
230	247	266.84626302760825
231	351	222.1988182008014
232	388	96.37908739913553
233	108	132.12967125952164
234	65	303.87949075206683
235	156	569.3049442072044
236	87	62.775519596222985
237	120	491.72950931852523
238	180	456.2295035422647
239	159	129.89459747183696
240	96	411.68519202551124
241	380	181.72084034703394
242	158	122.18378522262253
243	99	291.4611576939921
244	261	61.11574456246636
245	228	260.50162109086045
246	227	154.2907531809571
247	93	31.23901076919356
248	70	148.151966860447
249	96	206.04910514542823
250	172	248.45987477448227
251	41	81.0348069414905
252	191	208.3241590400865
253	57	50.260947173526155
254	356	190.43877532142739
255	270	239.019151249364
256	178	21.130318183244395
257	302	288.2566529521549
258	76	531.3611052453301
259	107	313.4523442302737
260	105	236.9073234466939
261	20	81.22220627815896
262	353	78.65995951406099
263	43	93.89535340413825
264	340	115.44256371210784
265	252	229.4773204497733
266	263	109.18776895981267
267	158	11.43872529784154
268	149	334.601274080296
269	131	448.9345420676234
270	114	141.96120012169868
271	385	298.6513988474469
272	371	273.9167320909605
273	166	241.83982102264244
274	99	198.21845374179122
275	99	342.88464537604045
276	77	427.00478072826127
277	272	86.69960679751203
278	357	97.1488678540539
279	22	37.38890495825652
280	337	150.23596256372477
281	279	144.9213394747286
282	135	260.70418626164195
283	243	187.21986666842602
284	337	305.2766937671097
285	212	189.57469132877617
286	205	722.1871895941136
287	234	70.66207407065312
288	199	701.1789010719584
289	1	410.7700047707473
290	252	117.75015046110549
291	83	133.31143851212994
292	197	139.9382975046053
293	149	128.1854658853642
294	371	661.1409471240486
295	246	88.50389207564591
296	123	2.1018824984315256
297	224	50.04640002546557
298	159	215.81943454868966
299	117	117.02588241034213
300	240	493.3293766486681
301	198	293.60796994152014
302	54	313.83693498549263
303	36	131.37016911411806
304	130	139.41771344852913
305	365	93.35303819074228
306	106	148.49799601141422
307	372	199.6800491205925
308	263	71.31824713751175
309	131	50.46443357974878
310	204	122.09578962761641
311	103	67.55760759257875
312	319	104.29367312770407
313	82	444.82569398446714
314	217	32.75881606558795
315	225	273.3384731449087
316	83	98.69509898251968
317	389	138.50400394313027
318	18	620.7552389349373
319	374	223.79280574483542
320	153	35.83348925664905
321	329	244.45774769072904
322	34	241.4846466941426
323	250	421.1007887081138
324	238	250.43304171134116
325	265	331.052162876216
326	135	248.75496265209918
327	252	234.453335308232
328	375	338.7992570504344
329	348	48.33696278893342
330	196	74.99795821067256
331	66	103.52150005321353
332	326	136.9902208481535
333	272	298.8531501991208
334	67	104.06019598748853
335	165	31.769173190045898
336	24	90.07254043346856
337	153	35.49596196316713
338	185	156.10752856831465
339	314	71.35157405605874
340	278	264.6541914293413
341	252	34.43233527023132
342	2	90.03192417322077
343	315	195.04152764614003
344	350	72.44120760290984
345	91	91.6077788908017
346	395	164.14853448719884
347	338	186.6970406643288
348	66	29.32187544097813
349	77	58.990950523419485
350	341	63.80244197057888
351	214	43.53749834473185
352	144	136.93399215680856
353	274	47.276024379444756
354	212	67.6240810327644
355	122	58.67044549882775
356	87	92.48886157377837
357	359	446.46723849142927
358	205	302.8815910770796
359	276	31.908124318992638
360	110	19.422439905477773
361	114	25.05550213716225
362	157	64.90707430284537
363	118	72.23348250199577
364	233	68.22901725014295
365	166	59.59694880091398
366	341	48.843806173573235
367	185	182.67657320289842
368	362	135.9330465816022
369	107	134.84290934612966
370	77	89.06619958152716
371	146	131.95286691508605
372	146	35.79885918362565
373	128	45.36245090816723
374	91	26.26629968966692
375	273	113.17025587894197
376	248	25.040781708622085
377	146	36.254215590102895
378	108	140.88772961569123
379	179	63.05468584862627
380	151	113.41934176308123
381	321	106.64533827107006
382	106	146.81831471882117
383	175	84.49014843524255
384	98	122.21134173720453
385	389	302.7368950588475
386	312	133.00905459602313
387	280	76.3467971229504
388	130	62.433067906727025
389	22	33.263584476248745
390	115	18.833298738934534
391	241	93.65977047290359
392	168	79.7719822686233
393	220	213.19981855557384
394	76	21.399188694322945
395	177	109.257344419366
396	373	112.31810108084443
397	342	24.52563992542021
398	101	59.17563349702374
399	368	91.3291575483341
400	1	27.507229383295055
401	148	157.06087075158575
402	110	190.5092807176131
403	355	209.16056409283763
404	92	85.60953874442528
405	386	370.9378133863963
406	92	110.74056645059856
407	283	103.00418474775412
408	272	132.58337767861815
409	27	85.4155291687618
410	339	290.05348392012183
411	92	279.40322306684465
412	106	186.46445706367393
413	187	103.4712623246974
414	315	56.737451548371915
415	159	27.771490314451746
416	359	79.92920469063291
417	324	122.90433102692157
418	395	134.47512181237957
419	359	209.8779877890043
420	308	63.70360598399111
421	116	153.43429345876862
422	35	38.36991037400247
423	293	356.95572805015615
424	149	93.35166096417193
425	65	84.12329345267165
426	202	78.95733228154556
427	348	268.4838678271033
428	372	144.96258161406263
429	91	104.62902536927831
430	122	121.1342015486186
431	35	190.73665413555597
432	371	241.0215727178718
433	372	185.0509335822651
434	314	65.55553921756187
435	176	176.84920690328047
436	73	100.94621436742767
437	358	32.438589659341105
438	50	39.64204582077241
439	17	21.558088375025633
440	125	49.08184024207105
441	169	87.18675831232817
442	166	16.16374281899252
443	238	154.72589880044922
444	84	87.0462163951953
445	344	14.024723794520243
446	221	16.526787015358725
447	193	121.46764678261832
448	258	99.54367990638879
449	158	208.07780508387847
450	283	186.32563780620052
451	80	272.46406965669803
452	171	108.85188089535077
453	122	56.582576859229746
454	387	28.24496626394315
455	379	179.4981826662548
456	338	178.7932154935788
457	21	85.65796208819073
458	87	153.3429197594263
459	115	29.078957546130955
460	40	36.2927857703204
461	348	51.2726010288038
462	259	162.35561292622995
463	229	115.60643287960644
464	259	40.04023464260046
465	239	112.73225465718635
466	118	55.734455557909136
467	376	32.628817008702335
468	80	79.97709767470872
469	329	70.75770748088536
470	113	119.74110027849821
471	69	188.12261444530122
472	105	202.10643420671144
473	287	179.21461665219385
474	291	312.7008541096393
475	384	359.766398529284
476	152	287.13845787706083
477	226	128.910404842679
478	72	95.70426728170143
479	359	241.92087870454583
480	16	204.79801334385616
481	106	103.61071725257271
482	154	147.28180126304218
483	250	293.8345636512038
484	112	189.1119592381326
485	83	130.73036400006197
486	102	63.758513942782734
487	222	81.9936029408311
488	75	59.52821131406092
489	315	52.43816585427635
490	352	47.82375054219636
491	119	81.35406680161317
492	167	45.43415720708878
493	25	98.84954222833952
494	356	35.6701026068154
495	174	39.07883130161594
496	331	281.55515145658444
497	88	73.58018829030986
498	135	186.6452025514978
499	156	39.3043762557461
500	55	27.820002157741175
501	388	144.68184618237729
502	240	71.84509168858652
503	363	19.782051340182914
504	227	132.34574442793894
505	103	62.0577222441975
506	208	96.17759303690879
507	377	102.74883099276401
508	150	234.40316839742886
509	54	110.85582438863861
510	260	133.43897546662282
511	362	202.99061845621995
512	114	103.55896835731058
513	357	85.74860388485457
514	208	223.1120766415288
515	341	328.9754379613047
516	372	74.23754585491517
517	241	111.0275380986455
518	62	98.26477042834449
519	346	97.8879622323874
520	102	158.348369893535
521	53	132.2201968415061
522	373	43.46268692444145
523	341	184.8878334974151
524	175	54.25535674811596
525	243	83.3118925551476
526	45	133.63638311396352
527	194	248.41973663250215
528	212	122.12032162774737
529	339	81.4473390400578
530	375	83.60515791170748
531	282	129.66952131777205
532	22	26.815202830354774
533	298	12.348741001573735
534	204	19.22452192054565
535	45	65.68355166727531
536	137	17.717850659379714
537	110	35.79831135079867
538	390	85.37158558050074
539	141	108.99362691394417
540	267	109.60037612456271
541	99	70.25631739750679
542	348	112.47254965113191
543	218	32.994435884045465
544	216	122.29227895421216
545	392	37.34403190129829
546	39	295.587605675542
547	229	72.48741928683374
548	204	38.97408267924855
549	132	85.04689567076574
550	336	259.52915284505434
551	282	70.41187028903512
552	169	66.42232207679382
553	258	86.9797873723797
554	114	145.69442276401386
555	85	40.71024593444212
556	176	29.994980726072548
557	24	32.61045593743458
558	352	80.04456897697783
559	160	157.58661254143055
560	336	55.06039353597309
561	266	85.2259716230982
562	290	72.86382605174929
563	241	67.24854997792382
564	169	69.81654131689352
565	236	41.58266771848571
566	357	144.1131172211097
567	63	97.4133662677433
568	243	249.5538570962958
569	150	133.96341141719725
570	61	59.89826712918715
571	159	62.42782732401608
572	218	55.03930108260017
573	284	67.24375091446043
574	370	62.4046815913231
575	352	93.99838543371841
576	352	127.22232258527187
577	142	145.45047490977967
578	126	116.46133974512097
579	65	43.94251037077743
580	200	41.54960124709635
581	168	88.95597500320824
582	60	223.15249469570878
583	202	74.45949033316634
584	139	88.99533208736294
585	378	99.39896370528415
586	190	51.02487369723198
587	253	4.392909744259328
588	173	198.36125920594262
589	37	57.381486904178125
590	9	41.22954023934169
591	228	161.21707974542403
592	111	11.572256624606238
593	228	24.024139158684658
594	70	14.131309087938144
595	391	70.07916970578418
596	18	121.82310227926975
597	168	234.5623699075647
598	387	9.382313156230005
599	158	7.9581138353315115
600	14	2.3683409213347573
601	55	18.23984507046943
602	344	38.618404620080035
603	205	303.3890627371127
604	332	60.01405094728737
605	190	32.460158474853124
606	309	83.88508203744802
607	264	73.04234065131608
608	94	17.376248235254195
609	113	43.53522657708737
610	239	57.01709526595779
611	43	42.02930594848333
612	52	28.67862386579603
613	196	30.73992050265693
614	55	43.99585727914618
615	309	81.5202160274787
616	368	77.43933961102229
617	141	11.278903064765045
618	380	16.68248886516918
619	221	52.350485005454935
620	104	32.161902314557175
621	253	29.936869021525887
622	279	27.16552201637681
623	114	49.5370024271865
624	336	45.80985164825758
625	72	69.55739688334481
626	348	8.539955141348335
627	14	90.70336417592058
628	90	165.2134042796038
629	53	85.42665113824752
630	346	29.626959304875694
631	169	147.0000089467333
632	84	56.89944612668217
633	182	98.44578893281464
634	112	36.56541460185542
635	133	43.5704149735134
636	219	82.42804869861766
637	192	32.738011399290656
638	299	61.086779385220886
639	140	45.580823409332325
640	123	175.9704990874963
641	280	68.74574981309586
642	296	94.8640696214027
643	57	9.245926343866767
644	295	46.32978556457573
645	341	31.104282934861974
646	318	34.436642640043914
647	310	84.07732783391916
648	1	108.6931141884555
649	181	46.53046486163321
650	80	115.83277058553799
651	304	162.4986008297674
652	161	103.42709209293764
653	332	26.17015146100691
654	130	211.25610925760898
655	384	231.04826758520025
656	109	78.19941154899506
657	379	174.36814953830552
658	311	89.96137963334559
659	289	172.14710411728745
660	21	210.68994940860125
661	91	101.98141880901632
662	86	93.95752240235443
663	50	136.1983918180485
664	320	47.369844159837996
665	320	168.98003897319907
666	58	14.501265371323608
667	397	32.155795846096886
668	191	17.58791358328662
669	47	83.39543154249814
670	223	62.59908478018889
671	118	50.80857475937013
672	138	133.05145716190748
673	26	85.29680807724972
674	141	57.9002510028016
675	119	76.92710928475188
676	172	89.7678742494834
677	338	1.147254859445008
678	2	300.6657639244438
679	300	120.76394634977612
680	13	100.24036007696246
681	185	75.48935570886744
682	79	172.33237239762866
683	222	124.08113262199782
684	59	137.90249085703533
685	171	138.5024145050139
686	387	51.02583817442232
687	259	192.88301751715713
688	351	169.91243588939304
689	23	138.25424031531318
690	101	190.80969948683477
691	333	18.3128252735149
692	231	187.86410319476
693	206	93.68170637398275
694	115	78.0914231542978
695	0	19.600815800876003
696	321	76.29540078706789
697	46	66.69257990016436
698	130	15.782002816394106
699	20	132.3643917496664
700	162	30.388145335272192
701	47	7.6030625665498395
702	347	104.7016141467828
703	128	16.845307558740878
704	146	18.157332227793447
705	394	208.2589761463798
706	172	11.012523799704459
707	218	91.61923709994456
708	288	96.70793104034361
709	61	112.27347971418827
710	260	60.86483504372764
711	287	9.93569641894892E-4
712	102	44.57800541759373
713	258	81.23814680061538
714	204	15.95058871633096
715	128	116.67527509946359
716	256	117.17050414259002
717	398	138.58661998598285
718	218	22.36418293177949
719	92	72.63622951073474
720	284	134.91985102209063
721	213	77.8792118996644
722	11	52.07981800762748
723	356	60.92623091073785
724	278	83.07685734270822
725	221	15.928736116475159
726	301	30.47080465008384
727	314	86.11584300971293
728	318	42.17718375631711
729	187	79.03408183489215
730	231	24.714909402159055
731	287	44.31490029321597
732	367	154.4177015759328
733	162	22.079682691895663
734	166	40.36996307304411
735	234	171.4443843138968
736	362	78.54284220822386
737	238	83.58379226893689
738	23	51.316258455799954
739	251	210.97725098495167
740	23	90.15779880621533
741	215	83.41624282213208
742	278	268.15431942297715
743	170	156.4043618487299
744	220	102.26470270771463
745	0	32.303328677725396
746	264	107.71783517416989
747	377	102.93501123371018
748	292	487.3530642148705
749	110	67.14560519423013
750	223	147.39353392026254
751	343	190.90507921659366
752	250	56.812848189904564
753	55	40.656312295878074
754	374	60.420266331506966
755	217	105.68875624045387
756	397	189.86572375489175
757	47	10.429357309132227
758	242	97.88069784264526
759	280	22.498098846569928
760	380	91.39532413183042
761	47	83.00217603392797
762	293	127.73782874257076
763	151	217.01457464048022
764	275	62.454479912429264
765	27	49.20485829040372
766	149	5.832423352948396
767	294	38.20037623290186
768	298	66.55324489606127
769	39	87.46170145722147
770	22	54.92729274294641
771	362	89.79399164117355
772	332	109.28233767128356
773	190	20.72506825414444
774	96	83.06972751178182
775	398	47.55114201118269
776	24	14.9777989232811
777	17	17.498594056579396
778	81	83.11276291189358
779	127	54.77262453673743
780	182	118.08747060245501
781	250	98.720342506093
782	56	26.493496033290473
783	168	62.13298015442236
784	318	15.069698904563467
785	128	47.968368112446946
786	185	20.02035549340909
787	96	14.378492601398156
788	5	8.532184836006858
789	145	48.576602363947636
790	283	114.79260171610437
791	256	34.479328096500666
792	46	77.805564553705
793	100	18.513603255701604
794	248	48.17882369880614
795	180	20.778176697991704
796	210	48.730607818169766
797	43	40.64384638470686
798	333	36.00467085834106
799	160	6.984249202428692
800	340	42.7565854256255
801	168	16.41929662821725
802	105	50.26481733656044
803	149	10.251107699218759
804	37	12.49340092204425
805	243	20.63110139840697
806	238	47.64800802277784
807	159	17.556810136520838
808	11	32.97208834729931
809	351	55.96547598795514
810	351	50.577737901862015
811	366	6.9501824045950595
812	233	24.51463408136205
813	126	83.70255048909245
814	100	3.1107687817677996
815	328	128.84796585911766
816	350	74.04917828911611
817	383	6.280573025247406
818	176	54.66808631113752
819	191	45.425396713137374
820	164	155.797986396548
821	239	25.894774773287477
822	152	5.291135527619026
823	278	135.28674830320148
824	79	80.63594229836818
825	32	122.07953061757567
826	293	188.05169195704326
827	54	99.2655795167705
828	277	32.383988553993724
829	201	60.91401014050545
830	304	5.79420914412073
831	76	320.64422898832646
832	212	53.79998690016943
833	348	66.55859625729045
834	45	72.91795719095995
835	190	14.262679965384715
836	162	27.375562910353572
837	361	28.512479163829017
838	260	8.960013042235548
839	117	12.843000677395981
840	221	94.6815369430463
841	160	66.24591824099826
842	65	42.55825756193438
843	277	48.61435999640742
844	383	65.53116260546447
845	349	193.83802117735812
846	372	57.619260866387044
847	179	45.3850974035309
848	341	6.001666841488849
849	319	75.3632823396825
850	362	6.7765246877514675
851	345	12.582270636653153
852	157	8.667621385665681
853	21	36.718983795578495
854	165	42.10697273211438
855	262	66.56719787683471
856	40	47.47273718118907
857	131	0.032969769564332896
858	270	20.768630513495044
859	27	20.546607148902105
860	164	47.54920705897625
861	89	8.841438408329022
862	287	76.16980097213664
863	381	31.972165597336016
864	43	116.42690123229407
865	184	27.65214033993298
866	35	167.64962848245156
867	216	4.324169053026586
868	332	5.114019057929873
869	68	37.85990630995129
870	99	6.431131388339658
871	229	136.73830127667392
872	169	70.01633991023104
873	21	98.88799240615033
874	199	52.386856290514025
875	330	150.03009198770792
876	245	64.46408680540151
877	265	111.90798267677587
878	87	118.4845174280337
879	260	146.2543022239478
880	328	108.41675063056174
881	328	103.65717519381067
882	397	46.38713776760813
883	229	21.409959496936104
884	386	22.58524632786363
885	368	42.159771332175715
886	61	90.13936963604446
887	113	96.15944008416436
888	369	26.410830753047243
889	326	13.610689507459751
890	194	134.98629566168452
891	72	18.99914033651679
892	283	100.23561267728336
893	189	21.065591046033852
894	67	114.36947897196238
895	295	140.47463689442523
896	107	51.6223683530106
897	347	9.771212125584212
898	389	102.21297115009448
899	84	16.012313761937246
900	330	46.75652230827422
901	249	47.11156460600239
902	348	59.92417011188559
903	317	17.233888073170444
904	304	39.46092551138534
905	350	32.26677675725455
906	326	43.62586947095369
907	386	4.079749809728895
908	26	54.02072359596009
909	104	24.12168047913278
910	159	13.4298144421561
911	68	6.8670096554645
912	39	4.142343136938377
913	114	6.749327826398073
914	359	30.130215944803027
915	3	15.805710214621538
916	344	35.6822046634337
917	105	5.451984019824502
918	50	14.341254025250683
919	262	140.981244400051
920	310	16.388566817572922
921	152	46.72630974864472
922	59	43.655070893207686
923	321	58.816123467309595
924	40	113.83130144214515
925	275	34.20000871074941
926	176	233.93265322317058
927	85	7.800714488565266
928	137	146.81634068544648
929	262	87.59207651305049
930	322	198.63434750822222
931	129	118.22072492743821
932	102	68.64021083068602
933	280	39.12637578727131
934	46	83.51957893432474
935	162	7.330227621723064
936	282	35.09556064196769
937	223	43.088322147544105
938	135	42.016817101460155
939	344	43.26530211020636
940	242	86.87665752208281
941	337	87.27164760503038
942	153	47.78109733311753
943	311	27.620090482810628
944	351	55.19230338064982
945	93	33.2477390795423
946	137	84.6316369649643
947	83	27.213734129815787
948	369	139.4673623143858
949	309	70.49919772765209
950	369	39.93759904886597
951	165	62.102597337967715
952	217	65.91304161826014
953	228	27.07242171653484
954	261	9.582038608332281
955	127	76.07583282084435
956	129	53.69254211020224
957	258	10.08387698514797
958	287	22.82349674368676
959	145	78.94660736356941
960	19	35.058527746307675
961	376	52.518546974500545
962	130	33.62872491125375
963	175	62.24419436477578
964	50	12.698904224897099
965	200	21.463632348853007
966	297	34.05713241796648
967	358	11.032590093651919
968	117	22.253661997252724
969	80	121.4757137392757
970	204	9.368281341746776
971	399	45.74447648487712
972	293	33.94432108022424
973	158	6.55322332562734
974	313	47.77114560298316
975	130	59.857219771557205
976	340	44.40334776394706
977	232	70.10523198873611
978	227	58.47995657583615
979	182	40.28082214186816
980	318	34.151710709347796
981	358	30.84302829234755
982	76	57.480554134229976
983	201	26.000446447292486
984	187	92.29277497667108
985	221	22.857021579275028
986	4	49.13050231134519
987	149	6.603439054202485
988	138	230.93047740054746
989	162	81.79455195676007
990	351	65.14042942630793
991	297	74.12789814539794
992	123	3.9837039210260174
993	40	63.041537922697955
994	250	22.713321157536082
995	249	52.12109018483603
996	70	42.48941569704648
997	220	34.459313557662405
998	250	50.5911004719028
999	399	16.79700028234707
1000	78	10.696349871427628
1001	121	53.44975186488294
1002	372	34.35712900704913
1003	395	15.467017585854407
1004	12	8.818575626313109
1005	155	33.04923355443564
1006	182	42.59423139523477
1007	182	47.899592440148
1008	230	49.90718514191519
1009	30	84.52446454597273
1010	249	62.80386363948262
1011	169	93.73352331131147
1012	2	120.12221569433333
1013	298	111.16904272646552
1014	151	139.89236971714092
1015	139	23.105668284550305
1016	38	164.02112363660174
1017	393	60.830970666221425
1018	309	29.59158652591146
1019	371	43.64338599782398
1020	334	24.336994336133102
1021	264	53.57160141850574
1022	172	64.4291204928359
1023	136	56.67709739393419
1024	44	24.793298841561526
1025	230	85.39051825170726
1026	162	12.775049891926887
1027	240	7.604324541236109
1028	49	220.96025456976957
1029	361	48.55352507121968
1030	210	62.708495333402205
1031	315	25.05235410421172
1032	50	28.970634540019557
1033	153	85.92985791428791
1034	128	60.827152067579995
1035	392	70.75103845428367
1036	370	51.621760790682536
1037	44	87.01614885021361
1038	142	44.096098262923796
1039	208	87.39372245191714
1040	190	40.79473813485439
1041	381	76.20663732832777
1042	81	36.37407117590468
1043	358	14.750798774826166
1044	311	41.68524010309717
1045	377	28.145682763127645
1046	363	63.07078911044307
1047	113	198.14434223194803
1048	16	89.03834311799777
1049	230	44.91469163947747
1050	100	54.37524483633356
1051	80	39.009680701027236
1052	146	77.588889271465
1053	204	24.692268876210377
1054	2	49.78002000426241
1055	55	8.199669740678358
1056	396	16.56493957250513
1057	382	47.518285734673384
1058	229	24.170661369210453
1059	95	80.38841925880851
1060	146	57.56765578547398
1061	264	55.24987104512632
1062	393	26.23256447158137
1063	1	66.55522611863967
1064	1	7.028370344882832
1065	214	97.28807039385673
1066	67	38.36900537057022
1067	54	55.020229824251636
1068	308	14.075407744790734
1069	143	40.85947156207714
1070	198	33.969893559553974
1071	193	18.943280082959376
1072	185	12.25679350139174
1073	116	79.6191043044483
1074	50	137.2135303144883
1075	189	8.4363902150661
1076	104	18.276244941812266
1077	147	8.93187767159471
1078	321	42.37650178470518
1079	104	113.92638943564178
1080	4	1.1748102188217804
1081	355	17.034601030376553
1082	144	9.983693319781802
1083	90	11.30053728922112
1084	37	31.088759228127397
1085	37	24.959217261486163
1086	92	31.361886548669514
1087	88	40.9920010426229
1088	231	28.254149594127032
1089	399	90.98743120000034
1090	348	101.99621003602373
1091	299	57.13325938387848
1092	180	8.5800899263361
1093	119	48.447469653175446
1094	234	34.70821027531595
1095	371	53.09874792951608
1096	346	2.116658472451452
1097	325	26.663982117445084
1098	247	36.18055374843106
1099	150	16.554216856226052
1100	262	19.644848595929787
1101	240	77.66692370551202
1102	88	18.46454602657782
1103	197	19.501310367970536
1104	247	16.04003718700031
1105	291	40.93184345742237
1106	268	5.3539229621261555
1107	321	25.984043322007693
1108	39	10.766005342807
1109	280	29.334373722839434
1110	357	78.11848406727374
1111	177	12.189557637716408
1112	280	16.47568349932923
1113	344	29.7165210100676
1114	317	17.63529060124357
1115	15	24.767607274483392
1116	153	6.194085252012588
1117	339	22.156577697674418
1118	72	55.046129863562605
1119	91	49.57808298104834
1120	28	22.285369738251983
1121	65	25.60214117212522
1122	176	2.3684956566342534
1123	171	2.183025893478741
1124	335	1.896639115645696
1125	398	1.5432340786093737
1126	149	58.34885718461832
1127	335	25.070919340132782
1128	188	24.19269619300717
1129	284	46.133907561530144
1130	171	0.15320829888567003
1131	324	9.302610938704204
1132	316	79.15543137979292
1133	126	34.10353685054971
1134	263	65.03186462631075
1135	59	59.732287787453274
1136	15	36.40671039678602
1137	210	34.36370427798628
1138	269	6.7790700237116175
1139	112	57.953423560771625
1140	145	41.93438050366648
1141	164	8.401045983485199
1142	205	69.2921693560921
1143	340	19.683257970364746
1144	241	3.1619920084943027
1145	316	14.146573260719121
1146	258	13.345380824133802
1147	239	26.14416830813998
1148	119	9.510133665056987
1149	252	13.007405397352986
1150	10	16.05874856320221
1151	192	15.052546289958983
1152	66	44.4408002247204
1153	176	17.96476614739175
1154	322	31.90934975550746
1155	104	5.229408471692344
1156	80	0.07039003880114154
1157	48	52.65554779061107
1158	268	2.8917925799177793
1159	326	22.421344811926986
1160	322	48.2757766585448
1161	227	15.384201217121591
1162	256	28.099086117895958
1163	260	45.25391655141073
1164	260	15.835052390300648
1165	26	28.82066930694618
1166	96	28.22326309192109
1167	199	24.003857348673627
1168	298	36.301851856244625
1169	66	4.101924640996891
1170	272	47.62418583936984
1171	371	17.389819490366314
1172	24	25.22383975528962
1173	265	13.332643280835907
1174	102	12.937754389717878
1175	336	20.09350967437842
1176	393	41.26769284506294
1177	232	25.643262973223703
1178	81	38.729428114561124
1179	16	27.097621990289262
1180	215	21.78722632992836
1181	336	38.28741620993307
1182	46	24.474759240329092
1183	325	60.492207531350935
1184	46	23.82005951822148
1185	118	43.94778822598304
1186	158	1.160354275631622
1187	369	16.733675586889067
1188	343	86.48534035891043
1189	35	8.46039139660222
1190	174	14.876007087788718
1191	213	4.249733742856404
1192	60	25.80909145692828
1193	58	14.701340537797806
1194	336	25.32121936261218
1195	358	25.1349833438158
1196	347	3.5844015093718076
1197	185	38.0800002988775
1198	197	11.578921904344117
1199	7	50.1517566918547
1200	202	11.71897728656269
1201	212	2.9572624230957585
1202	111	8.04002340613316
1203	313	29.704887727802504
1204	158	13.835386650372577
1205	176	12.833371612716338
1206	290	32.6178487192413
1207	108	37.76307858528758
1208	20	18.207296031927267
1209	1	23.501283248745004
1210	2	67.45915055761361
1211	19	7.881389508630039
1212	353	12.888578952482897
1213	3	14.114339295045008
1214	88	31.445798411816444
1215	290	122.42315914862989
1216	119	4.32656673686867
1217	169	55.598750140168214
1218	238	24.4216434898485
1219	88	31.504150353884103
1220	125	47.69486233053946
1221	215	48.27714651175146
1222	135	34.80290738316871
1223	159	0.9670969703053909
1224	175	14.037256384041308
1225	225	12.84186750493635
1226	37	26.668841874899478
1227	299	19.97026419862216
1228	312	110.02692976529458
1229	224	32.93807738829788
1230	293	72.80850595929674
1231	241	40.10998446822572
1232	60	42.40894622518839
1233	266	11.99755754564951
1234	242	34.354888043565495
1235	101	0.5139845935340266
1236	169	0.27664381330437543
1237	224	6.2808849839509895
1238	177	13.189785855919597
1239	188	39.46331670622362
1240	226	52.97112500340089
1241	72	13.804172902259147
1242	221	15.324998737715823
1243	262	5.05630914327387
1244	37	43.052133446372814
1245	360	34.169724584688716
1246	107	30.62259893710671
1247	155	22.11487268805126
1248	368	18.696184399586762
1249	85	14.685545325689795
1250	125	24.103301127072832
1251	358	7.218841625162392
1252	382	16.8264884537851
1253	187	21.427085718323426
1254	231	27.157160978898666
1255	334	26.821154604470202
1256	94	7.522260117066812
1257	148	21.12724484189168
1258	380	37.40528462519206
1259	202	16.94233009218901
1260	371	10.913607463898733
1261	324	7.185722341933287
1262	145	13.621153384267908
1263	216	24.68833203956922
1264	234	4.678866133938998
1265	27	35.85114703443371
1266	42	25.39837641152352
1267	113	34.11288837838945
1268	396	20.46419957151986
1269	121	22.355876464914402
1270	178	19.520207072059698
1271	296	13.333041700732577
1272	228	15.156012704874222
1273	265	24.691422514387376
1274	253	48.86909232883229
1275	321	16.009670759194588
1276	152	19.72305526878558
1277	238	21.68533867891874
1278	219	25.781589265956306
1279	44	9.781692418626823
1280	132	39.655067227908376
1281	288	17.53519316685539
1282	192	14.356635413900154
1283	175	34.34419048055412
1284	184	37.06269487893891
1285	335	15.232592885702227
1286	183	23.192648050724777
1287	325	33.1304351632337
1288	212	18.18581083604394
1289	290	25.791166277938714
1290	397	10.372822471402149
1291	270	50.40703690336735
1292	143	14.280891852219497
1293	154	6.505974191492184
1294	353	19.250878934741475
1295	71	21.305140393923573
1296	94	33.81410735036557
1297	296	28.5201189829598
1298	135	11.787092546748354
1299	107	7.356381434871383
1300	300	16.67115438618248
1301	111	3.723276123525049
1302	2	11.192239597155835
1303	69	38.37950929162678
1304	309	5.21325874081776
1305	125	15.735541609509134
1306	269	8.262896602901813
1307	345	9.514917494973757
1308	367	16.18277498569666
1309	44	6.3302175737466575
1310	268	0.3347072362375758
1311	324	49.25289918021988
1312	271	7.920992520764186
1313	99	20.187802274259198
1314	283	23.96005896226746
1315	372	27.548165073337866
1316	399	21.688625977179505
1317	106	11.933987291072832
1318	286	16.90885966190324
1319	386	12.22797074634747
1320	134	7.1216632640793796
1321	70	9.677504292803928
1322	394	9.859782050798456
1323	208	8.335798503203403
1324	121	9.499327130485277
1325	265	4.867257166189618
1326	84	8.964656917549298
1327	178	7.157284782945572
1328	207	12.730664851073204
1329	4	4.250034826608357
1330	67	12.514234770277879
1331	152	5.684546791750072
1332	14	4.825454004666688
1333	200	7.390281374026256
1334	20	7.9613035219967525
1335	242	26.73203539192172
1336	42	43.61177769289381
1337	139	13.607421885350728
1338	9	11.027165726145974
1339	278	6.1909514656940505
1340	291	6.766695930571485
1341	318	7.21407249579952
1342	51	6.4134730723342415
1343	275	5.674461954349851
1344	14	8.202840160273045
1345	12	4.45000667588484
1346	286	15.268757675501709
1347	122	13.09160122112699
1348	77	9.910406113934444
1349	175	5.2278606667627
1350	109	6.207046570714507
1351	18	6.3805986474466945
1352	168	5.0855254425898515
1353	32	11.98486723845974
1354	346	10.66808939023363
1355	17	18.317020268027168
1356	363	8.29107915606006
1357	145	7.158096838327777
1358	290	11.71479592598692
1359	66	16.646179364709432
1360	373	10.543424794312287
1361	8	5.016716706094864
1362	224	4.152411678550194
1363	68	8.580695344490962
1364	89	7.0510467511770045
1365	173	9.768027751272529
1366	154	4.0087506924489125
1367	322	8.297675077302005
1368	2	14.353921117879082
1369	370	7.641042073281416
1370	130	8.17238955256152
1371	303	10.781263480557334
1372	171	4.977039015404378
1373	127	7.8225305576851065
1374	77	18.141920310982258
1375	17	17.01881625549362
1376	155	20.93246083689123
1377	241	8.133470005509725
1378	306	10.673399304490362
1379	362	9.400313498515764
1380	145	10.8433979589079
1381	34	7.074683004848583
1382	315	13.959370635118376
1383	392	22.556651593007253
1384	193	12.227120087349006
1385	355	9.573563090212215
1386	280	12.738030883598778
1387	41	8.488952835773915
1388	176	9.839440935937052
1389	24	9.869090390906567
1390	313	8.088292873373303
1391	3	12.259989964444166
1392	1	14.444748751336295
1393	355	18.347055312659457
1394	30	23.95069507417449
1395	291	18.75799866128798
1396	154	2.8097944267868096
1397	350	7.232892359780175
1398	10	2.7304567558580253
1399	56	21.30684525896737
1400	32	13.670918531881533
1401	373	30.988882881889236
1402	340	8.392635700724647
1403	272	9.240099063585436
1404	262	24.29915162052801
1405	65	18.901126597678
1406	378	1.190499316974799
1407	88	47.42743269793014
1408	35	16.95627882427423
1409	355	12.211645267464597
1410	358	11.637180549538575
1411	246	50.28454148283327
1412	271	26.70380331078121
1413	145	18.323608336281712
1414	243	4.03113063616029
1415	293	22.95912181019277
1416	344	8.8514410900261
1417	384	1.850256468674778
1418	395	1.1946552814218516
1419	395	45.44343549254077
1420	141	17.250521418153955
1421	193	15.250963692293205
1422	203	16.764857667486535
1423	250	11.561081270470456
1424	156	5.7544125528334655
1425	244	23.65159034658363
1426	377	16.332293829455406
1427	193	9.108094125024024
1428	263	8.542193211924538
1429	217	16.407081155071577
1430	180	4.3072006797941205
1431	328	10.10467079197511
1432	208	23.026841351386885
1433	182	5.70022102426549
1434	378	33.62052038585211
1435	175	11.494889307602323
1436	13	1.7540213088012724
1437	341	20.790269636923973
1438	393	17.45481913549486
1439	78	18.711051853322406
1440	277	5.072336519198173
1441	35	7.869496026305188
1442	225	9.473453514384541
1443	186	3.781702232272047
1444	161	32.45459147988494
1445	3	7.162747368786877
1446	188	19.43543515080285
1447	58	1.0817288960832048
1448	173	3.9878358159832104
1449	74	11.332553605832238
1450	264	2.111644453087952
1451	30	12.519204891800117
1452	170	0.02236325280856046
1453	372	2.5703665016702852
1454	244	5.482554013741714
1455	157	4.043085853451382
1456	36	1.4590800059013775
1457	379	0.009970031398270582
1458	89	0.4909219081054031
1459	202	7.316953415973681
1460	243	0.5182272709715191
1461	131	3.2860959090744664
1462	104	7.838061054643083
1463	397	8.961771494477887
1464	124	8.861246275360095
1465	287	4.67222104742687
1466	138	5.146539588311281
1467	316	2.997407742863645
1468	236	8.678582043298562
1469	244	17.342393849673478
1470	246	10.858259537262553
1471	89	22.41782032195075
1472	0	4.70825719465402
1473	56	12.390388953546147
1474	294	12.480451103450228
1475	81	16.32265015043916
1476	328	3.798245394157838
1477	126	2.0393428634426782
1478	253	41.769941067946
1479	265	14.143419681396301
1480	43	39.47595988760005
1481	79	4.144543022201329
1482	174	0.050459066633284984
1483	325	16.345362242227502
1484	364	6.900833558934613
1485	242	1.3378128542634167
1486	345	6.362161396934593
1487	87	18.3114831105272
1488	318	9.795376929954335
1489	388	8.245090263675053
1490	268	3.143992597752603
1491	153	9.931956446336983
1492	272	0.011456803101871764
1493	228	6.63280518831944
1494	146	8.444273999755763
1495	302	2.54056955430956
1496	314	13.219073168345163
1497	272	4.543449879302814
1498	178	0.2982281682956461
1499	339	8.444994458342817
1500	158	2.0440786714805537
1501	46	6.708128171868856
1502	86	8.807190360103117
1503	23	16.873908101771487
1504	303	1.0589865195931434
1505	159	0.03197264806534119
1506	370	0.16220103195631363
1507	60	0.09538440871985016
1508	150	8.085975699295911
1509	20	15.526550676000976
1510	210	0.13195563220145612
1511	252	3.356094851265646
1512	82	15.624356409034082
1513	274	7.376477924976692
1514	48	10.556005715428364
1515	147	0.5489627111915873
1516	186	7.857540282124538
1517	44	8.06621365682821
1518	338	18.239482966789385
1519	136	4.006383888269988
1520	60	0.05114763170726085
1521	12	0.3108894063625358
1522	44	13.00470623569711
1523	71	2.706005501438886
1524	77	4.306243877338587
1525	14	0.1639872845247139
1526	42	0.0026518280214939643
1527	0	12.55365479595803
1528	276	9.29871339086758
1529	124	13.150410378397998
1530	86	15.72124242744936
1531	31	8.291560740124316
1532	35	4.773290560039014
1533	341	3.100958959148463E-4
1534	338	32.320182437852175
1535	345	6.885934232325183
1536	280	2.4608214810010325
1537	137	3.601829560282616
1538	117	0.48731082687231536
1539	65	17.462457006252734
1540	95	20.27635135805608
1541	172	0.7153995534013229
1542	193	2.3956093751125227
1543	81	0.21759176310470038
1544	316	9.068583667560368
1545	331	8.31288818484573
1546	286	7.85213020360773
1547	312	3.233998313158078
1548	247	9.70728863613958
1549	17	6.927162287992974
1550	69	1.5832728280209902
1551	356	7.473072505856533
1552	143	10.2764010178172
1553	137	8.789719662758928
1554	204	3.1640168684016445
1555	328	12.633155377497218
1556	252	8.279461725575935
1557	389	7.20215013067763
1558	396	21.924875271683973
1559	148	3.855962820811855
1560	176	10.258939046363304
1561	93	9.102304665300519
1562	94	6.9378836811085565
1563	15	4.530135114593392
1564	318	8.697250584589812
1565	184	4.368185774413743
1566	133	8.349739100444438
1567	254	6.9378836811085565
1568	102	6.517468755120737
1569	154	3.3860313202817696
1570	158	5.373522714898851
1571	293	9.394935315457104
1572	218	10.109337234656344
1573	183	7.571421971161558
1574	393	7.471901586258229
1575	276	7.25829644451459
1576	321	6.990251320814072
1577	192	5.423502496786413
1578	125	7.662245032645691
1579	193	6.410317020537747
1580	172	5.558924076788447
1581	374	6.0396548430840955
1582	304	5.8192771284077915
1583	214	7.298370225254464
1584	306	6.71435400911956
1585	324	6.446546014573375
1586	290	7.479123242123667
1587	90	7.218277887299271
1588	372	7.314247407956408
1589	176	9.20696824749987
1590	207	11.01662362765537
1591	141	13.044609577494244
1592	331	11.13527421470718
1593	316	0.03466202982619973
1594	153	2.618852069661627
1595	108	2.442893587817847
1596	247	3.301665577270748
1597	349	10.282307161466347
1598	204	18.839990008210314
1599	337	1.4907872435788272
1600	22	4.2239104551156785
1601	168	7.702115215451357
1602	399	1.1613165307909104
1603	62	0.07771733466700825
1604	106	1.5541588741578254
1605	229	4.33643759863129
1606	118	1.614133304845678
1607	279	4.022423119098577
1608	167	8.416771426988893
1609	114	11.574839672799598
1610	388	6.0387941465806
1611	74	0.7215339509224378
1612	366	12.021305884036208
1613	155	0.6572390742344209
1614	307	1.0281480637055311
1615	319	13.00949115018094
1616	166	0.6070752690426144
1617	193	10.739075675237448
1618	67	10.004868658999989
1619	131	0.47577542718692084
1620	5	10.542217583915264
1621	267	9.32437011977638
1622	338	12.544448460972436
1623	243	0.33145864006326425
1624	192	1.4662529617531472
1625	396	0.26584382090802317
1626	297	6.447276270994644
1627	319	0.032088824515029854
1628	33	7.791205144333457
1629	313	1.9315042034975705
1630	370	0.14024930246111125
1631	324	0.6214072669829293
1632	369	0.01875136140327997
1633	129	0.20095893726209657
1634	150	2.9263165148364405
1635	97	0.4363117671756029
1636	30	0.4699574068986646
1637	180	0.007862020811209972
1638	316	0.7401238971896211
1639	301	3.3554270973701197
1640	220	0.047290799936486765
1641	94	0.27713869120061113
1642	71	2.2730549557883473
1643	86	6.662238256006675
1644	145	8.854174423761933
1645	228	0.30610268188426065
1646	358	0.18673200117805996
1647	229	0.15269157523117136
1648	309	2.372607970930734
1649	112	0.23756349190818501
1650	307	0.036390783933198396
1651	181	1.009656162422145
1652	61	14.209455275152028
1653	57	2.037355577039197
1654	103	5.173291750405599
1655	268	2.8414412620276606
1656	384	5.270062528988563
1657	384	0.05621774114199984
1658	31	3.2801667403897365
1659	112	6.208070142229391
1660	102	2.5512145836581017
1661	32	5.261878002291961
1662	82	5.224152184180884
1663	108	1.986329258307014
1664	278	7.721573428318719
1665	217	2.446063285413742
1666	102	2.413676759622312
1667	271	0.24537919066774425
1668	381	0.018244966067261503
1669	86	1.6806470547341454
1670	177	0.30114530788462024
1671	116	8.659055480549874
1672	291	3.8178923186044984
1673	23	0.2982558677718475
1674	316	0.006941577334595621
1675	333	0.6384921288943364
1676	163	3.0357858556906043
1677	265	0.41165436709526637
1678	350	7.065205133122311
1679	258	0.47152354051679335
1680	380	1.3336986383840572
1681	210	0.5196436866207435
1682	199	0.1530370269760693
