1	1
2	2
3	3
4	4
5	5
6	6
7	7
8	8
9	9
10	10
11	11
12	12
13	13
14	14
15	15
16	16
17	17
18	18
19	19
20	0
21	1
22	2
23	3
24	4
25	5
26	6
27	7
28	8
29	9
30	10
31	11
32	12
33	13
34	14
35	15
36	16
37	17
38	18
39	19
40	0
41	1
42	2
43	3
44	4
45	5
46	6
47	7
48	8
49	9
50	10
51	11
52	12
53	13
54	14
55	15
56	16
57	17
58	18
59	19
60	0
61	1
62	2
63	3
64	4
65	5
66	6
67	7
68	8
69	9
70	10
71	11
72	12
73	13
74	14
75	15
76	16
77	17
78	18
79	19
80	0
81	1
82	2
83	3
84	4
85	5
86	6
87	7
88	8
89	9
90	10
91	11
92	12
93	13
94	14
95	15
96	16
97	17
98	18
99	19
100	0
101	1
102	2
103	3
104	4
105	5
106	6
107	7
108	8
109	9
110	10
111	11
112	12
113	13
114	14
115	15
116	16
117	17
118	18
119	19
120	0
121	1
122	2
123	3
124	4
125	5
126	6
127	7
128	8
129	9
130	10
131	11
132	12
133	13
134	14
135	15
136	16
137	17
138	18
139	19
140	0
141	1
142	2
143	3
144	4
145	5
146	6
147	7
148	8
149	9
150	10
151	11
152	12
153	13
154	14
155	15
156	16
157	17
158	18
159	19
160	0
161	1
162	2
163	3
164	4
165	5
166	6
167	7
168	8
169	9
170	10
171	11
172	12
173	13
174	14
175	15
176	16
177	17
178	18
179	19
180	0
181	1
182	2
183	3
184	4
185	5
186	6
187	7
188	8
189	9
190	10
191	11
192	12
193	13
194	14
195	15
196	16
197	17
198	18
199	19
200	0
201	1
202	2
203	3
204	4
205	5
206	6
207	7
208	8
209	9
210	10
211	11
212	12
213	13
214	14
215	15
216	16
217	17
218	18
219	19
220	0
221	1
222	2
223	3
224	4
225	5
226	6
227	7
228	8
229	9
230	10
231	11
232	12
233	13
234	14
235	15
236	16
237	17
238	18
239	19
240	0
241	1
242	2
243	3
244	4
245	5
246	6
247	7
248	8
249	9
250	10
251	11
252	12
253	13
254	14
255	15
256	16
257	17
258	18
259	19
260	0
261	1
262	2
263	3
264	4
265	5
266	6
267	7
268	8
269	9
270	10
271	11
272	12
273	13
274	14
275	15
276	16
277	17
278	18
279	19
280	0
281	1
282	2
283	3
284	4
285	5
286	6
287	7
288	8
289	9
290	10
291	11
292	12
293	13
294	14
295	15
296	16
297	17
298	18
299	19
300	0
301	1
302	2
303	3
304	4
305	5
306	6
307	7
308	8
309	9
310	10
311	11
312	12
313	13
314	14
315	15
316	16
317	17
318	18
319	19
320	0
321	1
322	2
323	3
324	4
325	5
326	6
327	7
328	8
329	9
330	10
331	11
332	12
333	13
334	14
335	15
336	16
337	17
338	18
339	19
340	0
341	1
342	2
343	3
344	4
345	5
346	6
347	7
348	8
349	9
350	10
351	11
352	12
353	13
354	14
355	15
356	16
357	17
358	18
359	19
360	0
361	1
362	2
363	3
364	4
365	5
366	6
367	7
368	8
369	9
370	10
371	11
372	12
373	13
374	14
375	15
376	16
377	17
378	18
379	19
380	0
381	1
382	2
383	3
384	4
385	5
386	6
387	7
388	8
389	9
390	10
391	11
392	12
393	13
394	14
395	15
396	16
397	17
398	18
399	19
400	0
401	1
402	2
403	3
404	4
405	5
406	6
407	7
408	8
409	9
410	10
411	11
412	12
413	13
414	14
415	15
416	16
417	17
418	18
419	19
420	0
421	1
422	2
423	3
424	4
425	5
426	6
427	7
428	8
429	9
430	10
431	11
432	12
433	13
434	14
435	15
436	16
437	17
438	18
439	19
440	0
441	1
442	2
443	3
444	4
445	5
446	6
447	7
448	8
449	9
450	10
451	11
452	12
453	13
454	14
455	15
456	16
457	17
458	18
459	19
460	0
461	1
462	2
463	3
464	4
465	5
466	6
467	7
468	8
469	9
470	10
471	11
472	12
473	13
474	14
475	15
476	16
477	17
478	18
479	19
480	0
481	1
482	2
483	3
484	4
485	5
486	6
487	7
488	8
489	9
490	10
491	11
492	12
493	13
494	14
495	15
496	16
497	17
498	18
499	19
500	0
501	1
502	2
503	3
504	4
505	5
506	6
507	7
508	8
509	9
510	10
511	11
512	12
513	13
514	14
515	15
516	16
517	17
518	18
519	19
520	0
521	1
522	2
523	3
524	4
525	5
526	6
527	7
528	8
529	9
530	10
531	11
532	12
533	13
534	14
535	15
536	16
537	17
538	18
539	19
540	0
541	1
542	2
543	3
544	4
545	5
546	6
547	7
548	8
549	9
550	10
551	11
552	12
553	13
554	14
555	15
556	16
557	17
558	18
559	19
560	0
561	1
562	2
563	3
564	4
565	5
566	6
567	7
568	8
569	9
570	10
571	11
572	12
573	13
574	14
575	15
576	16
577	17
578	18
579	19
580	0
581	1
582	2
583	3
584	4
585	5
586	6
587	7
588	8
589	9
590	10
591	11
592	12
593	13
594	14
595	15
596	16
597	17
598	18
599	19
600	0
601	1
602	2
603	3
604	4
605	5
606	6
607	7
608	8
609	9
610	10
611	11
612	12
613	13
614	14
615	15
616	16
617	17
618	18
619	19
620	0
621	1
622	2
623	3
624	4
625	5
626	6
627	7
628	8
629	9
630	10
631	11
632	12
633	13
634	14
635	15
636	16
637	17
638	18
639	19
640	0
641	1
642	2
643	3
644	4
645	5
646	6
647	7
648	8
649	9
650	10
651	11
652	12
653	13
654	14
655	15
656	16
657	17
658	18
659	19
660	0
661	1
662	2
663	3
664	4
665	5
666	6
667	7
668	8
669	9
670	10
671	11
672	12
673	13
674	14
675	15
676	16
677	17
678	18
679	19
680	0
681	1
682	2
683	3
684	4
685	5
686	6
687	7
688	8
689	9
690	10
691	11
692	12
693	13
694	14
695	15
696	16
697	17
698	18
699	19
700	0
701	1
702	2
703	3
704	4
705	5
706	6
707	7
708	8
709	9
710	10
711	11
712	12
713	13
714	14
715	15
716	16
717	17
718	18
719	19
720	0
721	1
722	2
723	3
724	4
725	5
726	6
727	7
728	8
729	9
730	10
731	11
732	12
733	13
734	14
735	15
736	16
737	17
738	18
739	19
740	0
741	1
742	2
743	3
744	4
745	5
746	6
747	7
748	8
749	9
750	10
751	11
752	12
753	13
754	14
755	15
756	16
757	17
758	18
759	19
760	0
761	1
762	2
763	3
764	4
765	5
766	6
767	7
768	8
769	9
770	10
771	11
772	12
773	13
774	14
775	15
776	16
777	17
778	18
779	19
780	0
781	1
782	2
783	3
784	4
785	5
786	6
787	7
788	8
789	9
790	10
791	11
792	12
793	13
794	14
795	15
796	16
797	17
798	18
799	19
800	0
801	1
802	2
803	3
804	4
805	5
806	6
807	7
808	8
809	9
810	10
811	11
812	12
813	13
814	14
815	15
816	16
817	17
818	18
819	19
820	0
821	1
822	2
823	3
824	4
825	5
826	6
827	7
828	8
829	9
830	10
831	11
832	12
833	13
834	14
835	15
836	16
837	17
838	18
839	19
840	0
841	1
842	2
843	3
844	4
845	5
846	6
847	7
848	8
849	9
850	10
851	11
852	12
853	13
854	14
855	15
856	16
857	17
858	18
859	19
860	0
861	1
862	2
863	3
864	4
865	5
866	6
867	7
868	8
869	9
870	10
871	11
872	12
873	13
874	14
875	15
876	16
877	17
878	18
879	19
880	0
881	1
882	2
883	3
884	4
885	5
886	6
887	7
888	8
889	9
890	10
891	11
892	12
893	13
894	14
895	15
896	16
897	17
898	18
899	19
900	0
901	1
902	2
903	3
904	4
905	5
906	6
907	7
908	8
909	9
910	10
911	11
912	12
913	13
914	14
915	15
916	16
917	17
918	18
919	19
920	0
921	1
922	2
923	3
924	4
925	5
926	6
927	7
928	8
929	9
930	10
931	11
932	12
933	13
934	14
935	15
936	16
937	17
938	18
939	19
940	0
941	1
942	2
943	3
944	4
945	5
946	6
947	7
948	8
949	9
950	10
951	11
952	12
953	13
954	14
955	15
956	16
957	17
958	18
959	19
960	0
961	1
962	2
963	3
964	4
965	5
966	6
967	7
968	8
969	9
970	10
971	11
972	12
973	13
974	14
975	15
976	16
977	17
978	18
979	19
980	0
981	1
982	2
983	3
984	4
985	5
986	6
987	7
988	8
989	9
990	10
991	11
992	12
993	13
994	14
995	15
996	16
997	17
998	18
999	19
1000	0
1001	1
1002	2
1003	3
1004	4
1005	5
1006	6
1007	7
1008	8
1009	9
1010	10
1011	11
1012	12
1013	13
1014	14
1015	15
1016	16
1017	17
1018	18
1019	19
1020	0
1021	1
1022	2
1023	3
1024	4
1025	5
1026	6
1027	7
1028	8
1029	9
1030	10
1031	11
1032	12
1033	13
1034	14
1035	15
1036	16
1037	17
1038	18
1039	19
1040	0
1041	1
1042	2
1043	3
1044	4
1045	5
1046	6
1047	7
1048	8
1049	9
1050	10
1051	11
1052	12
1053	13
1054	14
1055	15
1056	16
1057	17
1058	18
1059	19
1060	0
1061	1
1062	2
1063	3
1064	4
1065	5
1066	6
1067	7
1068	8
1069	9
1070	10
1071	11
1072	12
1073	13
1074	14
1075	15
1076	16
1077	17
1078	18
1079	19
1080	0
1081	1
1082	2
1083	3
1084	4
1085	5
1086	6
1087	7
1088	8
1089	9
1090	10
1091	11
1092	12
1093	13
1094	14
1095	15
1096	16
1097	17
1098	18
1099	19
1100	0
1101	1
1102	2
1103	3
1104	4
1105	5
1106	6
1107	7
1108	8
1109	9
1110	10
1111	11
1112	12
1113	13
1114	14
1115	15
1116	16
1117	17
1118	18
1119	19
1120	0
1121	1
1122	2
1123	3
1124	4
1125	5
1126	6
1127	7
1128	8
1129	9
1130	10
1131	11
1132	12
1133	13
1134	14
1135	15
1136	16
1137	17
1138	18
1139	19
1140	0
1141	1
1142	2
1143	3
1144	4
1145	5
1146	6
1147	7
1148	8
1149	9
1150	10
1151	11
1152	12
1153	13
1154	14
1155	15
1156	16
1157	17
1158	18
1159	19
1160	0
1161	1
1162	2
1163	3
1164	4
1165	5
1166	6
1167	7
1168	8
1169	9
1170	10
1171	11
1172	12
1173	13
1174	14
1175	15
1176	16
1177	17
1178	18
1179	19
1180	0
1181	1
1182	2
1183	3
1184	4
1185	5
1186	6
1187	7
1188	8
1189	9
1190	10
1191	11
1192	12
1193	13
1194	14
1195	15
1196	16
1197	17
1198	18
1199	19
1200	0
1201	1
1202	2
1203	3
1204	4
1205	5
1206	6
1207	7
1208	8
1209	9
1210	10
1211	11
1212	12
1213	13
1214	14
1215	15
1216	16
1217	17
1218	18
1219	19
1220	0
1221	1
1222	2
1223	3
1224	4
1225	5
1226	6
1227	7
1228	8
1229	9
1230	10
1231	11
1232	12
1233	13
1234	14
1235	15
1236	16
1237	17
1238	18
1239	19
1240	0
1241	1
1242	2
1243	3
1244	4
1245	5
1246	6
1247	7
1248	8
1249	9
1250	10
1251	11
1252	12
1253	13
1254	14
1255	15
1256	16
1257	17
1258	18
1259	19
1260	0
1261	1
1262	2
1263	3
1264	4
1265	5
1266	6
1267	7
1268	8
1269	9
1270	10
1271	11
1272	12
1273	13
1274	14
1275	15
1276	16
1277	17
1278	18
1279	19
1280	0
1281	1
1282	2
1283	3
1284	4
1285	5
1286	6
1287	7
1288	8
1289	9
1290	10
1291	11
1292	12
1293	13
1294	14
1295	15
1296	16
1297	17
1298	18
1299	19
1300	0
1301	1
1302	2
1303	3
1304	4
1305	5
1306	6
1307	7
1308	8
1309	9
1310	10
1311	11
1312	12
1313	13
1314	14
1315	15
1316	16
1317	17
1318	18
1319	19
1320	0
1321	1
1322	2
1323	3
1324	4
1325	5
1326	6
1327	7
1328	8
1329	9
1330	10
1331	11
1332	12
1333	13
1334	14
1335	15
1336	16
1337	17
1338	18
1339	19
1340	0
1341	1
1342	2
1343	3
1344	4
1345	5
1346	6
1347	7
1348	8
1349	9
1350	10
1351	11
1352	12
1353	13
1354	14
1355	15
1356	16
1357	17
1358	18
1359	19
1360	0
1361	1
1362	2
1363	3
1364	4
1365	5
1366	6
1367	7
1368	8
1369	9
1370	10
1371	11
1372	12
1373	13
1374	14
1375	15
1376	16
1377	17
1378	18
1379	19
1380	0
1381	1
1382	2
1383	3
1384	4
1385	5
1386	6
1387	7
1388	8
1389	9
1390	10
1391	11
1392	12
1393	13
1394	14
1395	15
1396	16
1397	17
1398	18
1399	19
1400	0
1401	1
1402	2
1403	3
1404	4
1405	5
1406	6
1407	7
1408	8
1409	9
1410	10
1411	11
1412	12
1413	13
1414	14
1415	15
1416	16
1417	17
1418	18
1419	19
1420	0
1421	1
1422	2
1423	3
1424	4
1425	5
1426	6
1427	7
1428	8
1429	9
1430	10
1431	11
1432	12
1433	13
1434	14
1435	15
1436	16
1437	17
1438	18
1439	19
1440	0
1441	1
1442	2
1443	3
1444	4
1445	5
1446	6
1447	7
1448	8
1449	9
1450	10
1451	11
1452	12
1453	13
1454	14
1455	15
1456	16
1457	17
1458	18
1459	19
1460	0
1461	1
1462	2
1463	3
1464	4
1465	5
1466	6
1467	7
1468	8
1469	9
1470	10
1471	11
1472	12
1473	13
1474	14
1475	15
1476	16
1477	17
1478	18
1479	19
1480	0
1481	1
1482	2
1483	3
1484	4
1485	5
1486	6
1487	7
1488	8
1489	9
1490	10
1491	11
1492	12
1493	13
1494	14
1495	15
1496	16
1497	17
1498	18
1499	19
1500	0
1501	1
1502	2
1503	3
1504	4
1505	5
1506	6
1507	7
1508	8
1509	9
1510	10
1511	11
1512	12
1513	13
1514	14
1515	15
1516	16
1517	17
1518	18
1519	19
1520	0
1521	1
1522	2
1523	3
1524	4
1525	5
1526	6
1527	7
1528	8
1529	9
1530	10
1531	11
1532	12
1533	13
1534	14
1535	15
1536	16
1537	17
1538	18
1539	19
1540	0
1541	1
1542	2
1543	3
1544	4
1545	5
1546	6
1547	7
1548	8
1549	9
1550	10
1551	11
1552	12
1553	13
1554	14
1555	15
1556	16
1557	17
1558	18
1559	19
1560	0
1561	1
1562	2
1563	3
1564	4
1565	5
1566	6
1567	7
1568	8
1569	9
1570	10
1571	11
1572	12
1573	13
1574	14
1575	15
1576	16
1577	17
1578	18
1579	19
1580	0
1581	1
1582	2
1583	3
1584	4
1585	5
1586	6
1587	7
1588	8
1589	9
1590	10
1591	11
1592	12
1593	13
1594	14
1595	15
1596	16
1597	17
1598	18
1599	19
1600	0
1601	1
1602	2
1603	3
1604	4
1605	5
1606	6
1607	7
1608	8
1609	9
1610	10
1611	11
1612	12
1613	13
1614	14
1615	15
1616	16
1617	17
1618	18
1619	19
1620	0
1621	1
1622	2
1623	3
1624	4
1625	5
1626	6
1627	7
1628	8
1629	9
1630	10
1631	11
1632	12
1633	13
1634	14
1635	15
1636	16
1637	17
1638	18
1639	19
1640	0
1641	1
1642	2
1643	3
1644	4
1645	5
1646	6
1647	7
1648	8
1649	9
1650	10
1651	11
1652	12
1653	13
1654	14
1655	15
1656	16
1657	17
1658	18
1659	19
1660	0
1661	1
1662	2
1663	3
1664	4
1665	5
1666	6
1667	7
1668	8
1669	9
1670	10
1671	11
1672	12
1673	13
1674	14
1675	15
1676	16
1677	17
1678	18
1679	19
1680	0
1681	1
1682	2
