1	16	4.709587310514571
2	5	7.222990958508348
3	0	11.450576829013318
4	0	5.959383013588123
5	12	6.444242696630226
6	6	10.783475994346318
7	16	5.0956073790288645
8	13	7.5489100876453366
9	13	6.815831444437129
10	14	5.8576181325498204
11	4	9.1100524511638
12	16	16.567715185089114
13	13	8.507044324639292
14	13	7.890788905072508
15	2	6.199675802925206
16	5	4.824139162077342
17	6	8.753603096284634
18	6	2.4591325265440944
19	7	7.027275974350306
20	0	6.003743241442466
21	19	16.698388756585132
22	16	9.959255930104522
23	16	9.40461331619777
24	8	7.807050151866278
25	5	5.248652864462692
26	4	7.229179592427851
27	19	6.978474722236278
28	2	7.065410865135622
29	0	13.793205118129977
30	14	5.528574564986959
31	16	5.225380132890796
32	12	7.423540778935228
33	6	5.537648336880107
34	19	8.450483986024096
35	9	10.187148180584295
36	9	7.266694248987967
37	17	2.9811858213995044
38	6	15.814556825179764
39	19	8.44460455913508
40	5	11.784341662392345
41	5	8.653561182454574
42	8	10.084799327512375
43	6	6.2546880444672475
44	6	5.249128911712596
45	13	8.52755377419032
46	12	5.185898111644139
47	8	7.942281593645758
48	7	10.697482693385414
49	12	5.005430748455449
50	16	14.139143971901161
51	2	13.570769059936746
52	10	11.237560187816822
53	11	12.162098906444406
54	1	8.500578035523269
55	16	5.599494641444016
56	13	8.635624815650011
57	7	7.246278365858287
58	3	3.601659242724485
59	16	12.267772045655171
60	16	12.6544419607323
61	16	8.142366410430558
62	5	7.41392871886945
63	0	6.838406795195007
64	16	17.910615062988995
65	14	6.303131814993156
66	14	5.203910748307363
67	19	10.450722890345903
68	8	5.506539549344595
69	16	5.860435505466433
70	18	4.5565698422084076
71	16	5.404342818596568
72	0	5.237413528948757
73	11	5.311451453137369
74	9	4.128547849649857
75	5	0.945074239692052
76	13	8.686766179706085
77	6	4.880371531990917
78	19	16.375163143547955
79	16	7.688402538671205
80	0	9.167659205078177
81	1	5.786568057412312
82	2	6.091659130063228
83	16	9.494440412219141
84	6	6.7166187313562755
85	0	12.073926214851358
86	16	6.978845155329363
87	3	7.4635086145906495
88	4	4.853856894441645
89	3	9.797951354553502
90	1	9.066409568846236
91	16	6.014840155935367
92	18	6.332943736064511
93	13	7.756015473683526
94	6	8.609860155900872
95	16	5.4274287806811214
96	16	8.562320298102172
97	13	5.811397047863116
98	16	13.092260632277155
99	16	4.682232477197074
100	16	9.374223215240743
101	19	11.821988968460943
102	0	13.709077795072364
103	0	9.955649844852278
104	1	7.650931158144337
105	0	13.72615803611173
106	5	11.672876711804783
107	5	7.817435359296028
108	5	6.33920089072803
109	15	11.324997893494775
110	0	12.467827379190325
111	15	3.2937931072772204
112	0	9.210625797497487
113	16	3.0996574299318804
114	16	15.780124516204769
115	15	8.43419119928144
116	7	5.912990379576183
117	16	6.50838177931324
118	5	6.679926581819224
119	13	3.404181197317997
120	9	17.416092007875605
121	1	4.657525629674504
122	5	22.432875051262755
123	8	6.904090790882023
124	13	9.526885448980254
125	5	5.760963070794024
126	15	7.193234949050888
127	16	13.376201139677416
128	5	8.133411506028303
129	13	11.328065387961317
130	0	15.554793399385552
131	3	9.182614509750287
132	16	7.841448947979503
133	13	8.879276635645233
134	16	12.045198853970671
135	16	9.640901208540818
136	16	7.486022720550976
137	14	8.375289131582338
138	0	10.714996546814358
139	11	9.538909275185398
140	18	10.645834479100673
141	8	4.108817496930321
142	14	8.446425914561097
143	17	8.023291905811778
144	10	9.130987360674544
145	6	9.958628942735144
146	6	5.4597221051127836
147	18	5.489428285248297
148	1	7.487065180474653
149	7	6.474937802075029
150	16	7.946704561539932
151	6	5.599436205527443
152	13	8.890344941239025
153	13	5.875589290413404
154	14	9.084012172787707
155	19	10.02355078783316
156	3	11.193534834900325
157	7	7.896044396634675
158	0	13.585121883198825
159	6	6.9335690839116655
160	10	5.441599943000587
161	12	5.750390995422995
162	0	7.086051932627385
163	10	5.550171585280554
164	12	6.250324746129623
165	13	7.599625043389994
166	13	7.971791524252128
167	19	6.171828047879854
168	16	7.9317831903773275
169	13	13.241127072652057
170	13	13.008788987778473
171	10	6.609372741502277
172	16	10.743192004087103
173	16	9.51845071302108
174	16	11.851500107879701
175	16	8.7480850298447
176	16	8.607573572861197
177	16	7.543024550902345
178	13	11.196142991486433
179	12	8.651193076288628
180	16	8.370237542466663
181	16	8.295541451152399
182	16	7.227142365614207
183	10	10.137487784833308
184	17	8.699658973636208
185	16	10.312322497445436
186	10	5.7154710154056225
187	7	10.218511383985794
188	13	5.276853671212496
189	18	10.64196165064763
190	16	11.408544983654807
191	16	10.330044892684246
192	7	14.099183239509397
193	7	6.750892079432004
194	16	8.953599461478618
195	16	6.180726695868865
196	16	6.278122720869758
197	3	9.104448224030735
198	10	10.735726036498558
199	3	12.337772186920283
200	7	8.264220628497327
201	17	9.040871455582934
202	13	4.926623537184144
203	7	7.564659259605568
204	16	4.890420091330903
205	10	6.352127780493014
206	8	8.314621198925831
207	13	9.774254671460717
208	13	8.928936357831196
209	3	5.399295036704785
210	16	6.844305023186349
211	16	6.992306958556533
212	9	7.248633387078158
213	18	8.008120163537196
214	14	7.229785537761814
215	2	5.950358263568077
216	16	6.056488575268072
217	17	8.182787207923832
218	18	6.595427647098334
219	0	10.521130877560232
220	6	10.524749917375223
221	13	8.939785816143573
222	8	4.834749870521472
223	13	11.380818809808298
224	7	8.60742397976069
225	19	9.91528893307584
226	6	8.22382825496665
227	0	8.348746360095868
228	13	8.241373174623684
229	9	9.95827768770993
230	10	7.045271231295357
231	5	18.22404393614132
232	0	5.605477062143551
233	9	4.1860011594887165
234	16	5.8454564001918445
235	1	11.891048248565562
236	12	6.612868598659984
237	13	4.799528462879428
238	13	7.724298622133867
239	11	4.537143458173425
240	0	13.199048167958175
241	4	6.499141352959458
242	16	10.13876047898894
243	19	18.793475285932693
244	14	8.884181812189137
245	5	7.913165174728621
246	10	9.109571268257428
247	18	7.349231807965392
248	2	8.177902047444489
249	6	6.27485881133786
250	18	9.40616523420707
251	7	10.615668467460713
252	5	12.362404009130533
253	8	7.9646514596524005
254	0	16.088192203852017
255	14	7.121106933691653
256	13	3.1039536437566557
257	13	3.8233723113083813
258	16	5.979892196909643
259	0	17.914289958939378
260	0	15.73844414813545
261	0	14.017531884179022
262	4	5.169426057236922
263	1	10.87170374139347
264	1	14.743838066274733
265	16	6.225009618555459
266	0	15.798746601257278
267	13	0.7671568163954534
268	10	7.293461514620783
269	13	6.988934630148192
270	10	7.666429392848766
271	11	7.898321626396951
272	16	13.846924727900351
273	13	5.628392837341417
274	14	6.712237935346053
275	13	6.605069319834671
276	16	9.910662139341683
277	5	6.417148810115133
278	17	10.067033889472883
279	5	6.2059348478663265
280	5	8.165651747878158
281	6	9.998334141899768
282	2	5.1999494954748595
283	7	9.821009585891181
284	6	6.829616006650927
285	16	10.748641429708586
286	2	6.228381669570197
287	12	7.3616058153391375
288	8	5.225433263572743
289	0	11.634547404935967
290	5	8.175012916341219
291	6	5.1033664589497
292	13	6.987373652243414
293	16	7.127772739759806
294	14	7.617939997587959
295	6	9.820467140440488
296	8	0.8330368673198838
297	7	5.412383196263594
298	2	7.040240086843134
299	5	8.245364788225201
300	13	4.25985566067553
301	1	8.298627374019853
302	16	11.148003919810341
303	7	5.636913283366384
304	10	6.627847696691556
305	5	9.941381971120475
306	4	7.996980943097082
307	7	5.5036072139407075
308	5	5.254492192557276
309	19	9.130075635019924
310	10	7.506244114609297
311	4	6.107221368669484
312	6	12.859783595245988
313	16	14.09327471170605
314	1	6.492327950779519
315	16	12.92929566748611
316	16	10.827680215906163
317	14	7.781555468353278
318	7	15.7706713647334
319	19	10.732085501612678
320	7	3.0001639307666785
321	8	9.466664269691085
322	5	8.041471026947296
323	5	9.661935418722923
324	19	13.87774948913075
325	9	20.259747108247957
326	14	8.601779199327906
327	5	9.31960048135731
328	17	5.2016435803939345
329	1	7.427160896576652
330	2	6.88188137440565
331	13	4.351350883308587
332	19	9.083866812686896
333	13	5.135727112010864
334	9	9.541913688998132
335	0	6.890899987820724
336	6	8.158441091029584
337	19	5.504178998459857
338	5	14.856012022327294
339	19	6.320928034906975
340	2	6.5339456241682345
341	19	4.837662493263716
342	1	13.441818520774078
343	1	10.610928825023223
344	16	10.156541946318985
345	5	8.472858648658244
346	8	8.061502231260238
347	18	6.525074769384531
348	19	6.135047504537113
349	5	8.670397406908105
350	9	7.837702665471358
351	9	7.412874391989481
352	6	13.948920362011693
353	9	8.358342668074062
354	3	11.15921310838724
355	5	11.423059325852385
356	13	5.422622113653293
357	16	10.7423712697452
358	0	18.625966038924318
359	0	3.7221384561353985
360	4	4.627779450173481
361	17	3.41454157769395
362	1	5.470831073015039
363	9	11.353693143015564
364	0	12.923699407045728
365	14	6.377244545873152
366	6	5.096142148977288
367	11	5.898895678461395
368	19	14.929749751304037
369	0	13.484080512643182
370	5	7.007445249783025
371	0	12.705107521613705
372	16	6.594659074794286
373	0	7.564668961934997
374	6	5.1315401637729465
375	6	13.992586562176637
376	9	5.2630221586022525
377	9	5.291857177256938
378	13	7.538497474348721
379	17	5.962803539877726
380	5	6.016036283588727
381	17	6.8520360159221045
382	12	7.706890213819497
383	0	17.04761062805999
384	0	13.463841458980891
385	5	7.496277084454643
386	0	10.79250841841464
387	5	4.741055444926424
388	5	11.772356501388934
389	1	4.350349631982837
390	13	7.001100225595996
391	0	11.39305592013584
392	5	7.327791071335252
393	4	4.348545879083801
394	19	7.350287375003236
395	1	19.08873088407528
396	6	8.437002755991161
397	0	4.838852356626219
398	9	13.557105852685947
399	0	4.66126354731958
400	10	6.821152109505603
401	11	16.265272172814093
402	5	6.8132774963502705
403	8	4.040233092404517
404	16	6.893430629676574
405	5	5.821564360735889
406	5	19.19869127961338
407	0	17.485022970742236
408	7	15.908860698133473
409	6	5.978403147135097
410	19	9.250544402405788
411	0	9.876129463160765
412	0	22.928679657574765
413	0	11.909641502546823
414	3	6.988261151364747
415	14	8.732694481815985
416	7	5.333816872879204
417	6	10.82726941169023
418	2	8.081053492381061
419	18	8.009472349222557
420	10	4.2312116816310485
421	19	10.293175899236926
422	6	4.4125539082474745
423	16	5.5415680495646455
424	9	9.726501816900157
425	13	6.698415466908102
426	2	4.513661083882276
427	16	11.239614748671848
428	7	8.101041073853297
429	16	6.081235462854921
430	4	9.700314254824523
431	10	7.481194985596448
432	3	7.054511452471646
433	13	5.4830042809626764
434	16	4.164977758290794
435	16	7.374581675943954
436	16	6.007012749019879
437	5	3.9735447262757377
438	5	2.9735447262757377
439	5	3.9735447262757377
440	0	8.783853978491294
441	6	7.012198324655043
442	5	2.9735447262757377
443	13	5.9016002057948915
444	9	9.572261587984459
445	10	2.7441191593440313
446	5	2.5453299946902197
447	9	6.026776090571758
448	19	9.61029369007933
449	0	12.81747151376396
450	5	17.34139872557476
451	0	8.517146407632904
452	0	12.615986909154037
453	0	5.6700392516328915
454	6	7.44308312530837
455	1	9.658718036940867
456	14	13.231129195706124
457	5	16.184695840018726
458	5	9.22274251978635
459	4	6.2746166791598394
460	5	7.894111618682293
461	18	6.264289438469428
462	7	5.431964290132355
463	7	9.579873928103465
464	17	6.669133012953813
465	10	11.276313042992397
466	7	8.379160210348564
467	13	5.52044741816664
468	19	9.419725749907965
469	2	9.77560722494457
470	16	8.37435850036658
471	2	4.867140936050088
472	6	10.342117389377103
473	14	9.428966188926674
474	16	10.183305561899001
475	16	7.300593477449494
476	6	10.992902809071971
477	7	10.959133492900948
478	16	8.990513060223947
479	16	10.687650600550846
480	13	11.1671465760245
481	7	7.434326530240419
482	16	9.36415250173569
483	16	14.333801004032077
484	16	10.147957728368684
485	7	8.400710124351455
486	7	5.337084808221908
487	7	9.564516138618236
488	7	10.902434761351612
489	7	5.659685939007868
490	7	5.415560976677579
491	13	7.290764169659525
492	3	5.800038541284198
493	9	6.352276741640808
494	7	5.826074222570531
495	11	3.757274670803758
496	16	11.429331492758056
497	13	7.657648515095733
498	16	10.100149347943082
499	7	6.555362315198254
500	10	4.30789387099359
501	3	5.689218625998881
502	13	8.473954126918738
503	5	2.754442755106065
504	17	8.62621984171056
505	7	5.985482309082203
506	3	5.913757180821573
507	7	4.709932123586874
508	13	6.4729738671397525
509	7	4.472667293889678
510	13	11.106693555076138
511	7	12.433953454392721
512	16	10.980064405196428
513	16	7.806378699529478
514	13	10.273800987884112
515	16	10.494119252062752
516	16	7.203497829350433
517	17	7.017208545542948
518	10	6.5092523975244
519	13	10.952068211959425
520	16	8.825082014358987
521	1	5.19088225111566
522	14	7.967350580679241
523	10	8.247981392381718
524	16	9.863724188618647
525	13	8.590027175808002
526	7	7.6232872504464275
527	16	8.376934853074536
528	3	11.074742515865733
529	7	7.412732268305115
530	10	9.880591613685933
531	10	7.581796991166186
532	8	4.555746061818461
533	10	3.0041562638318466
534	14	4.6469637089491265
535	6	6.528748888191039
536	14	2.5673540635252916
537	3	6.1444054303625695
538	18	10.734494087695934
539	4	11.270703715640874
540	0	13.668336195416114
541	5	9.57793485449944
542	5	13.67812408093219
543	7	4.338615240362241
544	13	6.3554771193265065
545	6	6.724889146558549
546	6	9.705875799719804
547	19	3.6400408265310213
548	0	4.440222171701592
549	17	5.596256084587346
550	4	7.754345060428388
551	9	7.792393652493823
552	5	6.393425872786921
553	5	6.200129152782663
554	0	14.508609619212045
555	6	7.2384167032337565
556	5	3.515362071178107
557	3	3.2664995330146334
558	3	6.355175456155469
559	6	6.456009622972493
560	0	7.190061318809988
561	0	5.841165841439249
562	5	6.434692736630968
563	0	6.619862090121494
564	0	13.787354418075951
565	6	5.633653603013413
566	4	3.861646342898645
567	0	7.479460229602003
568	13	6.967837084296035
569	0	9.479514880259938
570	19	6.174151873202052
571	1	11.750316375481852
572	9	5.731008682254134
573	19	8.70315065639114
574	19	11.059276627855418
575	0	11.706357822782262
576	14	7.671190601001072
577	14	12.678022954220147
578	11	8.767324217575405
579	0	7.246658171605709
580	1	7.993164838628006
581	1	11.453077830097971
582	18	9.77047174941519
583	0	9.630930745171087
584	5	6.829407028420976
585	0	13.424260215757993
586	0	11.067309370879356
587	13	1.6286227551187369
588	16	5.617205925641131
589	14	6.98889590402122
590	0	10.516080683854547
591	15	6.761930086736444
592	6	2.5179160133066913
593	14	4.354430166588262
594	6	4.492036568319456
595	0	8.554347550307895
596	0	8.866988887945851
597	0	7.615798422802034
598	19	4.282573450531545
599	0	2.8580289455547896
600	0	0.8580289455547896
601	4	5.855425209389165
602	4	5.912662635877097
603	16	14.009805657340879
604	4	8.517971362238455
605	5	5.251601430783984
606	7	8.68817444536511
607	16	6.364524446523349
608	3	4.587666120164121
609	17	6.802046864485282
610	5	7.440947537776744
611	13	6.839175279175495
612	16	5.685961556219254
613	16	5.317939057763171
614	14	8.103193420713893
615	10	10.277581366340804
616	18	7.075888405034808
617	12	0.7472713075261668
618	16	1.9462465024357543
619	17	5.281579157726924
620	9	7.33419696886712
621	0	3.3120180380625768
622	3	3.949895910779622
623	14	8.052010219939012
624	16	9.921949814145055
625	17	4.358144050637902
626	17	1.0938664722087181
627	0	5.882579180249776
628	7	4.61840953738967
629	12	6.18818244223397
630	1	4.788070088461664
631	7	11.510556764774151
632	10	8.618093835418701
633	16	9.003344408006114
634	19	7.496073680400813
635	0	6.093783609685072
636	11	6.119651554531
637	0	5.272877589759823
638	10	4.687519028154522
639	5	4.921298189276106
640	0	12.950831552312444
641	16	10.914579069925335
642	12	8.220294789380393
643	5	0.6714920132825175
644	10	6.597404185753451
645	16	5.258912273354868
646	13	5.631667488813255
647	7	12.578504888369032
648	10	5.445689027725541
649	19	3.021996138591514
650	11	9.43745188391846
651	13	7.871903954092088
652	13	10.422395278500533
653	13	6.238569488860458
654	7	9.555310905420827
655	13	4.378270318418348
656	3	7.631811347317495
657	16	12.193389320903483
658	6	5.754605358685009
659	16	10.153990533656183
660	13	10.170269064984671
661	16	8.501245064673439
662	6	7.604608535638261
663	16	6.999089773175207
664	12	7.015880335425967
665	5	12.489025256833365
666	6	3.84674484213552
667	0	2.990222171701592
668	5	2.3184261245279223
669	0	11.210324566726586
670	0	7.090869653944003
671	16	4.773134595729477
672	6	11.997709000675226
673	9	5.264222451950168
674	0	6.6693724068880105
675	9	7.313034794288074
676	5	8.60558272271743
677	0	0.8580289455547896
678	0	12.154535954835646
679	5	9.569684932067135
680	5	10.455382748796689
681	1	10.162994903565862
682	9	13.61628971893175
683	6	9.934098041565594
684	16	6.667252707216159
685	6	5.47338734161932
686	11	6.748568998363446
687	0	19.815014282688434
688	5	23.893533580667544
689	0	10.696368597921802
690	10	6.315183400697462
691	8	4.33913530507492
692	4	5.384868223612655
693	13	7.3993651930179
694	16	6.735796085264736
695	10	4.35082772384374
696	6	7.513393848045122
697	14	9.39831684380761
698	1	2.364137679174682
699	16	7.215288573978571
700	0	9.751433165489367
701	16	1.98272953024536
702	6	12.418607004166494
703	4	4.47798896364259
704	0	6.666932760437287
705	16	9.087621589404637
706	6	2.505083369900423
707	3	5.6679686026947795
708	0	4.117353950392216
709	16	9.118743829497411
710	14	7.469507575281756
711	18	0.0030525030525030417
712	0	7.450305230428487
713	16	6.380542795506148
714	5	2.555950180548108
715	9	5.033518310023998
716	14	10.57884626332519
717	6	9.926585769710671
718	18	5.457262515861931
719	14	7.868405926976248
720	0	8.846556195375431
721	10	8.683819570640516
722	0	11.91983471824186
723	18	9.550867428554774
724	10	6.061346206196601
725	0	5.009945525388645
726	6	9.710423199278068
727	19	8.668994209839607
728	9	8.771257522545223
729	9	7.681895669989556
730	4	4.699002291509993
731	0	5.783447340317906
732	14	4.834296247410899
733	9	3.5605822393346833
734	9	9.638216858991385
735	8	7.913489231225858
736	1	11.268097802364911
737	19	11.316682375622552
738	19	9.888342843072108
739	1	8.716453055428298
740	14	9.80859341777959
741	13	6.176703513125931
742	2	4.095110817590634
743	0	16.236332108447545
744	6	6.137877811621397
745	14	5.148500395417
746	13	4.468642455084206
747	0	9.255701538647351
748	5	8.311429104816778
749	5	10.226048417329274
750	13	7.0360692516322825
751	4	6.6738197464178945
752	5	3.5742427742117338
753	3	5.102293554429568
754	14	6.301360946024195
755	10	6.904847012302202
756	5	11.239960892933851
757	3	0.9357736225041076
758	5	6.43460558603143
759	9	7.801698078871421
760	19	14.140492974881408
761	17	6.691177885877767
762	4	6.244317357128556
763	14	4.877750625958397
764	4	12.045658820478979
765	14	6.215322399988663
766	11	2.1809356314612636
767	6	4.982825654495057
768	6	8.31355547434056
769	5	15.273008045775219
770	5	10.771119050859173
771	5	9.93137321419957
772	1	11.202753118523933
773	9	6.743036351581365
774	14	5.597429729196696
775	14	7.592291246711129
776	10	1.7972805586997902
777	5	2.9735447262757377
778	10	6.3530180556944975
779	0	10.154785174208815
780	0	10.053187165625614
781	1	8.830534698489084
782	5	3.8992271710028974
783	9	11.690226360131813
784	5	1.766373411534702
785	0	6.486024014733587
786	5	5.406496738365334
787	0	6.698541461421545
788	1	1.9133805823584664
789	13	5.533666761341228
790	13	6.800630367123285
791	19	7.084200868106301
792	7	6.261456426227491
793	7	4.23449260856391
794	13	4.128827573531339
795	19	10.131402704699797
796	0	9.972576578422887
797	6	4.3224384290689795
798	5	5.153030713215681
799	3	1.9552803868576913
800	5	7.0783061555859845
801	9	4.702837603391338
802	0	5.523601415632392
803	6	4.547566619228483
804	11	2.524229025501237
805	3	4.575949227062401
806	11	4.704344570124406
807	9	4.207588813366492
808	14	4.9399877961341705
809	9	6.925582205944908
810	0	6.894731493220912
811	13	2.977642304061743
812	1	3.3002301693043328
813	12	8.419750650077312
814	13	1.9739854318418315
815	11	7.065586662246227
816	1	9.715299764576649
817	5	0.09970674486803555
818	5	9.171191819956743
819	19	11.317791069682439
820	0	12.541593658900975
821	0	4.164000127361883
822	9	0.8221423582946326
823	5	9.055196429053312
824	1	10.539877303857978
825	6	7.500153528528335
826	19	9.21968444674504
827	6	12.167138991572314
828	11	6.378021049687755
829	6	8.880703448935288
830	5	1.766373411534702
831	6	16.80967141954185
832	0	9.748291817061833
833	17	7.113030484648123
834	14	9.665193050934768
835	10	4.496949596154516
836	5	5.2871526700995926
837	16	6.19484339706463
838	7	5.343818947795013
839	19	0.8138025982720647
840	5	7.662438668510265
841	11	7.5628402025198325
842	14	6.6237371970134
843	11	9.880226353739214
844	10	9.642273783378414
845	5	5.124282552889314
846	0	7.379651291390402
847	13	6.315606926587044
848	16	2.6057908203018285
849	9	11.144104851458055
850	7	0.9416017330013902
851	16	1.9544282336144199
852	5	1.766373411534702
853	3	5.8909949115528075
854	14	7.148963065172454
855	16	6.755434861201677
856	18	7.588672405216025
857	15	0.001962708537782021
858	5	1.766373411534702
859	6	3.3856430177887535
860	5	2.3405680899283157
861	5	0.4330400782013686
862	19	14.718817148099873
863	8	6.636301443657366
864	1	8.2750543905829
865	13	6.039284483990368
866	8	7.932162643671221
867	10	2.991301652244318
868	8	2.976501859862486
869	6	3.027034983511766
870	1	3.0902120324871616
871	11	15.63095248095692
872	14	9.72239176550039
873	19	13.03317502846588
874	1	4.810656754647443
875	11	13.013464264808606
876	6	10.158072881012906
877	0	14.88268364124855
878	0	10.796373937728823
879	10	8.536957356046013
880	9	13.393379081064948
881	14	10.901641875368545
882	16	6.538826322972497
883	19	5.503348498241539
884	17	5.616730913968509
885	5	10.072503224603002
886	6	5.321026237326837
887	15	6.9203529841231415
888	1	3.0362084470090487
889	18	2.0518253198591534
890	5	22.756525398320843
891	6	2.938005765980714
892	0	11.82973369018577
893	11	8.299897925173443
894	1	10.292903375093102
895	0	9.787036259543987
896	7	9.023929825699906
897	19	3.308303631338221
898	9	11.218650571794292
899	6	2.0742972522722
900	10	4.904808106357576
901	6	4.867871602698901
902	13	10.538445032470015
903	3	2.9349425655415886
904	19	5.198963135832807
905	10	5.832044786120648
906	0	6.4886040841988315
907	19	1.9755724174653886
908	0	7.000244001440061
909	9	4.006002712603542
910	7	3.611810193843322
911	5	0.639225645211678
912	6	2.92536895126457
913	5	0.26637341153470206
914	17	5.1245793067633
915	10	3.8429960114075867
916	0	7.158409969589734
917	12	1.9700405382953976
918	6	1.7456493804766784
919	19	14.519663663968831
920	4	1.8209090235439105
921	16	9.321940271816734
922	19	6.074075543868931
923	7	9.297737954138666
924	4	6.82678622592292
925	16	6.915050225131689
926	0	11.00057461082093
927	9	1.5226722473491119
928	5	9.055699696180744
929	8	7.228702182145181
930	6	14.41695366150129
931	6	17.747870554214558
932	1	11.068932158923216
933	5	8.786292582436468
934	19	8.764957763413458
935	11	1.7025609347951054
936	10	4.045621346052327
937	5	6.151072295695272
938	0	6.3651791408232
939	17	4.2730793958884385
940	12	8.315670283615844
941	6	8.915961895398807
942	3	6.659129244362735
943	10	6.210951342269144
944	5	9.16918186885023
945	18	7.453290504269217
946	5	5.327204864482448
947	7	5.547951177176973
948	6	16.330331289932353
949	12	7.825835796090308
950	0	9.947817423315177
951	5	7.275001266396398
952	10	11.280305423536634
953	0	1.8981007218617774
954	17	3.8255291735445307
955	19	8.374441390456253
956	13	3.918305545609628
957	5	2.6714920132825175
958	7	2.1948246241921954
959	7	6.65163873538328
960	19	10.29338729739969
961	3	5.99916704213944
962	16	6.7829600515137685
963	14	6.867048058291722
964	11	2.3748696157121887
965	5	4.123172275886921
966	7	5.412589704064762
967	3	2.3092855272660127
968	16	6.577092248936314
969	13	8.360895721637654
970	6	0.7713390993140474
971	10	5.482932898065021
972	19	4.523659625618388
973	3	1.0355969156767983
974	14	6.481888823961134
975	11	9.774939351604601
976	0	8.241186135544806
977	5	10.999279433009828
978	6	9.452308889765607
979	5	4.663355725055066
980	17	2.0083391334837057
981	1	5.084920543372112
982	17	5.78769903258844
983	5	8.307810023077197
984	5	9.608665941224388
985	6	3.479858877920996
986	0	8.773906916164746
987	14	2.2291666666666665
988	0	17.254282513077804
989	0	6.536052785806467
990	10	11.068757359235224
991	8	8.919520243567703
992	17	1.7753501400560223
993	13	6.377397754418362
994	1	2.2892909105080608
995	7	6.548217706224107
996	6	9.112400431831029
997	6	12.25622201643993
998	19	7.791541797844512
999	10	3.7495049785903274
1000	9	4.728930034987068
1001	19	13.724118208153445
1002	0	9.297101111251857
1003	0	4.329372185774207
1004	6	2.674345075240129
1005	6	7.375547184762512
1006	10	9.344267897900476
1007	16	7.631388872512801
1008	8	6.947654737539973
1009	14	11.398550468784727
1010	1	10.351988698306856
1011	11	7.367605917500777
1012	2	8.581210145965288
1013	1	16.205290040226707
1014	14	8.139233239814658
1015	10	7.090008083104097
1016	6	7.556381145401874
1017	14	7.382517622899021
1018	0	6.601531070567448
1019	10	7.237863019731148
1020	8	4.77761173083962
1021	14	8.698461260557767
1022	9	6.836233352784651
1023	9	9.767185611633682
1024	19	4.096612916826715
1025	9	5.249485158703843
1026	0	3.321304608952709
1027	1	3.2892909105080608
1028	5	12.30625240851694
1029	9	9.855436101644495
1030	11	8.51165666832926
1031	1	3.8253557338307536
1032	6	6.4818591653282285
1033	14	6.252702796304482
1034	1	11.132278709264572
1035	6	7.84535977649545
1036	5	11.2707881809899
1037	19	15.496301810452309
1038	6	4.9301278982651535
1039	7	11.74859370023466
1040	14	8.352151694694344
1041	6	9.056550265847763
1042	0	7.595889869163539
1043	11	3.63775045558469
1044	14	5.145616018181302
1045	12	4.096080460046566
1046	6	4.2965273510785735
1047	5	12.939574499121917
1048	19	10.213350477233876
1049	8	12.522583454935564
1050	7	4.187758702725803
1051	14	6.59101135831985
1052	5	12.016764503749837
1053	6	3.2889469631505217
1054	6	9.323585421526012
1055	19	3.014857756037194
1056	6	2.5108141062047844
1057	6	13.8821714324867
1058	9	6.339025523507969
1059	1	11.652386231192487
1060	0	6.312323561730855
1061	14	6.424191216963728
1062	14	4.660413921049276
1063	13	6.397872663011513
1064	3	2.447570475824516
1065	17	11.504602000617611
1066	14	3.5956318685753503
1067	5	5.522155856288656
1068	0	2.6459231295886614
1069	19	5.4920905929050825
1070	10	5.701787093126659
1071	1	3.6160016313695627
1072	19	4.538853154595326
1073	13	9.239454962105206
1074	1	12.888939889181191
1075	1	3.9145310880738196
1076	19	4.581969585797245
1077	10	4.262089186382344
1078	5	7.638730056148667
1079	6	18.540817999243025
1080	12	1.192145603961439
1081	14	2.3453305568937033
1082	6	5.1459337853745675
1083	5	5.126188643759131
1084	8	6.389939269792243
1085	9	2.7243629418104627
1086	5	3.0542889576565493
1087	0	7.68486717771844
1088	14	7.530586665637957
1089	0	16.24375900012213
1090	9	16.289882705237265
1091	0	8.76253844365075
1092	9	5.083736721533738
1093	5	8.899480233718078
1094	14	12.338463877848172
1095	14	9.89406482182489
1096	14	1.6311063218390807
1097	10	6.5485456306516285
1098	10	4.384145664674703
1099	14	5.937124531734044
1100	9	4.526507145143901
1101	7	11.397289720810662
1102	3	5.6792940061971535
1103	10	4.913023252885939
1104	10	5.340088926210193
1105	19	8.6462600211788
1106	19	2.012149705710081
1107	14	4.227184028872567
1108	6	4.301290296680975
1109	0	8.117196446730777
1110	0	9.448995600007446
1111	10	1.7847987335857054
1112	4	4.5098769077621075
1113	6	6.308441596611873
1114	6	4.673586327832464
1115	5	3.123140111474369
1116	13	1.4697216971731333
1117	5	3.9211878145853793
1118	19	6.350949905838247
1119	13	6.373537673758683
1120	5	5.50061551260882
1121	1	4.7019786409987745
1122	7	0.9273885350318469
1123	15	0.009749137903743765
1124	5	1.2848883793647863
1125	7	1.572611464968153
1126	15	7.457936055519983
1127	14	2.3764545243640667
1128	3	7.928373463561494
1129	7	11.169420588992176
1130	13	0.46938775510204067
1131	2	3.258114928909554
1132	1	7.720628397211035
1133	1	8.526867609830594
1134	14	5.855597233425923
1135	5	5.761025143743904
1136	14	4.853041737307126
1137	19	11.549673704543753
1138	3	3.3920972864589656
1139	19	11.062785696384182
1140	5	11.833760440359203
1141	14	2.6773742953307833
1142	14	6.261489339680509
1143	7	5.1758595357850865
1144	7	0.9416017330013902
1145	14	4.262075205709782
1146	14	3.454022988505747
1147	13	4.285180521554919
1148	9	2.006998035920967
1149	14	5.456053587834902
1150	3	2.340804280252157
1151	5	5.9127093521965435
1152	6	3.202374209517746
1153	18	7.16950712197799
1154	17	7.143031293954662
1155	8	2.157224751428751
1156	8	0.04477611940298498
1157	14	9.13719106192478
1158	16	1.9687673857341204
1159	1	4.661636165680763
1160	4	6.476151319847931
1161	6	3.235783053499708
1162	5	6.152866384968808
1163	6	6.454651637240129
1164	6	2.8718398566671546
1165	5	10.586157154319377
1166	8	5.673905163598963
1167	16	5.17859770007504
1168	14	4.7739523450668475
1169	18	2.8596991762731654
1170	15	9.696677639364628
1171	5	3.922330260843074
1172	3	4.588577527963542
1173	19	2.4139803020942034
1174	5	3.0982569832446085
1175	17	2.748628376970623
1176	7	8.548545323831984
1177	6	8.052666924336327
1178	6	7.102458660962632
1179	14	5.371281756566145
1180	6	9.075480829711267
1181	19	5.988764905074575
1182	6	8.13547526770805
1183	6	7.223384062233496
1184	5	3.3791193464563776
1185	9	11.03351558103742
1186	8	1.0355843198673362
1187	7	4.49937453838026
1188	0	8.586258311102299
1189	10	2.1005363807603157
1190	11	3.4498057156893434
1191	7	0.9416017330013902
1192	5	1.6742697910602953
1193	16	2.0507038824748682
1194	14	7.501767899131376
1195	14	3.9487561121482364
1196	19	0.3138025982720647
1197	6	4.043760567362457
1198	14	2.4639934199319002
1199	19	11.90459003792201
1200	1	2.012638039059052
1201	7	0.9273885350318469
1202	4	4.533090093521133
1203	7	6.635861636467251
1204	6	3.3396024925122747
1205	6	2.34674484213552
1206	11	7.819521482982609
1207	14	6.77100916236849
1208	0	4.30492675918068
1209	6	6.071716863162331
1210	0	10.713496643454453
1211	13	2.9277066565983243
1212	3	2.70196067286382
1213	14	5.689422796488191
1214	0	4.722551025573237
1215	6	12.627175896701077
1216	14	0.15148809523809526
1217	6	10.571516764741634
1218	4	3.002032881335026
1219	0	7.948605800146923
1220	0	5.817943380864035
1221	6	9.777738439513419
1222	0	5.546191520902147
1223	12	0.631178511433371
1224	5	3.189973352530961
1225	0	7.371484875198345
1226	19	4.171281801699147
1227	0	5.725298278320491
1228	0	9.65070229984073
1229	9	8.787501702404116
1230	0	14.335364771575213
1231	19	6.530739830262667
1232	14	6.573314660513212
1233	14	0.6117404611686945
1234	6	6.281175342273826
1235	13	0.46938775510204067
1236	14	0.07857142857142874
1237	14	0.8874974115504868
1238	5	3.312236119874878
1239	5	11.022581220794592
1240	12	9.682302784160596
1241	10	3.1896392500329767
1242	5	7.184508006294227
1243	13	3.5557091281804736
1244	5	9.057638467912177
1245	12	3.1275390067929787
1246	5	4.687314798092644
1247	6	6.400028571697975
1248	0	2.5094714896204904
1249	6	2.3382320165626727
1250	5	4.863553254345613
1251	8	1.7704863355893292
1252	19	3.140867289394104
1253	17	6.661075339967439
1254	14	11.929618817868928
1255	14	5.458336887952773
1256	5	0.7663734115347021
1257	6	2.2673797627704406
1258	14	9.588831972787789
1259	6	2.84674484213552
1260	19	2.7825734505315447
1261	19	1.8138025982720647
1262	10	4.5669775424902745
1263	5	7.209548343090701
1264	14	1.441235729307496
1265	14	8.071650591959783
1266	6	3.8245868831354564
1267	0	4.917470553386428
1268	0	5.821799178019711
1269	10	3.7039301607347768
1270	5	5.086533271014067
1271	5	6.1084685931992375
1272	6	5.3904965730850645
1273	14	4.811999959804662
1274	0	8.215364529758583
1275	5	4.068426124527923
1276	5	7.102840978985637
1277	7	5.043418669024653
1278	3	1.1005027842487443
1279	6	3.860290536573424
1280	19	6.558007891543346
1281	1	5.428452135258465
1282	5	4.134088265360647
1283	1	11.641334783483657
1284	14	6.191644058485252
1285	1	3.1580462654555927
1286	7	4.931221993187085
1287	14	11.27972896124928
1288	19	3.8598294584094677
1289	0	6.4828693207733075
1290	6	2.9340464294371076
1291	11	13.66271248249033
1292	14	5.191235729307496
1293	10	2.1005363807603157
1294	16	6.767050272613078
1295	5	5.026299668310006
1296	5	7.339263684387623
1297	19	4.923709346320537
1298	4	1.9561820532477845
1299	9	2.877368406291337
1300	0	5.8794137706712775
1301	3	1.2116256222925834
1302	14	1.9659071278353615
1303	9	6.242266782332109
1304	16	3.0870664248469732
1305	19	5.671679071050504
1306	1	2.989030612244898
1307	19	2.9755724174653886
1308	19	3.9755724174653886
1309	0	2.1648351648351647
1310	0	0.1648351648351647
1311	6	7.662055346882646
1312	18	2.2286842740936077
1313	18	8.123838338778922
1314	9	6.629587125273062
1315	15	6.332780715202807
1316	12	4.048629435411992
1317	5	3.0684261245279223
1318	5	3.6714920132825175
1319	5	3.1714920132825175
1320	5	1.766373411534702
1321	1	2.3586734693877554
1322	0	1.9718465118726158
1323	5	2.87874589929288
1324	14	3.968173502534447
1325	5	1.766373411534702
1326	10	1.6270040567796227
1327	12	4.052789742534883
1328	5	2.5215189814984993
1329	5	1.766373411534702
1330	19	0.6422390841320551
1331	3	2.4250079052865456
1332	5	2.6714920132825175
1333	0	1.645334493027205
1334	5	1.766373411534702
1335	14	6.9575726341563655
1336	5	8.041855881528026
1337	0	6.141364130566564
1338	5	1.6714920132825175
1339	5	1.766373411534702
1340	5	1.766373411534702
1341	5	1.766373411534702
1342	6	2.0253073532823014
1343	5	1.766373411534702
1344	5	2.2120792326262135
1345	19	1.9755724174653886
1346	5	3.614364880646304
1347	5	4.3787458992928805
1348	5	1.766373411534702
1349	5	1.766373411534702
1350	1	2.9133805823584664
1351	5	0.7663734115347021
1352	5	1.766373411534702
1353	17	1.8346517705314154
1354	5	1.766373411534702
1355	16	2.546560163618325
1356	19	0.8138025982720647
1357	5	2.1714920132825175
1358	5	2.9736272975450646
1359	5	1.766373411534702
1360	5	2.9750690637086152
1361	6	0.4340464294371076
1362	5	0.7663734115347021
1363	5	1.766373411534702
1364	5	1.766373411534702
1365	7	2.8968979131415677
1366	5	1.766373411534702
1367	13	2.6326747785632607
1368	13	4.726849324720009
1369	14	1.020921937477281
1370	5	0.9736272975450646
1371	5	3.6714920132825175
1372	19	1.8138025982720647
1373	5	1.766373411534702
1374	5	1.766373411534702
1375	12	3.069962768745325
1376	14	7.876080368903586
1377	5	2.37874589929288
1378	1	0.9133805823584664
1379	19	1.816990284250671
1380	1	2.074464785914366
1381	5	2.5943128444542505
1382	5	0.7663734115347021
1383	14	3.373080967402734
1384	5	1.0997067448680353
1385	19	2.3417265668838785
1386	0	3.192355635813683
1387	5	0.7663734115347021
1388	16	0.24095333398192276
1389	17	1.7605331388753847
1390	5	0.7663734115347021
1391	5	0.7663734115347021
1392	5	4.398521890532228
1393	5	7.1023596566157625
1394	5	0.3378019829632737
1395	10	2.1700074873141273
1396	7	1.4402243225330702
1397	14	3.5619253844799097
1398	7	2.1795024541678902
1399	5	2.9539333502313023
1400	6	1.0372210326117108
1401	14	6.606994515353806
1402	6	2.6992152666309965
1403	9	2.930290529316997
1404	10	4.222481714465422
1405	10	4.833353309103822
1406	14	1.1810831108144195
1407	0	12.066179399943458
1408	6	3.9340464294371076
1409	0	3.4364736272225858
1410	1	3.933958369672655
1411	6	8.781311227057612
1412	19	7.146948582134623
1413	9	5.866960862646799
1414	5	0.7663734115347021
1415	6	7.092224381285433
1416	0	3.1401656458839278
1417	5	0.26637341153470206
1418	13	1.2976569294263727
1419	0	7.043980561754423
1420	0	5.273321978761617
1421	9	3.774113611321484
1422	5	2.378663328023553
1423	5	0.9725589785450115
1424	5	1.6714920132825175
1425	5	6.699690338159893
1426	6	4.092434824667608
1427	19	3.7197065777439837
1428	5	4.505080779333358
1429	17	2.2605331388753847
1430	19	0.9755724174653886
1431	16	2.822493773576831
1432	5	1.766373411534702
1433	5	0.7663734115347021
1434	19	3.100151616552363
1435	6	2.9828256544950578
1436	1	0.9133805823584664
1437	0	3.1246991525204257
1438	6	2.541063973296757
1439	5	2.656423412869773
1440	1	1.2266671079128249
1441	0	3.3595062641222313
1442	14	3.9789324087956026
1443	7	2.762868701327182
1444	6	6.427335883601048
1445	5	0.016373411534702065
1446	12	3.474360978525518
1447	15	0.001962708537782021
1448	7	0.9416017330013902
1449	14	4.047496872601071
1450	16	1.16822606125465
1451	4	2.1116404232917034
1452	13	0.9739854318418315
1453	5	0.7663734115347021
1454	5	1.0468543321230972
1455	5	1.6714920132825175
1456	10	3.124239611467127
1457	15	0.001962708537782021
1458	13	0.9739854318418315
1459	13	2.25330955298396
1460	15	0.001962708537782021
1461	5	0.7663734115347021
1462	13	2.218037248212931
1463	13	0.49540232326020917
1464	19	1.3138025982720647
1465	9	1.3500795675270885
1466	13	2.6296380553994188
1467	16	2.635067212156634
1468	3	2.9968313148118
1469	5	3.449660801393667
1470	6	3.2235317277778623
1471	14	4.417121781220424
1472	0	0.3580289455547896
1473	2	1.117976943651389
1474	1	3.8060947976723205
1475	5	0.9214920132825175
1476	5	0.7663734115347021
1477	5	0.26637341153470206
1478	14	4.770527549592321
1479	10	4.035365014422348
1480	6	4.7179160133066915
1481	13	1.897959183673469
1482	3	0.23423423423423406
1483	14	2.5919118859150494
1484	6	2.021348016738695
1485	13	2.8175365807023023
1486	14	2.0785714285714287
1487	5	6.353457309273344
1488	19	2.9370300668265448
1489	14	4.966166078219334
1490	1	2.2892909105080608
1491	7	3.586520947176685
1492	13	0.46938775510204067
1493	14	2.0785714285714287
1494	14	2.0785714285714287
1495	11	3.9692555300262202
1496	6	3.4343737081149017
1497	14	1.1183190626408295
1498	13	0.46938775510204067
1499	17	3.107930007446016
1500	13	2.445873711992961
1501	14	2.9479202212861058
1502	9	4.420044453281448
1503	9	4.7773684062913375
1504	14	0.4526821260480105
1505	10	0.12844036697247718
1506	13	0.9082179579886773
1507	18	0.36036036036036023
1508	14	3.1552202699261525
1509	14	4.70967775041051
1510	14	0.07857142857142874
1511	6	1.736963632354311
1512	9	2.4827004894538183
1513	1	3.2430509120287963
1514	11	3.8824810421943097
1515	10	0.10497237569060758
1516	7	0.44160173300139016
1517	19	1.8581506198922453
1518	6	4.1921911049288285
1519	19	0.8838808006989214
1520	9	0.4624277456647401
1521	6	1.03254859996433
1522	19	3.888654743272064
1523	14	1.6351752021563346
1524	7	3.9933920385065322
1525	3	0.23423423423423406
1526	18	0.0030525030525030417
1527	14	6.151220752649044
1528	4	1.129037997204219
1529	5	0.9214920132825175
1530	6	5.1687787404406045
1531	19	3.80362351549495
1532	19	2.308303631338221
1533	10	0.10497237569060758
1534	9	6.227022744470265
1535	17	1.5013184371980821
1536	10	1.646808510638298
1537	14	1.6050399817546905
1538	7	0.3354801662953353
1539	5	2.4735447262757377
1540	5	4.94150005267087
1541	14	0.0881838422391854
1542	19	0.8138025982720647
1543	15	0.001962708537782021
1544	19	0.8838808006989214
1545	6	3.2950322272650108
1546	5	1.766373411534702
1547	7	1.0639118020304568
1548	5	1.766373411534702
1549	5	1.266373411534702
1550	7	0.3354801662953353
1551	5	2.0321961963448287
1552	6	3.1218398566671546
1553	5	0.6812546307189247
1554	15	0.001962708537782021
1555	0	1.4913563985820901
1556	1	2.1786314525810324
1557	5	1.766373411534702
1558	9	6.367622936259693
1559	5	1.766373411534702
1560	14	1.6990350008844621
1561	5	1.766373411534702
1562	5	1.766373411534702
1563	5	1.766373411534702
1564	5	1.766373411534702
1565	5	1.766373411534702
1566	5	1.766373411534702
1567	5	1.766373411534702
1568	5	1.766373411534702
1569	5	1.766373411534702
1570	5	1.766373411534702
1571	5	1.766373411534702
1572	5	1.766373411534702
1573	19	1.8138025982720647
1574	5	1.766373411534702
1575	5	1.766373411534702
1576	5	1.766373411534702
1577	5	1.766373411534702
1578	5	0.7663734115347021
1579	5	1.766373411534702
1580	5	1.766373411534702
1581	5	1.766373411534702
1582	5	1.766373411534702
1583	5	1.766373411534702
1584	5	1.766373411534702
1585	5	0.26637341153470206
1586	5	1.766373411534702
1587	5	1.766373411534702
1588	5	0.7663734115347021
1589	14	2.450099206349207
1590	5	0.7663734115347021
1591	17	1.0938664722087177
1592	19	1.9096109815055975
1593	14	0.015267175572518887
1594	7	0.42738853503184693
1595	5	0.7663734115347021
1596	5	0.7663734115347021
1597	7	2.913257944073113
1598	9	6.843049810497332
1599	13	1.1458333333333335
1600	7	0.44160173300139016
1601	5	1.766373411534702
1602	14	0.7080918688230011
1603	0	0.8580289455547896
1604	7	0.078125
1605	17	1.4271998055420512
1606	5	0.7663734115347021
1607	16	2.4025610136974076
1608	12	4.650040538295398
1609	6	4.84674484213552
1610	6	3.84674484213552
1611	14	0.15148809523809526
1612	10	2.5187629817455375
1613	10	0.10497237569060758
1614	15	0.001962708537782021
1615	6	2.163109697936996
1616	13	0.46938775510204067
1617	17	2.7605331388753847
1618	0	2.8580289455547896
1619	0	0.1648351648351647
1620	5	1.4236403132120818
1621	0	2.8580289455547896
1622	19	1.3138025982720647
1623	13	0.997499474950911
1624	3	1.0441767068273093
1625	10	0.6468085106382979
1626	3	2.0441767068273093
1627	3	0.04417670682730934
1628	17	2.9105331388753846
1629	3	1.5954098569969357
1630	15	0.001962708537782021
1631	13	1.997499474950911
1632	15	0.001962708537782021
1633	15	0.001962708537782021
1634	5	0.7663734115347021
1635	15	0.001962708537782021
1636	13	0.9739854318418315
1637	15	0.001962708537782021
1638	15	0.001962708537782021
1639	3	2.6136666296706696
1640	15	0.001962708537782021
1641	15	0.001962708537782021
1642	13	2.443373186943872
1643	7	1.2749350663347236
1644	5	1.266373411534702
1645	13	0.9739854318418315
1646	13	0.4739854318418315
1647	15	0.001962708537782021
1648	5	0.7663734115347021
1649	15	0.001962708537782021
1650	13	0.9739854318418315
1651	13	0.9739854318418315
1652	1	2.1786314525810324
1653	7	0.9273885350318469
1654	6	2.3220338983050848
1655	5	0.7663734115347021
1656	17	1.7605331388753847
1657	15	0.001962708537782021
1658	19	0.3838808006989214
1659	0	2.8580289455547896
1660	0	1.8580289455547896
1661	12	2.1538461538461537
1662	5	0.26637341153470206
1663	5	0.7663734115347021
1664	17	0.8670168067226891
1665	5	0.7663734115347021
1666	5	0.7663734115347021
1667	15	0.001962708537782021
1668	15	0.001962708537782021
1669	5	0.7663734115347021
1670	15	0.001962708537782021
1671	5	1.766373411534702
1672	5	0.7663734115347021
1673	0	0.8580289455547896
1674	18	0.0030525030525030417
1675	14	0.15625
1676	14	1.15625
1677	3	0.04417670682730934
1678	3	2.0441767068273093
1679	3	0.04417670682730934
1680	3	1.0441767068273093
1681	15	0.001962708537782021
1682	5	0.20717131474103567
