1	1	481.1718337925416
2	1	85.78920416584069
3	94	120.9627900311319
4	298	33.36832801222195
5	5	345.857475737692
6	229	262.6620819402852
7	18	584.2060659570437
8	361	102.3432643570876
9	171	36.375737055078076
10	162	209.09827151921095
11	9	195.81588618329994
12	245	78.7568524900046
13	393	1348.7635737460246
14	304	166.47949693765642
15	214	232.8210137847896
16	310	269.48748009235464
17	321	42.04584018317945
18	38	281.6423403950248
19	129	16.524054605569972
20	129	66.27863205167088
21	44	405.55507534006097
22	76	277.4770150820218
23	205	170.94864896316807
24	15	106.27536859001543
25	310	52.41571019117814
26	212	155.60926709737842
27	27	21.76162576422636
28	153	85.94978701044893
29	15	34.138021839074234
30	191	44.08189152969006
31	344	48.64813697576342
32	37	33.14783678707331
33	236	8.849756135342153
34	130	47.181976973567444
35	104	23.186236178867244
36	79	34.911011521917445
37	165	70.8521050892885
38	165	358.30408143407647
39	305	29.137394272516758
40	81	34.14055713053847
41	340	43.820198611620626
42	386	240.43440287640985
43	375	259.84969402004583
44	100	192.2395770352259
45	105	70.38910252196456
46	124	44.933473314705125
47	359	29.294210667055914
48	233	73.8883893272371
49	219	530.8249144972845
50	384	39.49195269059563
51	124	33.77379026539255
52	251	49.29808115659373
53	156	28.02410449313599
54	105	139.57387575953624
55	32	45.81815200099172
56	188	186.17440614395986
57	116	114.51075691553602
58	79	262.13130489130685
59	165	677.4254948073517
60	191	193.39341051779766
61	384	40.94733876835924
62	342	308.365244350164
63	123	99.90252151006014
64	383	229.18031259309595
65	220	81.88145632199533
66	95	39.98659413936712
67	204	25.069688565032237
68	74	99.58477272153648
69	199	90.54153482536262
70	155	90.92841208858398
71	32	49.35276679364942
72	323	186.52340867830515
73	186	100.47334475452837
74	44	25.14017580452433
75	288	150.40124764930783
76	69	124.44698207046542
77	175	110.1825594202369
78	64	36.82740662254944
79	135	82.37044440311264
80	131	32.68039501452786
81	372	88.29893950661216
82	1	259.20867400751933
83	285	203.50425376240284
84	44	62.52460054091767
85	212	218.17351437128943
86	311	32.88285589464971
87	62	234.87459609911608
88	64	37.24642438909787
89	191	141.12582964902026
90	206	438.276200741581
91	219	121.6420103299687
92	133	386.413630518864
93	372	34.5777374118025
94	347	451.2299971044444
95	161	373.6830012371127
96	117	125.99475993747524
97	202	114.42635757838354
98	275	53.677610193527016
99	338	161.28674410549132
100	147	78.42834820189017
101	248	86.3291754182943
102	213	284.37021203443055
103	326	29.695741528732686
104	30	214.02393378754917
105	384	25.189881478272504
106	109	71.57982946902624
107	106	38.522807702825745
108	237	35.94872379168047
109	106	333.8730324462969
110	280	131.46309881198067
111	24	29.303658820739415
112	114	69.17991431150365
113	355	75.31437315502565
114	385	52.438602674318936
115	4	152.67676015035727
116	154	176.6618307130942
117	381	122.20210879581563
118	192	123.64753484627799
119	218	228.64321527971657
120	168	30.71221830828937
121	78	129.16277240413382
122	24	88.44140036459814
123	50	79.7677418935998
124	24	29.83180382240827
125	346	304.94830961669606
126	150	64.48530526714734
127	205	66.60532498127523
128	386	234.42220660482675
129	381	60.58706458640366
130	351	451.98834731360665
131	179	56.05436148950464
132	303	13.06946843483316
133	167	31.95412549544193
134	71	25.81498759981214
135	25	46.45231731502063
136	342	57.06002395348631
137	30	94.43492866449333
138	190	65.18416856552733
139	75	26.53125994226087
140	262	14.036323130717763
141	85	210.78973012902057
142	228	51.53355812941513
143	172	18.04647545161497
144	120	202.88265796075126
145	139	577.4967486174671
146	263	44.60687293921258
147	240	23.408224667535617
148	172	117.75149924503481
149	104	48.57592604286305
150	154	38.730907044455755
151	398	427.5825791638894
152	26	229.18557878373096
153	173	42.00814908744309
154	34	64.74655308003915
155	13	33.43103893804728
156	271	25.096250235307735
157	108	90.78012417071173
158	242	191.35402991829778
159	107	193.49395260394348
160	375	149.99206111370114
161	43	113.18256313567281
162	369	22.135837747672856
163	166	17.26086647698215
164	32	80.08635933748604
165	93	38.43228723604641
166	358	40.23924570469471
167	219	148.54526883646585
168	171	134.1274755305465
169	179	55.599694659808236
170	48	21.33106317850332
171	137	20.080433091689727
172	310	24.63236940322566
173	261	69.71699212895412
174	389	482.75323561810643
175	389	67.92854352222517
176	57	84.19013468634611
177	315	130.0066684792404
178	293	271.39216301298165
179	164	117.66322701713138
180	64	132.70977336192936
181	173	1923.0279479971168
182	394	26.910933862198455
183	230	59.790914546904446
184	312	185.58221020485485
185	292	32.89595198165754
186	339	139.16681513294938
187	121	86.00216329759242
188	351	124.85936682742113
189	8	273.0991739578325
190	367	57.931170585773664
191	218	14.974241474242094
192	295	43.49542744197449
193	240	181.91984184649226
194	19	415.01055578322746
195	299	100.27209669182068
196	215	45.745835513330604
197	368	198.948805266308
198	69	189.0541204624117
199	72	120.5816026151544
200	60	253.1670389909969
201	173	512.211758659449
202	155	46.36800028861582
203	344	44.70309279253277
204	342	74.42651482750385
205	282	32.8883372871889
206	116	195.5965886231557
207	207	194.29273849826615
208	81	50.01552750048506
209	130	45.46555581100538
210	329	157.42634312023023
211	187	55.1977551752995
212	107	52.90560152480627
213	206	160.95464253390014
214	282	119.39359227758597
215	48	90.47098900375993
216	366	153.65572982788964
217	318	171.1854054695344
218	330	41.969235995066114
219	83	79.74417973212233
220	219	19.718868402706924
221	235	127.58329663239473
222	31	591.9171053211063
223	362	209.0105692624229
224	399	215.19223116591766
225	78	47.63309683804533
226	352	45.74856897513495
227	21	78.46618124509659
228	268	53.49095745768019
229	179	90.25405812228308
230	231	179.10466380284922
231	399	15.1089448608523
232	370	97.48288197140538
233	366	157.61081558008013
234	18	539.4016518666291
235	265	153.5119291895987
236	216	176.62029806678754
237	309	68.85711505141609
238	337	18.779693058620488
239	368	350.1084162159901
240	330	48.28248955512038
241	46	21.91677470214769
242	323	32.679556833188364
243	266	65.48384763681534
244	397	288.35992964683095
245	66	27.599214722350837
246	43	391.04846956854624
247	156	32.000882128051536
248	340	90.35732931985703
249	274	201.50934844354651
250	94	165.77034002526176
251	16	82.01402210760509
252	281	37.5393567620805
253	66	120.07726878694329
254	245	178.59722732679884
255	307	221.9102844131553
256	53	283.14823638630287
257	296	79.11161888929547
258	12	43.76484239838486
259	165	50.628182935366894
260	165	58.82738161847241
261	136	35.77918054166189
262	72	147.82714028243748
263	235	176.17563295430097
264	252	145.2784828158571
265	86	59.363778396288886
266	161	30.520909806479597
267	349	226.83724119839914
268	3	506.2659588589732
269	179	751.7237342775652
270	135	304.07445160775285
271	242	286.5840500303145
272	101	136.7582658332805
273	242	11.349843671953105
274	78	91.19833594688396
275	212	79.4669315343619
276	150	583.689829013028
277	135	41.07384710355782
278	1	37.73153299440978
279	128	676.5490200501685
280	78	271.7581399892644
281	167	47.61665674979807
282	175	21.744325326644553
283	376	59.27996372575303
284	341	35.293157669549636
285	361	33.42672400663523
286	5	511.09803741403664
287	106	124.1036185022693
288	19	118.60827598873776
289	322	43.00656725925813
290	292	155.60757268532527
291	242	319.61676882117894
292	219	139.1062723658942
293	339	548.2801828575132
294	124	160.91440787800641
295	305	391.3683205342529
296	288	275.4935608208776
297	95	235.96013993304592
298	62	147.10849080656965
299	128	255.1479919970754
300	74	22.397897262042918
301	397	263.9424014387398
302	367	45.32896023402324
303	121	757.8978507597292
304	379	29.80939883150938
305	45	290.65419828000614
306	327	37.63834778010529
307	52	118.1992154464547
308	163	289.316457535814
309	73	22.190459953709013
310	85	58.14858460099076
311	189	313.00982585533484
312	107	517.5399210074395
313	311	286.2137187279473
314	225	370.49724553211723
315	1	138.28764124754022
316	167	162.7121731904005
317	311	16.920228770204734
318	285	247.59421299686926
319	81	13.805681989438598
320	124	124.92994847216245
321	46	99.61827600698504
322	83	73.82631155151175
323	186	82.96067466817696
324	224	99.7989273512748
325	155	177.58136578852069
326	334	297.716032717647
327	211	285.2296253334007
328	25	299.0903309699426
329	119	54.98502217497801
330	279	268.3458688253161
331	246	85.43182544721938
332	301	320.6453451542143
333	93	29.600680372976406
334	184	328.47893994267804
335	66	34.49112152416491
336	228	262.6462721810048
337	102	73.05521117255716
338	370	82.98168342290272
339	297	317.5768096161876
340	316	84.34945255275768
341	303	35.52174054187288
342	334	365.3824780153653
343	231	331.7816351793544
344	239	200.64463759274597
345	390	225.0759514311602
346	92	289.54635586060164
347	296	348.5949184467505
348	147	33.09066747721378
349	347	57.718192029634835
350	182	79.35669305821251
351	89	71.51671785673328
352	389	70.82540189978235
353	137	41.1623602202916
354	296	200.02457390935953
355	21	26.35410899095116
356	115	37.014374542137624
357	138	89.31427698964167
358	218	60.8286624169987
359	285	32.70895276221425
360	273	125.12144455481763
361	352	128.51453672324575
362	343	58.43565137720075
363	171	570.7817488757877
364	134	22.321084444312067
365	144	84.40233926341375
366	36	81.7007478491123
367	151	55.87023009142855
368	170	55.56294614160709
369	270	28.913516705356564
370	139	77.93076676013082
371	121	78.3895570731385
372	180	96.65204012962401
373	159	243.6216276332138
374	17	490.75850938356774
375	233	22.831072070970972
376	305	24.451227514215283
377	8	40.15096030112647
378	159	281.75554971320287
379	115	336.65992757207744
380	208	173.75022455387608
381	243	169.83623169407068
382	35	68.37547566673109
383	35	145.79636571769078
384	255	15.158421610728947
385	307	452.6812746413341
386	208	17.808510205238214
387	91	473.77840520396995
388	12	53.35234303747392
389	168	322.76749144969887
390	123	49.8804489591588
391	193	156.94274207664077
392	134	186.30298598308298
393	153	319.568576451788
394	328	149.00478068884817
395	8	83.64607072043293
396	379	41.47730061269852
397	318	206.0031690667383
398	334	184.99086005709628
399	219	332.6993791106975
400	1	14.02515827931932
401	72	235.94721926277109
402	94	79.17129659893084
403	130	76.35312188132143
404	6	57.344153990700335
405	179	3383.2535093651823
406	185	492.40092516643995
407	120	175.02955799456794
408	188	31.996564998832092
409	221	287.14736996384374
410	377	37.09702066201566
411	8	42.786568373659875
412	162	42.09206620728552
413	255	52.89169790259201
414	283	38.690292142942376
415	383	43.73942202250663
416	105	1088.9394956910494
417	316	357.610537192464
418	280	44.018135877499304
419	110	59.27309870041382
420	296	54.32590351324128
421	22	89.1017667369888
422	399	91.17506534939567
423	166	54.52269938458123
424	192	79.24999250346042
425	395	285.4208399116042
426	291	83.09815383619869
427	301	76.872354419683
428	395	55.11133590408452
429	207	356.7021562043627
430	67	66.77148982171884
431	56	8.108618409400707
432	283	79.53747120648639
433	184	82.824127008202
434	95	92.60582068835757
435	7	477.690085436027
436	351	141.7422325749495
437	33	410.44873341092995
438	201	45.76628667886744
439	119	36.96677613999743
440	183	115.33014852008448
441	133	14.5365415276206
442	137	135.91858865214311
443	319	54.73873043221426
444	207	32.881990096780015
445	363	488.2365490168204
446	103	40.74880887362405
447	171	142.70712531954382
448	78	81.74123132063114
449	0	121.30935917153296
450	105	965.7886540373096
451	226	244.1707795383843
452	299	344.2950577245429
453	180	180.80711644386645
454	204	282.37324501729813
455	178	122.73190792585693
456	45	184.43101464928935
457	69	396.8158595309942
458	279	249.002765211512
459	21	135.8007890595095
460	59	63.140201025205855
461	312	40.19433703239759
462	201	68.45331400818678
463	116	235.3780170197061
464	109	95.07084552197874
465	389	52.58379448077696
466	80	129.24073574237016
467	319	53.585037667269624
468	308	166.7656746796167
469	126	74.36949470088815
470	314	46.30221900150314
471	108	70.37176370097414
472	30	420.50522531686465
473	374	40.69605921639981
474	253	306.496505065872
475	101	47.37728770589979
476	210	92.59314830533559
477	280	58.71919558538341
478	14	187.0071734458494
479	278	287.99603595303876
480	274	56.844909123720235
481	340	72.65176801982332
482	161	15.917257800684549
483	303	67.40413990672361
484	260	195.3329953274973
485	273	33.6289049450207
486	26	197.81281419863296
487	388	344.69845652148945
488	43	134.23378828589225
489	107	164.32035712032328
490	270	109.38904865650004
491	273	63.198795482973026
492	374	66.13100746739178
493	110	224.59359541236083
494	359	69.15679418784907
495	201	339.84131167532877
496	236	257.901876078146
497	205	239.2741150874837
498	70	138.1636979113297
499	56	132.51935554651558
500	111	245.991311923625
501	81	43.22004270725461
502	14	51.16205741361957
503	198	310.4399523884426
504	26	193.65873266992202
505	323	117.5633623542324
506	397	333.25275238813117
507	164	138.85143119194575
508	148	96.53573872785975
509	111	71.32335858710559
510	233	47.12938021740208
511	243	28.81918232059397
512	36	37.72102709055808
513	222	27.504050672693893
514	323	212.24904012549308
515	162	38.861096977514734
516	294	22.050055474931526
517	291	58.847913670148294
518	264	94.39790611715628
519	285	150.64239268135748
520	188	38.36793951246278
521	79	150.79200828291684
522	31	48.57036299586203
523	372	99.23649063562792
524	95	364.2472632424868
525	369	50.977139865029585
526	204	109.10545109699082
527	175	164.87667655767973
528	399	70.89375601969671
529	135	39.93596757964063
530	69	48.15801968016142
531	372	90.22733485449737
532	280	403.4031884284621
533	105	354.5973021830987
534	184	97.20200062480528
535	179	226.9262314044515
536	108	239.13084742198873
537	240	816.3408906791723
538	285	82.97399478649463
539	127	59.436287966491435
540	396	31.950699886086394
541	62	180.9586969819181
542	93	105.355675721616
543	252	135.31621129834681
544	308	43.42169408028795
545	297	122.45633789563094
546	312	86.98388494055565
547	179	19.372429479426767
548	168	263.260261263778
549	303	24.539061383970118
550	392	57.98402265730279
551	229	638.8846969582615
552	62	41.730518261483645
553	102	190.9407778796361
554	56	79.95071795109196
555	113	67.09820015655156
556	338	91.41555136325357
557	231	69.80737684423292
558	255	21.433230327552735
559	34	109.07196373044407
560	201	94.05021129759183
561	202	474.1619871067918
562	356	173.69562832371258
563	242	37.340001044560005
564	112	15.509786879691214
565	77	66.68178164569342
566	67	183.72545291534004
567	391	193.53178414950892
568	164	121.78754176496543
569	238	65.14594575292105
570	52	56.66430535075783
571	321	13.99256094846237
572	286	26.570175144949367
573	259	24.57984089112038
574	70	72.65906142400095
575	118	48.31742952401265
576	316	27.254522223679697
577	13	171.46809200542984
578	13	44.439504493293235
579	335	66.04441053671027
580	19	65.77419570802672
581	242	35.98246559433795
582	359	91.67763906598535
583	150	37.99726648005035
584	245	20.75928026771394
585	40	84.90096093356216
586	287	143.06144789012154
587	339	148.0758640311862
588	164	347.0944232345996
589	147	91.1991027832982
590	341	72.79853497318334
591	272	57.559142149881815
592	266	740.2627853461374
593	369	195.50605163253684
594	76	14.695813141704638
595	301	112.44084775455629
596	384	19.87453147260527
597	248	64.35116603004525
598	135	25.40799348308453
599	93	69.4199299600637
600	308	95.74589262739956
601	286	285.8962971060283
602	16	21.74599890138987
603	180	70.41026798169601
604	230	48.45113076533735
605	322	140.05742499097025
606	367	238.0453232290436
607	133	28.55040012805605
608	381	289.41768872702755
609	56	121.69148523814644
610	332	96.47554083550159
611	384	66.97636304261734
612	97	25.268281370684143
613	32	41.271591421715904
614	130	53.10557664703345
615	350	143.7115762548406
616	204	26.863256209024957
617	203	300.36166270637483
618	374	237.93048044814603
619	99	157.77565240363165
620	158	122.57122443101898
621	201	192.72615209116907
622	143	299.1800652735064
623	142	57.984215557771364
624	210	84.72672822180053
625	210	68.57748037387815
626	6	111.01580968484913
627	258	259.0581018812963
628	375	59.17208994952254
629	37	195.09334671943589
630	0	133.11484044989757
631	111	19.985827959928503
632	141	141.44168148241184
633	380	47.134643296451316
634	396	140.7915031940648
635	71	45.013836676998544
636	236	33.94059781352335
637	77	233.38423140033447
638	48	71.87917207783134
639	180	233.84802733153393
640	47	145.4298469868268
641	47	47.03531918304151
642	72	449.3143611072371
643	175	192.95892115768075
644	348	31.28820174858542
645	109	196.83432900253027
646	314	30.15290229880426
647	61	43.95315635964016
648	201	518.619264970355
649	219	21.880571189812404
650	38	236.85481818533714
651	285	44.00841994167955
652	204	29.897385199956062
653	314	547.1118576159482
654	384	194.38124470682848
655	13	582.6714631212759
656	55	41.959506611540455
657	273	44.53903631250942
658	264	53.94485321526805
659	264	192.8378417189044
660	179	430.2273490766514
661	197	124.84465684633749
662	111	37.79988572920951
663	314	140.582996640158
664	368	165.30043821744385
665	346	108.60068806635951
666	88	177.2261911687613
667	43	60.62729414685264
668	12	58.56550509402485
669	340	140.73017782791396
670	52	49.10603338241997
671	393	175.54979347803481
672	304	35.547101042769455
673	280	41.539387567849786
674	75	47.556635121971965
675	168	57.76130258526899
676	91	161.902996496431
677	62	93.48268320243206
678	293	30.31257869664964
679	160	59.36584876078652
680	133	42.95215894710215
681	229	50.81967668510741
682	77	462.46962931321974
683	92	93.79777382259708
684	336	84.05477410524088
685	120	47.77984779806022
686	397	152.4817203664924
687	339	17.402709442088035
688	389	59.34709906640255
689	31	61.05395614599499
690	31	135.52433681649356
691	299	59.55427247134942
692	281	31.85279827831254
693	344	155.59732588230722
694	145	228.91762418920388
695	38	70.46632710874115
696	23	61.43920051359149
697	351	184.29865912357445
698	5	181.56836665768407
699	287	104.29296260457019
700	173	19.829338439008122
701	347	41.4331016880643
702	194	91.78220159233544
703	215	49.309781792523516
704	3	113.63681731517225
705	88	177.55245747816014
706	287	37.414988218781296
707	310	274.44577860072263
708	174	183.6404044393421
709	318	137.4102205325846
710	57	73.36763438110464
711	271	271.4924648129488
712	106	212.0416669246037
713	276	26.079618118821013
714	291	46.71516588311642
715	236	194.2981274478794
716	61	401.62999682214655
717	276	137.34073313941136
718	276	45.6222900957232
719	144	110.02335240295501
720	70	28.172988303163038
721	327	182.54601902257826
722	19	34.85490445692504
723	364	22.831122949255203
724	0	281.8977156562756
725	158	27.536457505299712
726	217	41.36350455241123
727	347	412.89791632969826
728	328	20.087123231190564
729	194	34.898752834445055
730	327	60.400423792970706
731	88	166.90064575887067
732	130	39.49743856898841
733	29	141.43211663523286
734	173	68.45589857730884
735	84	57.065796000133375
736	268	52.70503043627957
737	363	47.115894704679306
738	217	111.468693666298
739	189	81.9233007786503
740	288	23.951552324595802
741	284	122.56176250770386
742	353	37.45283565971991
743	100	53.84993776754883
744	323	25.942373245169076
745	303	109.49766817142721
746	262	68.51150375628684
747	333	511.97132568106775
748	35	89.06519091937504
749	14	306.4516696441248
750	321	38.738960564955114
751	27	203.58180765443754
752	61	119.78601631057457
753	14	85.33748505352922
754	385	33.56131326019467
755	375	70.54087340675147
756	350	119.99136437176783
757	350	104.30527186930527
758	162	475.11538153768305
759	128	40.44095205273848
760	250	70.71871606050615
761	38	161.62081798561977
762	395	63.37965366698749
763	233	126.46532913123039
764	65	130.8808715837182
765	335	49.361587193475685
766	248	159.78692446311672
767	248	27.749702281263772
768	89	96.54987714321045
769	54	34.05498401680699
770	151	95.39476845433374
771	244	138.29478725874426
772	166	36.95628671561991
773	266	238.88276955554875
774	323	723.762892591643
775	70	15.080803672784963
776	381	146.66421634306013
777	355	70.40523372029338
778	34	111.53429767077324
779	322	29.567325728594273
780	380	71.52292254443398
781	316	83.09641456115786
782	76	292.2125055949145
783	320	34.21618235606815
784	272	19.311156749830246
785	354	23.93290707788511
786	31	126.41145842126797
787	251	91.65140789848363
788	371	238.15455455582716
789	189	44.86749813908701
790	104	243.43972371574256
791	134	31.716222320210615
792	8	39.458007983773015
793	364	32.50529742460825
794	374	49.63633428548986
795	15	151.99564784763066
796	105	603.6726270999261
797	201	47.43662247018192
798	97	233.8042242983355
799	225	31.20125882236665
800	135	12.217396559198296
801	87	41.586103405741696
802	373	73.71210273899608
803	74	70.89306856970018
804	271	241.9776754314496
805	162	418.92530534345104
806	144	144.5193197231213
807	357	200.32983530393642
808	237	41.007343052547306
809	214	33.05027131270263
810	345	61.276841002789176
811	244	25.86259965411545
812	368	24.847191925360526
813	29	54.53155012032926
814	373	28.24772071467301
815	206	239.51781178204658
816	197	27.182344612922076
817	328	29.428996091683157
818	282	34.008783704686614
819	164	42.96254316302823
820	293	43.389428042380594
821	141	109.70816849547464
822	193	27.52205478278701
823	76	225.08801946609074
824	20	27.384278423545624
825	314	173.56212253186655
826	184	110.08784916315204
827	126	17.407456769967855
828	338	161.1328625059857
829	17	49.84352159801957
830	386	154.76876513692926
831	135	99.36941808425097
832	155	20.5278775273127
833	63	496.3884740942738
834	198	63.580127117314255
835	39	152.44925370921246
836	265	106.28328580202091
837	119	82.62860545293499
838	174	94.20317939863963
839	28	86.8416074560307
840	174	247.53365126835328
841	84	39.09159800571358
842	301	49.46268857171431
843	23	204.53245963972194
844	230	70.14002491982109
845	280	47.147230754530746
846	81	531.8877491738576
847	11	236.7827985175234
848	237	278.053135540184
849	376	43.29982339616778
850	180	121.23760829217498
851	270	259.89430504452946
852	110	37.25599219362265
853	190	63.951877151389546
854	253	277.2619446028944
855	294	12.165717939572618
856	8	40.08778871631589
857	244	43.592442076715855
858	355	26.743137345894343
859	366	42.5512134894429
860	56	70.8653122006544
861	175	61.56686464606246
862	368	228.9075082866599
863	205	226.8079470077539
864	378	275.2290372611002
865	70	250.58835345368345
866	205	25.423453000966934
867	21	206.0533633796129
868	200	463.0867421036231
869	117	87.8200144113154
870	304	284.7336314654068
871	57	97.62875613193533
872	1	54.46320233709193
873	99	33.599657064100484
874	328	25.385683818680373
875	7	107.65789707896253
876	169	25.72193275848463
877	165	101.93977838950839
878	239	186.55528407130146
879	347	29.713933943168843
880	213	356.50792007069833
881	227	372.1124340736558
882	386	194.8800252654001
883	180	323.350119620907
884	199	75.30781755331506
885	239	106.43907573886857
886	88	320.6594670487175
887	101	457.8027552329488
888	97	18.98740289843939
889	19	280.4333252296591
890	291	171.66941318061797
891	140	63.52063472279228
892	374	248.52046801298548
893	390	50.48262592152785
894	12	143.77158482130324
895	156	19.50587320719899
896	42	534.2210328284864
897	62	255.90237518192438
898	293	33.65940874075824
899	221	160.48431407767146
900	64	85.37403982176889
901	199	181.67540953178602
902	87	62.6505328943078
903	65	202.19602034839363
904	223	48.345164967246205
905	19	30.47602398972833
906	283	30.140608219446506
907	286	253.91910698035832
908	185	56.390147429764184
909	244	32.31506043994096
910	391	92.78417978406631
911	59	105.21803436243142
912	248	47.611482395762856
913	248	167.58809583701094
914	53	40.201427916334396
915	150	27.335753806773226
916	253	279.231470366058
917	70	49.90045582997905
918	387	127.49561610702041
919	126	222.41730842380161
920	294	19.3036297025319
921	214	156.32966968244955
922	267	122.3226486280393
923	42	85.40368812595189
924	183	78.66144310488167
925	329	28.143601433901434
926	209	21.14213008628491
927	221	168.40200566753384
928	139	65.64584010638436
929	354	53.808485631055575
930	149	92.04341819740647
931	347	58.882695001881004
932	57	326.82587379441713
933	177	369.5943461308089
934	59	175.0245776363529
935	240	39.47005597879893
936	163	172.16603974248645
937	73	68.28869550095474
938	167	181.1957464006241
939	265	123.65387475809354
940	311	111.86807487354127
941	359	27.49077564932265
942	14	105.98018104329098
943	199	277.6426564331253
